0 !COLOUR LPub3D_Black CODE 1100 VALUE #1B2A34 EDGE #FF7137C8 ALPHA 255
0 !COLOUR LPub3D_Light_Bluish_Grey CODE 11071 VALUE #969696 EDGE #FF7137C8 ALPHA 255
0 !COLOUR LPub3D_Dark_Bluish_Grey CODE 11072 VALUE #646464 EDGE #FF7137C8 ALPHA 255
0 !LEOCAD PIECE PIVOT 0 2 -20 1 0 0 0 1 0 0 0 1
0 !SILHOUETTE 1 #FF7137C8
1 11072 0 20.3205 28.268 -1 0 0 0 -0.5 0.866025 0 0.866025 0.5 2540.dat
1 11072 0 24.3205 21.3398 1 0 0 0 -0.5 -0.866025 0 0.866025 -0.5 99563.dat
1 11071 -16 2 20 1 0 0 0 0 -1 0 1 0 93609.dat
1 11071 16 2 20 1 0 0 0 0 -1 0 1 0 93609.dat
0 !LEOCAD PIECE PIVOT 0 2 -20 1 0 0 0 1 0 0 0 1
1 1100 0 -13.2359 6.8901 1 0 0 0 -0.573576 -0.819152 0 0.819152 -0.573576 03-head-highlight.ldr
0 !SILHOUETTE
