1 0 -10 -8 0 0 0 1 0 1 0 -1 0 0 92280.dat
1 0 10 -8 0 0 0 1 0 1 0 -1 0 0 92280.dat
1 0 0 -16 10 -1 0 0 0 1 0 0 0 -1 99781.dat
1 0 0 -40 10 -1 0 0 0 1 0 0 0 -1 3937.dat
0 !LEOCAD PIECE PIVOT  0 10 0 1 0 0 0 1 0 0 0 1
1 71 0 -40 10 1 0 0 0 1 0 0 0 1 6134.dat
1 71 0 -56 30 -1 0 0 0 1 0 0 0 -1 99206.dat
1 0 -20 14 0 0 1 0 0 0 1 1 0 0 99781.dat
1 72 -12 14 0 0 1 0 0 0 1 1 0 0 3023.dat
1 72 -4 14 0 0 1 0 0 0 1 1 0 0 22890.dat
1 0 20 14 0 0 -1 0 0 0 1 -1 0 0 99781.dat
1 72 12 14 0 0 -1 0 0 0 1 -1 0 0 3023.dat
1 72 -28 14 0 0 1 0 0 0 1 1 0 0 3023.dat
1 72 28 14 0 0 -1 0 0 0 1 -1 0 0 3023.dat
1 72 -36 4 0 0 1 0 0 0 1 1 0 0 3020.dat
1 72 36 4 0 0 -1 0 0 0 1 -1 0 0 3020.dat
1 71 -44 14 20 0 1 0 0 0 1 1 0 0 3710.dat
1 71 44 14 20 0 -1 0 0 0 1 -1 0 0 3710.dat
1 272 28 14 -40 0 -1 0 1 0 0 0 0 1 11477.dat
1 272 -28 14 -40 0 1 0 -1 0 0 0 0 1 11477.dat
1 72 -28 -6 -60 0 1 0 0 0 -1 -1 0 0 43723.dat
1 72 28 -6 -60 0 -1 0 0 0 -1 1 0 0 43722.dat
1 15 -36 -16 -60 0 1 0 0 0 -1 -1 0 0 24299.dat
1 15 36 -16 -60 0 -1 0 0 0 -1 1 0 0 24307.dat
1 15 -36 4 60 0 1 0 0 0 -1 -1 0 0 24307.dat
1 72 -28 4 60 0 1 0 0 0 -1 -1 0 0 24307.dat
1 15 36 4 60 0 -1 0 0 0 -1 1 0 0 24299.dat
1 72 28 4 60 0 -1 0 0 0 -1 1 0 0 24299.dat
1 71 -36 -26 0 0 1 0 0 0 1 1 0 0 3710.dat
1 71 36 -26 0 0 -1 0 0 0 1 -1 0 0 3710.dat
1 15 -44 -16 -30 0 1 0 0 0 1 1 0 0 26603.dat
1 15 44 -16 -30 0 -1 0 0 0 1 -1 0 0 26603.dat
1 15 -44 -6 10 0 1 0 -1 0 0 0 0 1 14719.dat
1 15 44 -6 10 0 -1 0 0 0 -1 1 0 0 14719.dat
1 15 -44 -26 50 0 1 0 1 0 0 0 0 -1 27263.dat
1 15 44 -26 50 0 -1 0 0 0 1 -1 0 0 27263.dat
1 0 -52 14 0 0 1 0 0 0 -1 -1 0 0 99563.dat
1 0 -52 14 40 0 1 0 0 0 -1 -1 0 0 99563.dat
1 0 52 14 0 0 -1 0 0 0 -1 1 0 0 99563.dat
1 0 52 14 40 0 -1 0 0 0 -1 1 0 0 99563.dat
1 1 0 -56 -20 0 0 1 0 1 0 -1 0 0 87079.dat
1 1 0 -48 -20 0 0 1 0 1 0 -1 0 0 11203.dat
1 1 0 -48 -60 0 0 1 0 1 0 -1 0 0 11203.dat
1 1 0 -40 -80 1 0 0 0 1 0 0 0 1 15068.dat
1 0 10 -40 -90 1 0 0 0 1 0 0 0 1 3024.dat
1 0 -10 -40 -90 1 0 0 0 1 0 0 0 1 3024.dat
1 1 0 -64 10 1 0 0 0 1 0 0 0 1 22385.dat
1 72 0 -50 48 1 0 0 0 0 1 0 -1 0 22890.dat
1 72 0 -50 72 1 0 0 0 0 1 0 -1 0 3937.dat
0 !LEOCAD PIECE PIVOT  0 10 0 1 0 0 0 1 0 0 0 1
1 71 0 -52.5882 71.6593 1 0 0 0 0.258819 0.965926 0 -0.965926 0.258819 6134.dat
1 0 10 -44.9995 81.9749 0 0 -1 0.965926 0.258819 0 0.258819 -0.965926 0 99781.dat
1 0 -10 -44.9995 81.9749 0 0 1 -0.965926 0.258819 0 -0.258819 -0.965926 0 99781.dat
1 0 0 -47.07 89.7023 1 0 0 0 0.258819 0.965926 0 -0.965926 0.258819 87580.dat
1 72 0 -47.07 89.7023 1 0 0 0 -0.258819 -0.965926 0 0.965926 -0.258819 15535.dat
1 0 10 -58.7998 94.8415 1 0 0 0 -0.258819 -0.965926 0 0.965926 -0.258819 4073.dat
1 0 -10 -58.7998 94.8415 1 0 0 0 -0.258819 -0.965926 0 0.965926 -0.258819 4073.dat
1 0 -10 -39.4813 100.0179 1 0 0 0 -0.258819 -0.965926 0 0.965926 -0.258819 4073.dat
1 0 10 -39.4813 100.0179 1 0 0 0 -0.258819 -0.965926 0 0.965926 -0.258819 4073.dat
0 !LEOCAD PIECE PIVOT  0 4 20 1 0 0 0 1 0 0 0 1
1 0 0 19.7279 49.5753 1 0 0 0 -0.996195 -0.087156 0 0.087156 -0.996195 24-02-hand.ldr
0 !LEOCAD PIECE PIVOT  0 4 -30 1 0 0 0 1 0 0 0 1
1 0 41.6283 -69.7583 63.7583 0 -0.965926 0.258819 0.707107 -0.183013 -0.683013 0.707107 0.183013 0.683013 25-02-tail-fin.ldr
