0 !COLOUR LPub3D_Black CODE 1000 VALUE #1B2A34 EDGE #2B435480 ALPHA 128
0 !COLOUR LPub3D_Dark_Bluish_Grey CODE 10072 VALUE #646464 EDGE #49494980 ALPHA 128
0 !COLOUR LPub3D_Light_Bluish_Grey CODE 10071 VALUE #969696 EDGE #7C7C7C80 ALPHA 128
0 !FADE 50
1 10071 0 0 0 -1 0 0 0 1 0 0 0 -1 14704.dat
1 10072 0 8 -10 1 0 0 0 1 0 0 0 1 15068.dat
1 10071 0 8 -20 -1 0 0 0 1 0 0 0 -1 99781.dat
1 1000 0 16 -20 1 0 0 0 1 0 0 0 1 48336.dat
1 1000 10 18 2 -1 0 0 0 0 -1 0 -1 0 26047.dat
1 1000 10 18 10 1 0 0 0 0 1 0 -1 0 24246.dat
1 1000 -10 18 -6 -1 0 0 0 0 -1 0 -1 0 54200.dat
1 1000 10 38 0 0 0 1 -0.939693 -0.34202 0 0.34202 -0.939693 0 48729b.dat
1 1000 10 18 -40 0 0 1 0.422618 0.906308 0 -0.906308 0.422618 0 48729b.dat
1 1000 -2 18 -40 0 0 -1 -0.422618 0.906308 0 0.906308 0.422618 0 48729b.dat
1 1000 -10 18 -40 0 0 -1 -0.422618 0.906308 0 0.906308 0.422618 0 48729b.dat
0 !FADE
