0 !COLOUR LPub3D_Black CODE 1100 VALUE #1B2A34 EDGE #FF7137C8 ALPHA 255
0 !COLOUR LPub3D_Dark_Bluish_Grey CODE 11072 VALUE #646464 EDGE #FF7137C8 ALPHA 255
0 !COLOUR LPub3D_Light_Bluish_Grey CODE 11071 VALUE #969696 EDGE #FF7137C8 ALPHA 255
0 !SILHOUETTE 1 #FF7137C8
1 11071 0 0 0 -1 0 0 0 1 0 0 0 -1 14704.dat
1 11072 0 8 -10 1 0 0 0 1 0 0 0 1 15068.dat
1 11071 0 8 -20 -1 0 0 0 1 0 0 0 -1 99781.dat
1 1100 0 16 -20 1 0 0 0 1 0 0 0 1 48336.dat
1 1100 -10 18 2 -1 0 0 0 0 -1 0 -1 0 26047.dat
1 1100 -10 18 10 1 0 0 0 0 1 0 -1 0 24246.dat
1 1100 10 18 -6 -1 0 0 0 0 -1 0 -1 0 54200.dat
1 1100 -10 38 0 0 0 -1 0.939693 -0.34202 0 -0.34202 -0.939693 0 48729b.dat
1 1100 10 18 -40 0 0 1 0.422618 0.906308 0 -0.906308 0.422618 0 48729b.dat
1 1100 2 18 -40 0 0 1 0.422618 0.906308 0 -0.906308 0.422618 0 48729b.dat
1 1100 -10 18 -40 0 0 -1 -0.422618 0.906308 0 0.906308 0.422618 0 48729b.dat
0 !SILHOUETTE
