0 FILE 00-instructions.ldr
0 Name: 00-instructions.ldr
0 Author: Nathanel Titane // nathanel.titane@gmail.com // All Rights Reserved
0
0 // LPUB[3D] FRONT COVER PAGE /////////////////////////////////////////////////
0
0 !LPUB PAGE DOCUMENT_TITLE_FRONT COLOR "#666666"
0 !LPUB PAGE DOCUMENT_TITLE_FRONT CONTENT GLOBAL "MODEL // MCTN-01 VERMILLION"
0 !LPUB PAGE DOCUMENT_TITLE_FRONT DISPLAY GLOBAL TRUE
0 !LPUB PAGE DOCUMENT_TITLE_FRONT FONT "Noto Sans,72,-1,0,75,0,0,0,0,0,Bold"
0 !LPUB PAGE DOCUMENT_TITLE_FRONT MARGINS 0.2500 0.1000
0 !LPUB PAGE DOCUMENT_TITLE_FRONT PLACEMENT GLOBAL TOP_LEFT PAGE INSIDE OFFSET 0.0000 0.0000

0 !LPUB PAGE DOCUMENT_AUTHOR_FRONT CONTENT GLOBAL "MODEL DESIGN AND INSTRUCTIONS // NATHANEL TITANE"
0 !LPUB PAGE DOCUMENT_AUTHOR_FRONT COLOR "#666666"
0 !LPUB PAGE DOCUMENT_AUTHOR_FRONT DISPLAY GLOBAL TRUE
0 !LPUB PAGE DOCUMENT_AUTHOR_FRONT FONT "Noto Sans,18,-1,0,75,0,0,0,0,0,Bold"
0 !LPUB PAGE DOCUMENT_AUTHOR_FRONT MARGINS 0.3000 1.0000
0 !LPUB PAGE DOCUMENT_AUTHOR_FRONT PLACEMENT TOP_LEFT PAGE INSIDE OFFSET 0.0000 0.0000

0 !LPUB PAGE MODEL_PARTS COLOR "#666666"
0 !LPUB PAGE MODEL_PARTS CONTENT GLOBAL "693 PIECES"
0 !LPUB PAGE MODEL_PARTS DISPLAY GLOBAL TRUE
0 !LPUB PAGE MODEL_PARTS FONT "Noto Sans,72,-1,0,75,0,0,0,0,0,Bold"
0 !LPUB PAGE MODEL_PARTS MARGINS 0.2500 0.1000
0 !LPUB PAGE MODEL_PARTS PLACEMENT GLOBAL BOTTOM_LEFT PAGE INSIDE OFFSET 0.0000 0.0000

0 !LPUB PAGE PUBLISH_DESCRIPTION COLOR "#666666"
0 !LPUB PAGE PUBLISH_DESCRIPTION CONTENT GLOBAL "LEGO // LINUX - Where Lego and Linux Meet"
0 !LPUB PAGE PUBLISH_DESCRIPTION DISPLAY GLOBAL TRUE
0 !LPUB PAGE PUBLISH_DESCRIPTION FONT "Noto Sans,36,-1,0,75,0,0,0,0,0,Bold"
0 !LPUB PAGE PUBLISH_DESCRIPTION MARGINS 0.2000 0.2000
0 !LPUB PAGE PUBLISH_DESCRIPTION PLACEMENT GLOBAL BOTTOM_RIGHT PAGE INSIDE OFFSET 0.0000 0.0000
0
0 // LPUB[3D] BACK COVER PAGE //////////////////////////////////////////////////
0
0 // LPUB[3D] DOCUMENT DISCLAIMER
0 !LPUB PAGE LEGO_DISCLAIMER COLOR "#666666"
0 !LPUB PAGE LEGO_DISCLAIMER CONTENT GLOBAL "LEGO® // REGISTERED TRADEMARK OF THE LEGO GROUP"
0 !LPUB PAGE LEGO_DISCLAIMER DISPLAY GLOBAL TRUE
0 !LPUB PAGE LEGO_DISCLAIMER FONT "Noto Sans,36,-1,0,75,0,0,0,0,0,Bold"
0 !LPUB PAGE LEGO_DISCLAIMER PLACEMENT GLOBAL CENTER PAGE INSIDE OFFSET 0.0000 -0.2500
0
0 // LPUB[3D] PAGE DOCUMENT AUTHOR
0 !LPUB PAGE DOCUMENT_AUTHOR_BACK COLOR "#666666"
0 !LPUB PAGE DOCUMENT_AUTHOR_BACK CONTENT GLOBAL "MODEL DESIGN AND INSTRUCTIONS // NATHANEL TITANE"
0 !LPUB PAGE DOCUMENT_AUTHOR_BACK DISPLAY GLOBAL TRUE
0 !LPUB PAGE DOCUMENT_AUTHOR_BACK FONT "Noto Sans,36,-1,0,75,0,0,0,0,0,Bold"
0 !LPUB PAGE DOCUMENT_AUTHOR_BACK PLACEMENT CENTER PAGE INSIDE OFFSET 0.0000 -0.2000
0
0 // LPUB[3D] PAGE PUBLICATION COPYRIGHT
0 !LPUB PAGE PUBLISH_COPYRIGHT_BACK COLOR "#666666"
0 !LPUB PAGE PUBLISH_COPYRIGHT_BACK CONTENT GLOBAL "COPYRIGHT // ALL RIGHTS RESERVED"
0 !LPUB PAGE PUBLISH_COPYRIGHT_BACK DISPLAY GLOBAL TRUE
0 !LPUB PAGE PUBLISH_COPYRIGHT_BACK FONT "Noto Sans,36,-1,0,75,0,0,0,0,0,Bold"
0 !LPUB PAGE PUBLISH_COPYRIGHT_BACK PLACEMENT GLOBAL CENTER PAGE INSIDE OFFSET 0.0000 -0.1500
0
0 // LPUB[3D] PAGE PUBLICATION EMAIL
0 !LPUB PAGE PUBLISH_EMAIL_BACK COLOR "#666666"
0 !LPUB PAGE PUBLISH_EMAIL_BACK CONTENT GLOBAL "CONTACT // NATHANEL.TITANE@GMAIL.COM // INFO@LEGOLINUX.COM"
0 !LPUB PAGE PUBLISH_EMAIL_BACK DISPLAY GLOBAL TRUE
0 !LPUB PAGE PUBLISH_EMAIL_BACK FONT "Noto Sans,18,-1,0,75,0,0,0,0,0,Bold"
0 !LPUB PAGE PUBLISH_EMAIL_BACK PLACEMENT GLOBAL CENTER PAGE INSIDE OFFSET 0.0000 -0.0500
0
0 // LPUB[3D] PAGE PUBLICATION URL
0 !LPUB PAGE PUBLISH_URL_BACK COLOR "#666666"
0 !LPUB PAGE PUBLISH_URL_BACK CONTENT GLOBAL "WEB // HTTPS://LEGOLINUX.COM/MODELS/MECHANICORE-SYSTEM/MCTN-01-VERMILLION"
0 !LPUB PAGE PUBLISH_URL_BACK DISPLAY GLOBAL TRUE
0 !LPUB PAGE PUBLISH_URL_BACK FONT "Noto Sans,18,-1,0,75,0,0,0,0,0,Bold"
0 !LPUB PAGE PUBLISH_URL_BACK PLACEMENT GLOBAL CENTER PAGE INSIDE OFFSET 0.0000 -0.0250
0
0 // LPUB[3D] PAGE LOGO
0 !LPUB PAGE DOCUMENT_LOGO_BACK DISPLAY GLOBAL TRUE
0 !LPUB PAGE DOCUMENT_LOGO_BACK FILE GLOBAL "/media/internal/Lego/lpub3d/instructions/logo.png"
0 !LPUB PAGE DOCUMENT_LOGO_BACK PLACEMENT CENTER PAGE INSIDE OFFSET 0.0000 0.45000
0 !LPUB PAGE DOCUMENT_LOGO_BACK SCALE GLOBAL  1.0000
0
0 // LPUB[3D] CONFIGURATION ////////////////////////////////////////////////////
0
0 // LPUB[3D] PAGE WATERMARK
0 !LPUB PAGE PUBLISH_EMAIL CONTENT GLOBAL "CONTACT // NATHANEL.TITANE@GMAIL.COM // INFO@LEGOLINUX.COM"
0 !LPUB PAGE PUBLISH_EMAIL COLOR "#666666"
0 !LPUB PAGE PUBLISH_EMAIL DISPLAY GLOBAL TRUE
0 !LPUB PAGE PUBLISH_EMAIL FONT "Noto Sans,18,-1,0,75,0,0,0,0,0,Bold"
0 !LPUB PAGE PUBLISH_EMAIL MARGINS 0.0000 0.1500
0 !LPUB PAGE PUBLISH_EMAIL PLACEMENT GLOBAL BOTTOM PAGE INSIDE OFFSET 0.0000 0.0000
0 !LPUB PAGE DOCUMENT_AUTHOR CONTENT GLOBAL "MODEL DESIGN AND INSTRUCTIONS // NATHANEL TITANE"
0 !LPUB PAGE DOCUMENT_AUTHOR COLOR "#666666"
0 !LPUB PAGE DOCUMENT_AUTHOR DISPLAY GLOBAL TRUE
0 !LPUB PAGE DOCUMENT_AUTHOR FONT "Noto Sans,18,-1,0,75,0,0,0,0,0,Bold"
0 !LPUB PAGE DOCUMENT_AUTHOR MARGINS 0.0000 0.2000
0 !LPUB PAGE DOCUMENT_AUTHOR PLACEMENT GLOBAL TOP PAGE INSIDE OFFSET 0.0000 0.0000
0
0 // LPUB[3D] STEPS HIGHLIGHT
0 !LPUB HIGHLIGHT_STEP ENABLED GLOBAL TRUE
0 !LPUB HIGHLIGHT_STEP COLOR GLOBAL "#7137C8"
0
0 // LPUB[3D] STEP FADE
0 !LPUB FADE_STEP OPACITY GLOBAL "50"
0 !LPUB FADE_STEP COLOR GLOBAL "Trans_Black"
0 !LPUB FADE_STEP ENABLED GLOBAL TRUE
0 !LPUB FINAL_MODEL_ENABLED GLOBAL TRUE
0
0 // LPUB[3D] SUBMODEL PREVIEW
0 !LPUB SUBMODEL_DISPLAY SHOW GLOBAL TRUE
0 !LPUB SUBMODEL_DISPLAY BACKGROUND COLOR "#DDDDDD"
0 !LPUB SUBMODEL_DISPLAY MARGINS 0.1500 0.7500
0 !LPUB SUBMODEL_DISPLAY BORDER SQUARE 0 Black 0.031 MARGINS 0.050 0.050
0 !LPUB SUBMODEL_DISPLAY PLACEMENT GLOBAL LEFT PAGE INSIDE
0 !LPUB SUBMODEL_DISPLAY CAMERA_ANGLES 30.0000 45.0000
0
0 // LPUB[3D] ASSEMBLIES
0 !LPUB ASSEM CAMERA_ANGLES 30.0000 45.0000
0 !LPUB ASSEM MARGINS 0.5000 0.5000
0 !LPUB ASSEM MODEL_SCALE 1.0000
0 !LPUB ASSEM PLACEMENT CENTER PAGE INSIDE OFFSET 0.0000 0.0000
0
0 // LPUB[3D] BILL OF MATERIALS
0 !LPUB BOM BACKGROUND COLOR "#DDDDDD"
0 !LPUB BOM BORDER SQUARE 0 #666666 0.025 MARGINS 0.050 0.050
0 !LPUB BOM CONSTRAIN HEIGHT 13.0000
0 !LPUB BOM CONSTRAIN SQUARE
0 !LPUB BOM PLACEMENT CENTER PAGE INSIDE OFFSET 0.0000 0.0000
0
0 // LPUB[3D] CALLOUTS
0 !LPUB CALLOUT BORDER SQUARE 0 #666666 0.025 MARGINS 0.050 0.050
0 !LPUB CALLOUT MARGINS 0.1250 0.1250
0 !LPUB CALLOUT PLACEMENT RIGHT PAGE INSIDE OFFSET 0.0000 0.0000
0
0 // LPUB[3D] PAGE
0 !LPUB PAGE DOCUMENT_COVER_IMAGE DISPLAY GLOBAL TRUE
0 !LPUB PAGE DOCUMENT_COVER_IMAGE FILE GLOBAL "../renders/flat/flat.png"
0 !LPUB PAGE DOCUMENT_COVER_IMAGE FILL GLOBAL ASPECT
0 !LPUB PAGE DOCUMENT_COVER_IMAGE MARGINS GLOBAL 0.0000 0.0000
0 !LPUB PAGE DOCUMENT_COVER_IMAGE PLACEMENT GLOBAL CENTER PAGE INSIDE OFFSET 0.0000 0.0000
0 !LPUB PAGE DOCUMENT_COVER_IMAGE SCALE GLOBAL 1.0000
0
0 // LPUB[3D] PAGE NUMBER
0 !LPUB PAGE NUMBER FONT "Noto Sans,36,-1,0,75,0,0,0,0,0,Bold"
0 !LPUB PAGE NUMBER FONT_COLOR "#666666"
0 !LPUB PAGE NUMBER MARGINS 0.1250 0.1250
0 !LPUB PAGE NUMBER PLACEMENT BOTTOM_RIGHT PAGE INSIDE OFFSET 0.0000 0.0000
0
0 // LPUB[3D] PAGE SETUP
0 !LPUB PAGE BORDER GLOBAL NONE 0 MARGINS 0.000 0.000
0 !LPUB PAGE ENABLE_TEXT_PLACEMENT GLOBAL CENTER PAGE INSIDE OFFSET 0.0000 0.0000
0 !LPUB PAGE TEXT_PLACEMENT GLOBAL TRUE
0 !LPUB PAGE PAGE_FOOTER SIZE GLOBAL 32.0000 0.5000
0 !LPUB PAGE PAGE_HEADER SIZE GLOBAL 32.0000 0.5000
0 !LPUB PAGE MARGINS GLOBAL 0.0000 0.0000
0 !LPUB PAGE ORIENTATION GLOBAL LANDSCAPE
0 !LPUB PAGE SIZE GLOBAL 16.0000 32.0000
0
0 // LPUB[3D] PAGE COLORS
0 !LPUB PAGE SUBMODEL_BACKGROUND_COLOR GLOBAL "#DDDDDD" "#FFE680" "#FFAAAA" "#C6AFE9"
0
0 // LPUB[3D] SUBMODELS
0 !LPUB PAGE SUBMODEL_INSTANCE_COUNT FONT_COLOR "#FF5555"
0 !LPUB PAGE SUBMODEL_INSTANCE_COUNT FONT "Noto Sans,72,-1,0,75,0,0,0,0,0,Bold"
0 !LPUB PAGE SUBMODEL_INSTANCE_COUNT MARGINS 0.0000 0.1250
0 !LPUB PAGE SUBMODEL_INSTANCE_COUNT PLACEMENT BOTTOM_RIGHT PAGE INSIDE OFFSET 0.0000 -0.0500
0
0 // LPUB[3D] PARTS LIST
0 !LPUB PLI BACKGROUND COLOR "#DDDDDD"
0 !LPUB PLI BORDER SQUARE 0 #666666 0.025 MARGINS 0.0500 0.050
0 !LPUB PLI CAMERA_ANGLES 30.0000 45.0000
0 !LPUB PLI CONSTRAIN HEIGHT 5.0000
0 !LPUB PLI MODEL_SCALE  1.0000
0 !LPUB PLI MARGINS 0.1500 0.7500
0 !LPUB PLI PLACEMENT TOP_RIGHT PAGE INSIDE OFFSET 0.0000 0.0000
0 !LPUB PLI INSTANCE_COUNT FONT "Noto Sans,36,-1,0,75,0,0,0,0,0,Bold"
0 !LPUB PLI INSTANCE_COUNT FONT_COLOR "#666666"
0 !LPUB PLI INSTANCE_COUNT MARGINS 0.0125 0.0125
0 !LPUB PLI INSTANCE_COUNT MARGINS 0.0125 0.3000
0
0 // LPUB[3D] STEP NUMBER
0 !LPUB STEP_NUMBER FONT "Noto Sans,72,-1,0,75,0,0,0,0,0,Bold"
0 !LPUB STEP_NUMBER FONT_COLOR "#666666"
0 !LPUB STEP_NUMBER MARGINS 0.1250 0.0000
0 !LPUB STEP_NUMBER PLACEMENT TOP_LEFT PAGE INSIDE OFFSET 0.0000 0.0000
0
0 // LPUB[3D] BEGIN INSTRUCTIONS ///////////////////////////////////////////////
0
0 STEP
0 !LPUB INSERT COVER_PAGE FRONT
0 STEP
0 !LPUB ASSEM MODEL_SCALE LOCAL 0.7500
1 0 0 0 0 1 0 0 0 1 0 0 0 1 00-model.ldr
0 STEP
0
0 // LPUB[3D] DISABLE FINAL MODEL SHOWCASE /////////////////////////////////////
0
0 !LPUB NOSTEP
0
0 // LPUB[3D] BOM PAGES
0 STEP
0 !LPUB INSERT PAGE
0 !LPUB INSERT BOM
0 STEP
0 !LPUB INSERT PAGE
0 !LPUB INSERT BOM
0 STEP
0 !LPUB INSERT PAGE
0 !LPUB INSERT BOM
0 STEP
0 !LPUB INSERT PAGE
0 !LPUB INSERT BOM
0 STEP
0 !LPUB INSERT PAGE
0 !LPUB INSERT BOM
0 STEP
0 !LPUB INSERT PAGE
0 !LPUB INSERT BOM
0 STEP
0 !LPUB INSERT PAGE
0 !LPUB INSERT BOM
0 STEP
0 !LPUB INSERT PAGE
0 !LPUB INSERT BOM
0 STEP
0 !LPUB INSERT PAGE
0 !LPUB INSERT BOM
0 STEP
0 !LPUB INSERT PAGE
0 !LPUB INSERT BOM
0 STEP
0 !LPUB INSERT PAGE
0 !LPUB INSERT BOM
0 STEP
0 !LPUB INSERT PAGE
0 !LPUB INSERT BOM
0 STEP
0
0 !LPUB NOSTEP
0
0 !LPUB INSERT COVER_PAGE BACK
0
0 // LPUB[3D] END INSTRUCTIONS /////////////////////////////////////////////////
0
0 NOFILE
0 FILE 00-model.ldr
0 Name: 00-model.ldr
0 Author: Nathanel Titane // nathanel.titane@gmail.com // All Rights Reserved
1 0 0 0 0 1 0 0 0 1 0 0 0 1 04-waist.ldr
0 STEP
1 0 0.0003 -76.7283 28.8743 1 0.000001 0.000007 0.000004 0.707116 -0.707097 -0.000005 0.707097 0.707116 06-torso.ldr
0 STEP
0 NOFILE
0 FILE 01-foot.ldr
0 Name: 01-foot.ldr
0 Author: Nathanel Titane // nathanel.titane@gmail.com // All Rights Reserved
1 71 0 -6 0 -0.000026 0 1 -0.000053 -1 0 1 -0.000053 0.000026 4697b.dat
0 STEP
1 0 -10 -2.5585 4.9149 0.000026 0 1 0.819143 0.57359 -0.000021 -0.57359 0.819143 0.000015 2555.dat
1 0 10 -2.5585 4.9149 0.000026 0 1 0.819143 0.57359 -0.000021 -0.57359 0.819143 0.000015 2555.dat
1 0 0 2.0303 11.468 1 0 0 0 0.57359 -0.819143 0 0.819143 0.57359 60471.dat
1 0 0 6.619 18.0211 -1 0 0.000053 0.000043 0.57359 0.819143 -0.00003 0.819143 -0.57359 48336.dat
0 STEP
1 0 -10 -6.5645 36.7694 0.000026 0 1 0.939686 0.342039 -0.000025 -0.342039 0.939686 0.000009 2555.dat
1 0 10 -6.5645 36.7693 0.000026 0 1 0.939686 0.342039 -0.000025 -0.342039 0.939686 0.000009 2555.dat
1 0 0 -3.8282 44.2868 1 0 0 0 0.342039 -0.939686 0 0.939686 0.342039 2540.dat
1 72 0 -1.0918 51.8043 -1 0 -0.000052 -0.000048 0.342039 0.939686 0.000018 0.939686 -0.342039 32028.dat
1 0 10 1.6445 59.3218 -1 0 -0.000052 -0.000048 0.342039 0.939686 0.000018 0.939686 -0.342039 4073.dat
1 0 -10 1.6445 59.3218 -1 0 -0.000052 -0.000048 0.342039 0.939686 0.000018 0.939686 -0.342039 4073.dat
0 STEP
1 0 -16 21.5585 40.3673 0.000026 0 1 0.173646 0.984808 -0.000005 -0.984808 0.173646 0.000026 2555.dat
1 71 -16 27.7005 51.6045 -0.000078 0 1 0.173646 0.984808 0.000014 -0.984808 0.173646 -0.000077 32028.dat
1 72 -16 25.964 61.4526 -1 0.000001 -0.000025 -0.000004 0.984808 0.173646 0.000025 0.173646 -0.984808 54200.dat
0 STEP
1 0 16 21.5585 40.3672 0.000026 0 1 0.173646 0.984808 -0.000005 -0.984808 0.173646 0.000026 2555.dat
1 71 16 27.7005 51.6045 0.000025 0 -1 -0.173646 0.984808 -0.000004 0.984808 0.173646 0.000025 32028.dat
1 72 16 25.964 61.4526 -1 0.000001 -0.000025 -0.000004 0.984808 0.173646 0.000025 0.173646 -0.984808 54200.dat
0 STEP
1 0 0 27.2056 -7.1717 0.000026 0 -1 -0.173645 0.984808 -0.000005 0.984808 0.173645 0.000026 92582.dat
1 71 0 33.3476 4.0655 -1 0 -0.000052 -0.000009 0.984808 0.173645 0.000052 0.173645 -0.984808 32028.dat
1 71 0 38.557 -25.4787 -1 0 -0.000052 -0.000009 0.984808 0.173645 0.000052 0.173645 -0.984808 3022.dat
1 0 0 32.415 -36.716 1 0 -0.000001 0 0.984808 -0.173645 0.000001 0.173645 0.984808 48336.dat
1 72 0 30.6785 -26.8679 1 0 -0.000001 0 0.984808 -0.173645 0.000001 0.173645 0.984808 30602.dat
0 STEP
1 71 -10 43.7663 -55.023 0.000026 0 1 0.173645 0.984808 -0.000005 -0.984808 0.173645 0.000026 2555.dat
1 71 10 43.7664 -55.023 0.000026 0 1 0.173645 0.984808 -0.000005 -0.984808 0.173645 0.000026 2555.dat
0 NOFILE
0 FILE 02-shin.ldr
0 Name: 02-shin.ldr
0 Author: Nathanel Titane // nathanel.titane@gmail.com // All Rights Reserved
1 71 -0.0013 24 -10 0.000026 0 1 0 1 0 -1 0 0.000026 3710.dat
1 0 0 0 -40 1 0 0 0 1 0 0 0 1 87087.dat
1 0 0 0 30 0.000026 0 1 0 1 0 -1 0 0.000026 52107.dat
1 0 0.001 0 -10 0.000026 0 1 0 1 0 -1 0 0.000026 52107.dat
0 STEP
1 72 0.0023 32 -20 1 0 -0.000105 0 1 0 0.000105 0 1 3665.dat
1 0 -0.0019 32 10 -0.000079 0 -1 0 1 0 1 0 -0.000079 44301a.dat
1 0 -0.0011 40 0 -0.000079 0 -1 0 1 0 1 0 -0.000079 3005.dat
1 0 -0.0027 40 20 -0.000079 0 -1 0 1 0 1 0 -0.000079 3005.dat
0 STEP
1 0 -0.0019 32 60 1 0 -0.000105 0 1 0 0.000105 0 1 60471.dat
1 72 -0.0019 40 60 1 0 -0.000105 0 1 0 0.000105 0 1 32028.dat
1 0 -10.0019 48 60 1 0 -0.000105 0 1 0 0.000105 0 1 4073.dat
1 0 9.9981 48 60 1 0 -0.000105 0 1 0 0.000105 0 1 4073.dat
0 STEP
1 0 0 8 60 -1 0 0.000052 0 1 0 -0.000052 0 -1 32064.dat
1 72 0 0 60 -1 0 0.000052 0 1 0 -0.000052 0 -1 3794b.dat
0 STEP
1 72 0 -24 60 1 0 -0.000105 0 1 0 0.000105 0 1 60477.dat
1 72 0.0095 -8 -30 -1 0 0.000105 0 1 0 -0.000105 0 -1 92946.dat
1 71 0 -32 60 0.000131 0 1 0 1 0 -1 0 0.000131 2555.dat
1 71 0.0131 -16 -40 0.000131 0 1 0 1 0 -1 0 0.000131 2555.dat
0 STEP
1 72 -18.0003 -0.0005 20 0.000026 1 0 -1 0.000026 0 0 0 1 43723.dat
1 0 -18.001 29.9995 -20 0.000026 1 0 -1 0.000026 0 0 0 1 27263.dat
1 71 -26.0005 9.9993 19.9997 0 1 0.000026 -0.000026 0.000026 -1 -1 0 0.000026 63864.dat
0 STEP
1 72 18.0002 0.0028 20.0005 -0.000079 -1 0 1 -0.000079 0.000052 -0.000052 0 1 43722.dat
1 0 17.9995 30.0028 -19.9995 0 -1 0.000079 0.000052 -0.000079 -1 1 0 0.000052 27263.dat
1 71 25.9995 10.0034 19.9997 0 -1 -0.000079 -0.000026 -0.000079 1 -1 0 -0.000026 63864.dat
0 STEP
1 0 0 18 70 -0.000078 0 -1 0 1 0 1 0 -0.000078 32062.dat
1 0 0 18 90 0 -1 -0.000026 -0.000078 0.000026 -1 1 0 -0.000078 32174.dat
1 0 0 -2 90 1 -0.000026 -0.000078 -0.000078 0.000026 -1 0.000026 1 0.000026 4519.dat
0 STEP
1 72 -10 -2 90 0 -1 -0.000026 -0.000078 0.000026 -1 1 0 -0.000078 15535.dat
1 72 -18 -1.9998 90 0 -1 -0.000026 -0.000078 0.000026 -1 1 0 -0.000078 4032.dat
1 72 -26 -1.9996 90 0 -1 -0.000026 -0.000078 0.000026 -1 1 0 -0.000078 2654.dat
0 STEP
1 72 10 -1.9995 90.001 0.000053 1 0.000026 -0.000078 0.000026 -1 -1 0.000053 0.000078 15535.dat
1 72 18 -1.9993 90.0015 0.000053 1 0.000026 -0.000078 0.000026 -1 -1 0.000053 0.000078 4032.dat
1 72 26 -1.9991 90.0019 0.000053 1 0.000026 -0.000078 0.000026 -1 -1 0.000053 0.000078 2654.dat
0 STEP
1 0 -0.0039 -43.4421 79.3489 1 -0.000023 -0.000103 0.000005 0.984808 -0.173645 0.000105 0.173645 0.984808 2540.dat
1 72 -10.0082 -42.5095 120.1293 1 -0.000023 -0.000103 0.000005 0.984808 -0.173645 0.000105 0.173645 0.984808 4287.dat
1 72 9.9918 -42.5094 120.1315 1 -0.000023 -0.000103 0.000005 0.984808 -0.173645 0.000105 0.173645 0.984808 4287.dat
1 0 9.9936 -48.6515 108.8942 -1 -0.000023 0.000156 0.000005 0.984808 0.173645 -0.000158 0.173645 -0.984808 92946.dat
1 0 -10.0064 -48.6514 108.8911 -1 -0.000023 0.000156 0.000005 0.984808 0.173645 -0.000158 0.173645 -0.984808 92946.dat
0 STEP
1 71 -10.0055 -53.0571 87.8065 0.000129 -0.000023 1 0.173645 0.984808 0 -0.984808 0.173645 0.000131 32028.dat
1 71 9.9945 -53.0572 87.8102 -0.000182 -0.000023 -1 -0.173645 0.984808 0.000009 0.984808 0.173645 -0.000183 32028.dat
1 71 9.995 -76.6926 83.6427 -0.000182 -0.000023 -1 -0.173645 0.984808 0.000009 0.984808 0.173645 -0.000183 4865a.dat
1 71 -10.005 -76.6931 83.6427 0.000235 -0.000023 1 0.173645 0.984808 -0.000018 -0.984808 0.173645 0.000235 4865a.dat
1 14 16.996 -37.9992 60.0001 0.000129 -0.000023 1 0.173645 0.984808 0 -0.984808 0.173645 0.000131 4265c.dat
1 14 -17.004 -38 60 0.000129 -0.000023 1 0.173645 0.984808 0 -0.984808 0.173645 0.000131 4265c.dat
0 STEP
1 0 0 10.0006 -66 1 0 0 0 0.000026 1 0 -1 0.000026 01-foot.ldr
0 NOFILE
0 FILE 03-01-thigh.ldr
0 Name: 03-01-thigh.ldr
0 Author: Nathanel Titane // nathanel.titane@gmail.com // All Rights Reserved
1 72 0 0 -10 1 0 0 0 1 0 0 0 1 85943.dat
1 72 -10 24 30 1 0 0 0 1 0 0 0 1 4287.dat
1 72 10 24 30 1 0 0 0 1 0 0 0 1 4287.dat
1 72 10 0 10 0 0 -1 0 1 0 1 0 0 4070.dat
1 72 -10 0 10 0 0 1 0 1 0 -1 0 0 4070.dat
1 72 0 0 30 1 0 0 0 1 0 0 0 1 3700.dat
0 STEP
1 72 0 -32 30 1 0 0 0 1 0 0 0 1 3794b.dat
1 71 0 -24 30 1 0 0 0 1 0 0 0 1 3298.dat
0 STEP
1 0 0 10 -40 0.000026 -1 0 1 0.000026 0 0 0 1 53585.dat
1 0 0 10 -40 1 0 0 0 1 0 0 0 1 3705.dat
0 STEP
1 71 -44 9.9996 -40 0.000026 1 0 -1 0.000026 0 0 0 1 98100.dat
1 71 44 10.0065 -40 -0.000079 -1 0 1 -0.000079 0 0 0 1 98100.dat
0 STEP
1 0 -0.0008 10 50.0042 0.000079 0 -1 0 -1 0 -1 0 -0.000079 6558.dat
1 71 -0.0008 10 50.0042 -1 0 -0.000079 0 -1 0 -0.000079 0 1 42610.dat
0 STEP
1 72 -10.0003 9.9983 69.9992 0.000026 1 0 -1 0.000026 0.000104 0.000104 0 1 3700.dat
1 72 13.9997 10 79.9992 0 1 -0.000026 0.000078 0.000026 1 1 0 -0.000078 11203.dat
1 72 -10.0003 9.9994 99.9992 0 1 -0.000026 0.000183 0.000026 1 1 0 -0.000183 92013.dat
1 72 13.9997 10.0015 109.9992 -0.000026 1 0 1 0.000026 -0.000052 -0.000052 0 -1 32028.dat
1 0 21.9995 20.0018 109.9987 -0.000026 1 0 1 0.000026 -0.000052 -0.000052 0 -1 4073.dat
1 0 22 0.0018 109.9997 -0.000026 1 0 1 0.000026 -0.000052 -0.000052 0 -1 4073.dat
0 STEP
1 71 -18 0.0018 110.0016 0 1 0.000026 -0.000235 0.000026 -1 -1 0 0.000235 2555.dat
1 71 -18.0005 20.0018 109.9969 0 1 0.000026 -0.000235 0.000026 -1 -1 0 0.000235 2555.dat
0 STEP
1 0 -36.7291 9.9965 125.5568 -0.000166 -0.707079 -0.707135 1 0.000026 -0.000261 0.000203 -0.707135 0.707079 48336.dat
1 72 -36.7291 9.9963 125.5568 -0.000166 -0.707079 -0.707135 1 0.000026 -0.000261 0.000203 -0.707135 0.707079 85984.dat
1 72 -42.3857 9.9964 119.8997 0.000203 -0.707079 0.707135 -1 0.000026 0.000314 -0.00024 -0.707135 -0.707079 32028.dat
1 0 -48.0444 19.9969 114.245 0.000204 -0.707079 0.707135 -1 0.000026 0.000314 -0.00024 -0.707135 -0.707079 4073.dat
1 0 -48.0403 -0.0031 114.2402 0.000204 -0.707079 0.707135 -1 0.000026 0.000314 -0.00024 -0.707135 -0.707079 4073.dat
0 STEP
1 0 -18.0005 19.9976 79.9974 0 1 0.000026 -0.000131 0.000026 -1 -1 0 0.000131 93274.dat
1 0 -18 -0.0024 80 0 1 -0.000026 0.000078 0.000026 1 1 0 -0.000078 93274.dat
0 STEP
1 71 -26.0005 19.9948 79.9969 0 1 0.000026 -0.000235 0.000026 -1 -1 0 0.000235 32028.dat
1 71 -26 -0.0052 80.0026 0 1 -0.000026 0.000288 0.000026 1 1 0 -0.000288 32028.dat
1 71 -34.0003 9.9946 79.9992 0.000026 1 0 -1 0.000026 0.000209 0.000209 0 1 3068b.dat
0 STEP
1 0 2 -22 80 0.000026 0 1 0 1 0 -1 0 0.000026 3020.dat
1 72 -8 -46 80 0.000026 0 1 0 1 0 -1 0 0.000026 47759.dat
1 72 12 -46 70 1 0 -0.000105 0 1 0 0.000105 0 1 3040.dat
1 72 12 -46 90 -1 0 0.000052 0 1 0 -0.000052 0 -1 3040.dat
0 STEP
1 71 12 -54 80 -0.000078 0 -1 0 1 0 1 0 -0.000078 99781.dat
1 71 12 -62 80 -0.000078 0 -1 0 1 0 1 0 -0.000078 3069b.dat
1 71 -8 -46 80 0.000025 0 1 0 1 0 -1 0 0.000025 85984.dat
0 STEP
1 0 2 42 80 0.000026 0 1 0.000053 -1 0 1 0.000053 -0.000026 3020.dat
1 72 -8 66 79.9987 0.000026 0 1 0.000053 -1 0 1 0.000053 -0.000026 47759.dat
1 72 12 65.9995 69.9987 -1 0 -0.000054 0 -1 0.000053 -0.000054 0.000053 1 3040.dat
1 71 12 66.0011 99.9987 0.000027 0 -1 0.000053 -1 0 -1 -0.000053 -0.000027 3938.dat
1 72 12 66.0011 99.9987 0.000027 0 -1 0.000053 -1 0 -1 -0.000053 -0.000027 3937.dat
0 STEP
1 71 2 74 69.9987 -1 -0.000053 -0.000054 0.000053 -1 0 -0.000054 0 1 32028.dat
1 71 2 82 69.9987 -1 -0.000053 -0.000054 0.000053 -1 0 -0.000054 0 1 3069b.dat
1 71 -8 66 89.9987 1 0 -0.000025 0 -1 -0.000053 -0.000025 0.000053 -1 54200.dat
1 71 11.9998 74.0005 89.9991 0.000026 0 1 -0.000053 -1 0 1 -0.000053 -0.000026 2555.dat
1 71 12.0003 65.9995 109.9987 1 0 -0.000026 0 -1 0.000053 -0.000026 -0.000053 -1 54200.dat
1 72 11.9986 99.7978 112.6278 0.000008 0.000045 1 -0.707097 0.707116 -0.000027 -0.707116 -0.707097 0.000037 60478.dat
1 72 11.9983 94.1405 118.2843 0.000008 0.000045 1 -0.707097 0.707116 -0.000027 -0.707116 -0.707097 0.000037 3069b.dat
1 0 11.9993 98.3844 99.8998 0.000008 0.000045 1 -0.707097 0.707116 -0.000027 -0.707116 -0.707097 0.000037 4073.dat
1 0 11.9987 112.5256 114.0429 0.000008 0.000045 1 -0.707097 0.707116 -0.000027 -0.707116 -0.707097 0.000037 4073.dat
0 STEP
1 72 -28 -30 80 0.000025 0 1 0 1 0 -1 0 0.000025 44728.dat
1 72 -28 50 80 0.00013 0.000053 1 0 -1 0.000053 1 0 -0.00013 44728.dat
0 STEP
1 72 -50.0005 0 79.9995 0 1 0.000026 -0.000025 0.000026 -1 -1 0 0.000025 60478.dat
1 72 -50.001 20 79.999 0 1 0.000026 -0.000025 0.000026 -1 -1 0 0.000025 60478.dat
1 71 -58.0008 9.9998 79.9992 0 1 0.000026 -0.000025 0.000026 -1 -1 0 0.000025 3068b.dat
1 71 -42.0016 40.0002 79.9985 0 1 0.000026 -0.000025 0.000026 -1 -1 0 0.000025 85984.dat
1 71 -42 -19.9998 80.0032 0 1 -0.000026 0.000078 0.000026 1 1 0 -0.000078 85984.dat
0 STEP
1 0 0 -28 -130 1 0 0 0 1 0 0 0 1 02-shin.ldr
0 NOFILE
0 FILE 03-02-thigh.ldr
0 Name: 03-02-thigh.ldr
0 Author: Nathanel Titane // nathanel.titane@gmail.com // All Rights Reserved
1 72 0 0 -10 1 0 0 0 1 0 0 0 1 85943.dat
1 72 -10 24 30 1 0 0 0 1 0 0 0 1 4287.dat
1 72 10 24 30 1 0 0 0 1 0 0 0 1 4287.dat
1 72 10 0 10 0 0 -1 0 1 0 1 0 0 4070.dat
1 72 -10 0 10 0 0 1 0 1 0 -1 0 0 4070.dat
1 72 0 0 30 1 0 0 0 1 0 0 0 1 3700.dat
0 STEP
1 72 0 -32 30 1 0 0 0 1 0 0 0 1 3794b.dat
1 71 0 -24 30 1 0 0 0 1 0 0 0 1 3298.dat
0 STEP
1 0 0 10 -40 0.000026 -1 0 1 0.000026 0 0 0 1 53585.dat
1 0 0 10 -40 1 0 0 0 1 0 0 0 1 3705.dat
0 STEP
1 71 -44 9.9996 -40 0.000026 1 0 -1 0.000026 0 0 0 1 98100.dat
1 71 44 10.0065 -40 -0.000079 -1 0 1 -0.000079 0 0 0 1 98100.dat
0 STEP
1 0 -0.0008 10 50.0042 0.000079 0 1 0 1 0 -1 0 0.000079 6558.dat
1 71 -0.0008 10 50.0042 1 0 -0.000079 0 1 0 0.000079 0 1 42610.dat
0 STEP
1 72 9.9955 10.0017 70.0008 -0.000026 -1 -0.000158 1 -0.000026 -0.000104 0.000104 -0.000158 1 3700.dat
1 72 -14.006 10 79.997 -0.000158 -1 0.000026 -0.000078 -0.000026 -1 1 -0.000158 -0.000078 11203.dat
1 72 9.9908 10.0006 100.0008 -0.000158 -1 0.000026 -0.000183 -0.000026 -1 1 -0.000158 -0.000183 92013.dat
1 72 -14.0108 9.9985 109.997 0.000026 -1 0.000158 -1 -0.000026 0.000052 -0.000052 -0.000158 -1 32028.dat
1 0 -22.0106 -0.0018 109.9952 0.000026 -1 0.000158 -1 -0.000026 0.000052 -0.000052 -0.000158 -1 4073.dat
1 0 -22.0111 19.9982 109.9962 0.000026 -1 0.000158 -1 -0.000026 0.000052 -0.000052 -0.000158 -1 4073.dat
0 STEP
1 71 17.9889 19.9982 110.0045 0.000158 -1 -0.000026 0.000235 -0.000026 1 -1 -0.000158 0.000235 2555.dat
1 71 17.9894 -0.0018 109.9998 0.000158 -1 -0.000026 0.000235 -0.000026 1 -1 -0.000158 0.000235 2555.dat
0 STEP
1 0 36.7156 10.0035 125.5626 0.000166 0.707191 0.707023 -1 -0.000026 0.000261 0.000203 -0.707023 0.70719 48336.dat
1 72 36.7156 10.0037 125.5626 0.000166 0.707191 0.707023 -1 -0.000026 0.000261 0.000203 -0.707023 0.70719 85984.dat
1 72 42.3731 10.0036 119.9064 -0.000203 0.70719 -0.707024 1 -0.000026 -0.000313 -0.00024 -0.707024 -0.70719 32028.dat
1 0 48.0327 0.0031 114.2526 -0.000204 0.70719 -0.707023 1 -0.000025 -0.000314 -0.00024 -0.707023 -0.70719 4073.dat
1 0 48.0286 20.0031 114.2478 -0.000204 0.70719 -0.707023 1 -0.000025 -0.000314 -0.00024 -0.707023 -0.70719 4073.dat
0 STEP
1 0 17.9942 0.0024 80.0002 0.000158 -1 -0.000026 0.000131 -0.000026 1 -1 -0.000158 0.000131 93274.dat
1 0 17.9937 20.0024 80.0028 -0.000158 -1 0.000026 -0.000078 -0.000026 -1 1 -0.000158 -0.000078 93274.dat
0 STEP
1 71 25.9942 0.0052 80.001 0.000158 -1 -0.000026 0.000235 -0.000026 1 -1 -0.000158 0.000235 32028.dat
1 71 25.9937 20.0052 80.0067 -0.000158 -1 0.000026 -0.000288 -0.000026 -1 1 -0.000158 -0.000288 32028.dat
1 71 33.994 10.0054 80.0046 -0.000026 -1 -0.000158 1 -0.000026 -0.000209 0.000209 -0.000158 1 3068b.dat
0 STEP
1 0 -2.0063 42 79.9997 0.000132 0 -1 0 -1 0 -1 0 -0.000132 3020.dat
1 72 7.9937 66 80.0013 0.000132 0 -1 0 -1 0 -1 0 -0.000132 47759.dat
1 72 -12.0048 66 69.9981 -1 0 -0.000053 0 -1 0 -0.000053 0 1 3040.dat
1 72 -12.0079 66 89.9981 1 0 0.000106 0 -1 0 0.000106 0 -1 3040.dat
0 STEP
1 71 -12.0063 74 79.9981 -0.00008 0 1 0 -1 0 1 0 0.00008 99781.dat
1 71 -12.0063 82 79.9981 -0.00008 0 1 0 -1 0 1 0 0.00008 3069b.dat
1 71 7.9937 66 80.0013 0.000133 0 -1 0 -1 0 -1 0 -0.000133 85984.dat
0 STEP
1 0 -2.0063 -22 79.9997 -0.000184 0 -1 -0.000053 1 0 1 0.000053 -0.000184 3020.dat
1 72 7.9937 -46 80 -0.000184 0 -1 -0.000053 1 0 1 0.000053 -0.000184 47759.dat
1 72 -12.0048 -45.9995 69.9968 1 0 -0.000104 0 1 -0.000053 0.000104 0.000053 1 3040.dat
1 71 -12.0095 -46.0011 99.9968 0.000131 0 1 -0.000053 1 0 -1 -0.000053 0.000131 3938.dat
1 72 -12.0095 -46.0011 99.9968 0.000131 0 1 -0.000053 1 0 -1 -0.000053 0.000131 3937.dat
0 STEP
1 71 -2.0048 -54 69.9984 1 0.000053 -0.000104 -0.000053 1 0 0.000104 0 1 32028.dat
1 71 -2.0048 -62 69.9984 1 0.000053 -0.000104 -0.000053 1 0 0.000104 0 1 3069b.dat
1 71 7.9921 -46 90 -1 0 0.000183 0 1 0.000053 -0.000183 0.000053 -1 54200.dat
1 71 -12.0077 -54.0005 89.9972 -0.000184 0 -1 0.000053 1 0 1 -0.000053 -0.000184 2555.dat
1 71 -12.0114 -45.9995 109.9968 -1 0 0.000184 0 1 -0.000053 -0.000184 -0.000053 -1 54200.dat
1 72 -12.0101 -79.7978 112.6259 0.000103 0.000068 -1 0.707097 -0.707116 0.000025 -0.707116 -0.707097 -0.000121 60478.dat
1 72 -12.0107 -74.1405 118.2824 0.000103 0.000068 -1 0.707097 -0.707116 0.000025 -0.707116 -0.707097 -0.000121 3069b.dat
1 0 -12.0088 -78.3844 99.8979 0.000103 0.000068 -1 0.707097 -0.707116 0.000025 -0.707116 -0.707097 -0.000121 4073.dat
1 0 -12.0104 -92.5256 114.041 0.000103 0.000068 -1 0.707097 -0.707116 0.000025 -0.707116 -0.707097 -0.000121 4073.dat
0 STEP
1 72 27.9937 50 80.0044 0.000133 0 -1 0 -1 0 -1 0 -0.000133 44728.dat
1 72 27.9937 -30 80.0044 -0.000288 -0.000053 -1 0 1 -0.000053 1 0 -0.000288 44728.dat
0 STEP
1 72 49.9942 20 80.0074 0.000158 -1 -0.000026 0.000025 -0.000026 1 -1 -0.000158 0.000025 60478.dat
1 72 49.9947 0 80.0069 0.000158 -1 -0.000026 0.000025 -0.000026 1 -1 -0.000158 0.000025 60478.dat
1 71 57.9945 10.0002 80.0084 0.000158 -1 -0.000026 0.000025 -0.000026 1 -1 -0.000158 0.000025 3068b.dat
1 71 41.9953 -20.0002 80.0051 0.000158 -1 -0.000026 0.000025 -0.000026 1 -1 -0.000158 0.000025 85984.dat
1 71 41.9937 39.9998 80.0098 -0.000158 -1 0.000026 -0.000078 -0.000026 -1 1 -0.000158 -0.000078 85984.dat
0 STEP
1 0 0 -28 -130 1 0 0 0 1 0 0 0 1 02-shin.ldr
0 NOFILE
0 FILE 04-waist.ldr
0 Name: 04-waist.ldr
0 Author: Nathanel Titane // nathanel.titane@gmail.com // All Rights Reserved
1 0 -10 9.9998 2.6794 1 0 0 0 0.500015 0.866017 0 -0.866017 0.500015 42003.dat
1 0 10 9.9998 2.6794 1 0 0 0 0.500015 0.866017 0 -0.866017 0.500015 42003.dat
1 0 0 0 20 1 0 0 0 0.500015 0.866017 0 -0.866017 0.500015 3706.dat
0 STEP
1 71 30 -0.0004 19.9998 0.000026 -0.000026 -1 0.86603 0.499992 0.00001 0.499992 -0.86603 0.000036 42610.dat
1 71 -30 -0.0004 19.9998 0.000026 -0.000026 -1 0.86603 0.499992 0.00001 0.499992 -0.86603 0.000036 42610.dat
1 0 -50 0 20 0.000026 1 -0.000026 -0.499992 0.000036 0.86603 0.86603 -0.000009 0.499992 32474.dat
1 0 50 0 20 -0.000026 -1 0.000079 -0.499992 -0.000055 -0.86603 0.86603 -0.000062 -0.499992 32474.dat
0 STEP
1 72 0 25.7846 23.3395 1 0 0 0 0.500015 0.866017 0 -0.866017 0.500015 44728.dat
1 71 0 25.7846 23.3395 -1 0 0.000053 -0.000046 0.500015 -0.866017 -0.000026 -0.866017 -0.500015 85984.dat
1 72 10 29.7848 16.4114 0.000026 0 -1 0.866017 0.500015 0.000023 0.500015 -0.866017 0.000013 4070.dat
1 72 -10 29.7848 16.4114 0.000027 0 1 -0.866017 0.500015 0.000023 -0.500015 -0.866017 0.000013 4070.dat
1 72 0 41.7851 -4.373 -1 0 0.000053 -0.000046 0.500015 -0.866017 -0.000026 -0.866017 -0.500015 32028.dat
1 0 -10 45.7853 -11.3012 1 0 0 0 0.500015 0.866017 0 -0.866017 0.500015 4073.dat
1 0 10 45.7853 -11.3012 1 0 0 0 0.500015 0.866017 0 -0.866017 0.500015 4073.dat
0 STEP
1 72 0 6.3407 -10.9829 0.000079 0 1 -0.499946 -0.866056 0.000039 0.866056 -0.499946 -0.000068 92013.dat
1 71 0.0011 -19.4441 -14.3211 1 0 -0.000053 0.000026 -0.866056 0.499946 -0.000046 -0.499946 -0.866056 3839b.dat
1 71 -0.0011 -9.4452 -31.6422 -1 0 0.000105 -0.000052 -0.866056 -0.499946 0.000091 -0.499946 0.866056 99207.dat
1 72 0 -21.3731 -26.9812 -1 0 0.000106 -0.000053 -0.866056 -0.499946 0.000092 -0.499946 0.866056 11203.dat
0 STEP
1 72 -0.004 28.6066 -53.5526 1 0.000106 -0.000053 0.000007 -0.49997 -0.866043 -0.000118 0.866043 -0.49997 3937.dat
1 71 -0.0034 33.266 -47.4808 1 0.000045 -0.000093 0.00002 -0.965913 -0.258867 -0.000102 0.258867 -0.965913 3938.dat
1 71 -0.0048 64.1752 -55.7645 -1 0.000045 0.000147 -0.000006 -0.965913 0.258867 0.000154 0.258867 0.965913 2432.dat
0 STEP
1 72 -0.0044 3.2862 -49.6953 -1 0.000106 0.000106 0.000039 -0.499969 0.866043 0.000145 0.866043 0.499969 3794b.dat
1 72 -0.0053 7.286 -56.6236 -0.000132 0.000106 -1 -0.866043 -0.499969 0.000061 -0.499969 0.866043 0.000158 2555.dat
1 71 -0.0059 10.2858 -61.8199 -1 0.000117 0.000084 0.000051 -0.258789 0.965934 0.000134 0.965934 0.258789 98397.dat
0 STEP
1 72 -18.106 16.6241 -75.6536 -0.352634 -0.193973 -0.915436 -0.802426 -0.440609 0.402463 -0.481416 0.876492 -0.000276 11090.dat
1 14 -24.8944 1.2044 -44.9753 0.352643 -0.915432 -0.193978 0.80245 0.402473 -0.440555 0.481369 -0.000299 0.876518 4265c.dat
1 0 -25.8641 -0.9984 -40.5928 0.352643 0.193954 -0.915437 0.80245 0.440566 0.402461 0.481369 -0.876518 -0.000276 63965.dat
1 71 -34.9827 -21.7049 0.6032 0.352643 -0.194002 0.915427 0.80245 -0.440545 -0.402484 0.481369 0.876518 0.000322 3062b.dat
1 0 -40.027 -33.1597 23.3923 0.19401 0.352639 0.915427 0.440566 0.802439 -0.402485 -0.876506 0.481392 0.00032 2780.dat
1 71 -45.0696 -44.6114 46.184 -0.352653 0.193983 0.915427 -0.802474 0.440502 -0.402484 -0.481323 -0.876544 0.000322 3062b.dat
1 15 -46.6214 -48.1354 53.1963 -0.352653 0.193983 0.915427 -0.802474 0.440502 -0.402484 -0.481323 -0.876544 0.000322 98138.dat
0 STEP
1 72 18.0865 16.625 -75.6539 0.352375 0.194154 -0.915498 -0.802481 -0.440636 -0.402323 -0.481514 0.876438 0.000535 11090.dat
1 14 24.8811 1.2041 -44.9775 -0.352386 -0.915503 0.19411 0.802505 -0.402311 -0.440604 0.481466 0.000511 0.876464 4265c.dat
1 0 25.8518 -0.9989 -40.5953 -0.352386 -0.194135 -0.915498 0.802505 0.440593 -0.402323 0.481466 -0.876464 0.000535 63965.dat
1 71 34.9745 -21.7086 0.5981 -0.352386 0.194087 0.915508 0.802505 -0.440614 0.4023 0.481466 0.876464 -0.00049 3062b.dat
1 0 40.021 -33.1653 23.3857 -0.194098 -0.352378 0.915508 0.440637 0.802493 0.402299 -0.87645 0.481492 -0.000491 2780.dat
1 71 45.0661 -44.6187 46.1753 0.352396 -0.194067 0.915508 -0.802529 0.440572 0.402299 -0.48142 -0.87649 -0.000489 3062b.dat
1 15 46.6187 -48.1433 53.1873 0.352396 -0.194067 0.915508 -0.802529 0.440572 0.402299 -0.48142 -0.87649 -0.000489 98138.dat
0 STEP
1 72 -30.2441 32.6464 -67.9951 0.707123 -0.70709 0.000075 -0.182952 -0.183064 -0.965928 0.683012 0.683016 -0.258812 2555.dat
1 72 -52.1634 30.6325 -60.4779 0.000095 0.707106 -0.707108 -0.965933 -0.18293 -0.183059 -0.258793 0.683036 0.682999 42446.dat
1 72 30.2401 32.6501 -68.0019 -0.707108 0.707105 0.000037 -0.182905 -0.182956 0.965957 0.68304 0.68303 0.258703 2555.dat
1 72 52.1595 30.6343 -60.4858 0.000018 -0.70709 0.707124 0.965952 -0.182936 -0.182951 0.258721 0.683051 0.683011 42446.dat
0 STEP
1 0 -87.212 134.9568 10.0017 0.9659 0.000044 0.258916 0.258916 0.000039 -0.9659 -0.000053 1 0.000026 03-01-thigh.ldr
0 STEP
1 0 87.1852 134.9748 9.9963 0.965954 0.000058 -0.258713 -0.258713 0.000011 -0.965954 -0.000053 1 0.000026 03-02-thigh.ldr
0 STEP
1 0 0 -23.1853 18.1584 0.000079 0 1 0.499901 0.866083 -0.000039 -0.866083 0.499901 0.000068 05-joint.ldr
0 NOFILE
0 FILE 05-joint.ldr
0 Name: 05-joint.ldr
0 Author: Nathanel Titane // nathanel.titane@gmail.com // All Rights Reserved
1 0 0 0 0 1 0 0 0 -1 -0.000053 0 0.000053 -1 32474.dat
1 0 0 -10 0 0.000026 -1 0 -1 -0.000026 -0.000053 0.000053 0 -1 32062.dat
1 0 0 -20 0 1 0 0 0 1 0.000106 0 -0.000106 1 32474.dat
0 NOFILE
0 FILE 06-torso.ldr
0 Name: 06-torso.ldr
0 Author: Nathanel Titane // nathanel.titane@gmail.com // All Rights Reserved
1 72 0 0 0 0.000026 0 1 0 1 0 -1 0 0.000026 92013.dat
1 71 0 34 0 -1 0 -0.000053 -0.000053 -0.000079 1 0 1 0.000079 11211.dat
1 71 0 34.0006 -8 -1 0 0.000053 0.000053 -0.000079 1 0 1 0.000079 3839b.dat
1 71 0 34.0006 -8 1 0 0 0 -0.000079 -1 0 1 -0.000079 85984.dat
1 72 0 33.9981 24 -1 0 -0.000053 -0.000053 -0.000079 1 0 1 0.000079 32028.dat
1 0 10 33.998 32 -1 0 -0.000053 -0.000053 -0.000079 1 0 1 0.000079 4073.dat
1 0 -10 33.9969 32 -1 0 -0.000053 -0.000053 -0.000079 1 0 1 0.000079 4073.dat
1 0 0 -8 0 -0.000079 0 -1 0 1 0 1 0 -0.000079 92582.dat
1 0 0 -16 -10 1 0 -0.000105 0 1 0 0.000105 0 1 2540.dat
1 0 0 -24 -10 1 0 -0.000105 0 1 0 0.000105 0 1 3069b.dat
1 14 -17 -14 -30 0.000131 0 1 0 1 0 -1 0 0.000131 4265c.dat
1 14 17 -14 -30 0.000131 0 1 0 1 0 -1 0 0.000131 4265c.dat
1 0 0 -29.5562 22.7281 1 0 -0.000105 -0.000074 0.707116 -0.707098 0.000074 0.707098 0.707116 60471.dat
1 71 0 -30.9702 35.4561 -1 0 0.000053 0.000037 0.707116 0.707098 -0.000037 0.707098 -0.707116 3020.dat
1 71 0 -18.2423 34.0417 -1 0 0.000053 0.000037 0.707116 0.707098 -0.000037 0.707098 -0.707116 3938.dat
1 71 0 -32.3843 48.184 -1 0 0.000053 0.000037 0.707116 0.707098 -0.000037 0.707098 -0.707116 3938.dat
1 0 -10 -43.6981 36.8705 -0.000079 0 -1 -0.707098 0.707116 0.000056 0.707116 0.707098 -0.000056 2555.dat
1 0 10 -43.6981 36.8704 -0.000079 0 -1 -0.707098 0.707116 0.000056 0.707116 0.707098 -0.000056 2555.dat
1 71 0 -46.527 5.7578 1 0 -0.000105 -0.000074 0.707116 -0.707098 0.000074 0.707098 0.707116 3660.dat
1 71 0 -49.3558 -25.3549 1 0 -0.000105 -0.000074 0.707116 -0.707098 0.000074 0.707098 0.707116 3937.dat
1 71 0 -37.2849 -26.9443 1 0 -0.000105 -0.000091 -0.49997 -0.866043 -0.000052 0.866043 -0.49997 3938.dat
1 0 0 -21.2859 -54.6577 1 0 -0.000105 -0.000091 -0.49997 -0.866043 -0.000052 0.866043 -0.49997 2432.dat
1 71 0 -63.4978 -11.2126 -1 0 0.000158 0.000112 0.707116 0.707098 -0.000112 0.707098 -0.707116 3937.dat
1 71 0 -66.4266 -4.1416 -1 0 0.000157 0 1 0 -0.000157 0 -1 3938.dat
1 71 0 -74.4266 -4.1415 1 0 -0.000211 0 1 0 0.000211 0 1 48336.dat
1 71 -10 -74.4266 -4.1416 0.000263 0 1 0 1 0 -1 0 0.000263 54200.dat
1 71 10 -74.4266 -4.1415 -0.000317 0 -1 0 1 0 1 0 -0.000317 54200.dat
1 71 -9.9999 -74.4766 -29.7806 -0.00008 0.000011 1 -0.939704 -0.34199 -0.000072 0.34199 -0.939704 0.000038 2555.dat
1 71 10.0001 -74.4805 -29.779 -0.00008 0.000011 1 -0.939704 -0.34199 -0.000072 0.34199 -0.939704 0.000038 2555.dat
1 71 0.0015 -74.9957 -48.7459 1 -0.000212 0.000011 -0.000196 -0.939713 -0.341965 0.000083 0.341965 -0.939713 99206.dat
1 71 0.0007 -81.835 -67.5401 -1 -0.000212 0.000042 0.000214 -0.939713 0.341965 -0.000033 0.341965 0.939713 99781.dat
1 72 -0.0018 -93.4508 -52.6716 1 -0.000212 0.000011 -0.000196 -0.939713 -0.341965 0.000083 0.341965 -0.939713 11203.dat
1 72 0.0011 -78.4154 -58.143 -1 -0.000212 0.000042 0.000214 -0.939713 0.341965 -0.000033 0.341965 0.939713 30602.dat
1 72 0 -18.2423 48.1836 -1 0 0.000158 0.000112 -0.707079 0.707134 0.000112 0.707134 0.707079 3937.dat
1 72 0 -35.2122 65.1549 1 0 -0.000211 -0.000149 -0.707079 -0.707134 -0.000149 0.707134 -0.707079 32028.dat
1 0 -10 -40.8689 70.8119 1 0 -0.000211 -0.000149 -0.707079 -0.707134 -0.000149 0.707134 -0.707079 4073.dat
1 0 10 -40.8689 70.8119 1 0 -0.000211 -0.000149 -0.707079 -0.707134 -0.000149 0.707134 -0.707079 4073.dat
1 0 0 -19.8315 36.1127 1 0 -0.000105 -0.000052 0.86603 -0.499992 0.000091 0.499992 0.86603 3937.dat
1 0 0 0.9533 48.1126 -1 0 0.000158 0.000079 0.86603 0.499992 -0.000137 0.499992 -0.86603 48336.dat
1 0 -10 7.8815 52.1125 -1 0 0.000158 0.000079 0.86603 0.499992 -0.000137 0.499992 -0.86603 3005.dat
1 0 10 7.8815 52.1125 -1 0 0.000158 0.000079 0.86603 0.499992 -0.000137 0.499992 -0.86603 3005.dat
1 0 10 -5.7615 72.2287 -0.000184 0 -1 -0.96592 0.25884 0.000178 0.25884 0.96592 -0.000048 2555.dat
1 0 10 -3.6908 79.956 -1 0 0.000158 0.000153 0.25884 0.96592 -0.000041 0.96592 -0.25884 3005.dat
1 0 -10 -5.7615 72.2287 -0.000184 0 -1 -0.96592 0.25884 0.000178 0.25884 0.96592 -0.000048 2555.dat
1 0 -10 -3.6908 79.956 -1 0 0.000158 0.000153 0.25884 0.96592 -0.000041 0.96592 -0.25884 3005.dat
1 72 -30 -18.2423 34.0417 1 0 0 0 0.707116 -0.707098 0 0.707098 0.707116 3665.dat
1 72 -30 -32.3843 48.184 -1 0 0.000053 0.000037 0.707116 0.707098 -0.000037 0.707098 -0.707116 3676.dat
1 72 -40 -52.1832 56.6695 -0.000079 0 -1 -0.707098 0.707116 0.000056 0.707116 0.707098 -0.000056 92946.dat
1 71 -50 -38.0412 42.5272 -1 0 0.000053 0.000037 0.707116 0.707098 -0.000037 0.707098 -0.707116 3070b.dat
1 71 -50 -57.8401 51.0128 -1 0 0.000053 0.000037 0.707116 0.707098 -0.000037 0.707098 -0.707116 4085d.dat
1 71 -50 -69.1536 67.9835 -0.000079 0 -1 0.707098 0.707116 -0.000056 0.707116 -0.707098 -0.000056 98397.dat
1 72 -50 -57.8401 51.0128 -1 0 0.000079 0.000056 0.707116 0.707098 -0.000056 0.707098 -0.707116 54200.dat
1 0 -30 0.1427 52.4262 0.000026 -1 0 0.707116 0.000018 -0.707098 0.707098 0.000018 0.707116 2780.dat
1 0 -30 -13.9993 66.5685 0.000026 -1 0 0.707116 0.000018 -0.707098 0.707098 0.000018 0.707116 2780.dat
1 0 -30 0.1429 66.5684 -1 -0.000052 0 0.000037 -0.707116 -0.707098 0.000037 -0.707098 0.707116 43857.dat
1 72 30 -18.2423 34.0417 1 0 0 0 0.707116 -0.707098 0 0.707098 0.707116 3665.dat
1 72 30 -32.3843 48.184 -0.000079 0 -1 -0.707098 0.707116 0.000056 0.707116 0.707098 -0.000056 3676.dat
1 72 40 -52.1832 56.6696 0.000132 0 1 0.707098 0.707116 -0.000093 -0.707116 0.707098 0.000093 92946.dat
1 71 50 -38.0412 42.5272 -1 0 0.000053 0.000037 0.707116 0.707098 -0.000037 0.707098 -0.707116 3070b.dat
1 71 50 -57.8401 51.0128 -1 0 0.000053 0.000037 0.707116 0.707098 -0.000037 0.707098 -0.707116 4085d.dat
1 71 50 -69.1536 67.9835 0.000132 0 1 -0.707134 0.707079 0.000093 -0.707079 -0.707134 0.000093 98397.dat
1 72 50 -57.8401 51.0128 -1 0 0.000079 0.000056 0.707116 0.707098 -0.000056 0.707098 -0.707116 54200.dat
1 0 30 0.1427 52.4262 0.000026 -1 0 0.707116 0.000018 -0.707098 0.707098 0.000018 0.707116 2780.dat
1 0 30 -13.9993 66.5685 0.000026 -1 0 0.707116 0.000018 -0.707098 0.707098 0.000018 0.707116 2780.dat
1 0 30 0.1429 66.5684 -1 -0.000052 0 0.000037 -0.707116 -0.707098 0.000037 -0.707098 0.707116 43857.dat
1 72 -30 -21.0712 2.929 0.000026 0 1 0.707098 0.707116 -0.000018 -0.707116 0.707098 0.000018 30241.dat
1 72 -30 -38.0419 -14.0413 0.000026 0 1 0.707098 0.707116 -0.000018 -0.707116 0.707098 0.000018 30241.dat
1 72 -50 -53.5985 -29.5975 -0.000079 0 -1 0.70706 -0.707154 -0.000056 -0.707154 -0.70706 0.000056 63965.dat
1 0 -30 -47.941 18.4857 -0.000079 0 -1 -0.707098 0.707116 0.000056 0.707116 0.707098 -0.000056 32064.dat
1 0 -30 -53.5979 12.8289 -0.000184 0 -1 -0.707097 0.707116 0.00013 0.707116 0.707098 -0.00013 60478.dat
1 72 -30.0055 -77.6395 31.2142 0.000184 0 -1 0.70706 -0.707154 0.00013 -0.707154 -0.70706 -0.00013 2555.dat
1 72 -30.0055 -83.2967 25.5577 0.000203 -0.000165 -1 0.707125 -0.707089 0.00026 -0.707089 -0.707125 -0.000027 3005.dat
1 0 -30 -59.2549 7.1722 0.000132 0 1 0.707098 0.707116 -0.000093 -0.707116 0.707098 0.000093 99207.dat
1 0 -44 -67.7403 -1.313 0 1 -0.000026 -0.706967 0.000018 0.707246 0.707246 0.000018 0.706967 30602.dat
