0 FILE 00-instructions.ldr
0 Name: 00-instructions.ldr
0 Author: Nathanel Titane // nathanel.titane@gmail.com // All Rights Reserved
0
0 // LPUB[3D] FRONT COVER PAGE /////////////////////////////////////////////////
0
0 !LPUB PAGE DOCUMENT_TITLE_FRONT COLOR "#666666"
0 !LPUB PAGE DOCUMENT_TITLE_FRONT CONTENT GLOBAL "MODEL // CR-C98E2 NINEBALL"
0 !LPUB PAGE DOCUMENT_TITLE_FRONT DISPLAY GLOBAL TRUE
0 !LPUB PAGE DOCUMENT_TITLE_FRONT FONT "Noto Sans,72,-1,0,75,0,0,0,0,0,Bold"
0 !LPUB PAGE DOCUMENT_TITLE_FRONT MARGINS 0.2500 0.1000
0 !LPUB PAGE DOCUMENT_TITLE_FRONT PLACEMENT GLOBAL TOP_LEFT PAGE INSIDE OFFSET 0.0000 0.0000

0 !LPUB PAGE DOCUMENT_AUTHOR_FRONT CONTENT GLOBAL "MODEL DESIGN AND INSTRUCTIONS // NATHANEL TITANE"
0 !LPUB PAGE DOCUMENT_AUTHOR_FRONT COLOR "#666666"
0 !LPUB PAGE DOCUMENT_AUTHOR_FRONT DISPLAY GLOBAL TRUE
0 !LPUB PAGE DOCUMENT_AUTHOR_FRONT FONT "Noto Sans,18,-1,0,75,0,0,0,0,0,Bold"
0 !LPUB PAGE DOCUMENT_AUTHOR_FRONT MARGINS 0.3000 1.0000
0 !LPUB PAGE DOCUMENT_AUTHOR_FRONT PLACEMENT TOP_LEFT PAGE INSIDE OFFSET 0.0000 0.0000

0 !LPUB PAGE MODEL_PARTS COLOR "#666666"
0 !LPUB PAGE MODEL_PARTS CONTENT GLOBAL "1222 PIECES"
0 !LPUB PAGE MODEL_PARTS DISPLAY GLOBAL TRUE
0 !LPUB PAGE MODEL_PARTS FONT "Noto Sans,72,-1,0,75,0,0,0,0,0,Bold"
0 !LPUB PAGE MODEL_PARTS MARGINS 0.2500 0.1000
0 !LPUB PAGE MODEL_PARTS PLACEMENT GLOBAL BOTTOM_LEFT PAGE INSIDE OFFSET 0.0000 0.0000

0 !LPUB PAGE PUBLISH_DESCRIPTION COLOR "#666666"
0 !LPUB PAGE PUBLISH_DESCRIPTION CONTENT GLOBAL "LEGO // LINUX - Where Lego and Linux Meet"
0 !LPUB PAGE PUBLISH_DESCRIPTION DISPLAY GLOBAL TRUE
0 !LPUB PAGE PUBLISH_DESCRIPTION FONT "Noto Sans,36,-1,0,75,0,0,0,0,0,Bold"
0 !LPUB PAGE PUBLISH_DESCRIPTION MARGINS 0.2000 0.2000
0 !LPUB PAGE PUBLISH_DESCRIPTION PLACEMENT GLOBAL BOTTOM_RIGHT PAGE INSIDE OFFSET 0.0000 0.0000
0
0 // LPUB[3D] BACK COVER PAGE //////////////////////////////////////////////////
0
0 // LPUB[3D] DOCUMENT DISCLAIMER
0 !LPUB PAGE LEGO_DISCLAIMER COLOR "#666666"
0 !LPUB PAGE LEGO_DISCLAIMER CONTENT GLOBAL "LEGO® // REGISTERED TRADEMARK OF THE LEGO GROUP"
0 !LPUB PAGE LEGO_DISCLAIMER DISPLAY GLOBAL TRUE
0 !LPUB PAGE LEGO_DISCLAIMER FONT "Noto Sans,36,-1,0,75,0,0,0,0,0,Bold"
0 !LPUB PAGE LEGO_DISCLAIMER PLACEMENT GLOBAL CENTER PAGE INSIDE OFFSET 0.0000 -0.2500
0
0 // LPUB[3D] PAGE DOCUMENT AUTHOR
0 !LPUB PAGE DOCUMENT_AUTHOR_BACK COLOR "#666666"
0 !LPUB PAGE DOCUMENT_AUTHOR_BACK CONTENT GLOBAL "MODEL DESIGN AND INSTRUCTIONS // NATHANEL TITANE"
0 !LPUB PAGE DOCUMENT_AUTHOR_BACK DISPLAY GLOBAL TRUE
0 !LPUB PAGE DOCUMENT_AUTHOR_BACK FONT "Noto Sans,36,-1,0,75,0,0,0,0,0,Bold"
0 !LPUB PAGE DOCUMENT_AUTHOR_BACK PLACEMENT CENTER PAGE INSIDE OFFSET 0.0000 -0.2000
0
0 // LPUB[3D] PAGE PUBLICATION COPYRIGHT
0 !LPUB PAGE PUBLISH_COPYRIGHT_BACK COLOR "#666666"
0 !LPUB PAGE PUBLISH_COPYRIGHT_BACK CONTENT GLOBAL "COPYRIGHT // ALL RIGHTS RESERVED"
0 !LPUB PAGE PUBLISH_COPYRIGHT_BACK DISPLAY GLOBAL TRUE
0 !LPUB PAGE PUBLISH_COPYRIGHT_BACK FONT "Noto Sans,36,-1,0,75,0,0,0,0,0,Bold"
0 !LPUB PAGE PUBLISH_COPYRIGHT_BACK PLACEMENT GLOBAL CENTER PAGE INSIDE OFFSET 0.0000 -0.1500
0
0 // LPUB[3D] PAGE PUBLICATION EMAIL
0 !LPUB PAGE PUBLISH_EMAIL_BACK COLOR "#666666"
0 !LPUB PAGE PUBLISH_EMAIL_BACK CONTENT GLOBAL "CONTACT // NATHANEL.TITANE@GMAIL.COM // INFO@LEGOLINUX.COM"
0 !LPUB PAGE PUBLISH_EMAIL_BACK DISPLAY GLOBAL TRUE
0 !LPUB PAGE PUBLISH_EMAIL_BACK FONT "Noto Sans,18,-1,0,75,0,0,0,0,0,Bold"
0 !LPUB PAGE PUBLISH_EMAIL_BACK PLACEMENT GLOBAL CENTER PAGE INSIDE OFFSET 0.0000 -0.0500
0
0 // LPUB[3D] PAGE PUBLICATION URL
0 !LPUB PAGE PUBLISH_URL_BACK COLOR "#666666"
0 !LPUB PAGE PUBLISH_URL_BACK CONTENT GLOBAL "WEB // HTTPS://LEGOLINUX.COM/MODELS/ARMORED-CORES/CR-C98E2-NINEBALL"
0 !LPUB PAGE PUBLISH_URL_BACK DISPLAY GLOBAL TRUE
0 !LPUB PAGE PUBLISH_URL_BACK FONT "Noto Sans,18,-1,0,75,0,0,0,0,0,Bold"
0 !LPUB PAGE PUBLISH_URL_BACK PLACEMENT GLOBAL CENTER PAGE INSIDE OFFSET 0.0000 -0.0250
0
0 // LPUB[3D] PAGE LOGO
0 !LPUB PAGE DOCUMENT_LOGO_BACK DISPLAY GLOBAL TRUE
0 !LPUB PAGE DOCUMENT_LOGO_BACK FILE GLOBAL "/media/internal/Lego/lpub3d/instructions/logo.png"
0 !LPUB PAGE DOCUMENT_LOGO_BACK PLACEMENT CENTER PAGE INSIDE OFFSET 0.0000 0.45000
0 !LPUB PAGE DOCUMENT_LOGO_BACK SCALE GLOBAL  1.0000
0
0 // LPUB[3D] CONFIGURATION ////////////////////////////////////////////////////
0
0 // LPUB[3D] PAGE WATERMARK
0 !LPUB PAGE PUBLISH_EMAIL CONTENT GLOBAL "CONTACT // NATHANEL.TITANE@GMAIL.COM // INFO@LEGOLINUX.COM"
0 !LPUB PAGE PUBLISH_EMAIL COLOR "#666666"
0 !LPUB PAGE PUBLISH_EMAIL DISPLAY GLOBAL TRUE
0 !LPUB PAGE PUBLISH_EMAIL FONT "Noto Sans,18,-1,0,75,0,0,0,0,0,Bold"
0 !LPUB PAGE PUBLISH_EMAIL MARGINS 0.0000 0.1500
0 !LPUB PAGE PUBLISH_EMAIL PLACEMENT GLOBAL BOTTOM PAGE INSIDE OFFSET 0.0000 0.0000
0 !LPUB PAGE DOCUMENT_AUTHOR CONTENT GLOBAL "MODEL DESIGN AND INSTRUCTIONS // NATHANEL TITANE"
0 !LPUB PAGE DOCUMENT_AUTHOR COLOR "#666666"
0 !LPUB PAGE DOCUMENT_AUTHOR DISPLAY GLOBAL TRUE
0 !LPUB PAGE DOCUMENT_AUTHOR FONT "Noto Sans,18,-1,0,75,0,0,0,0,0,Bold"
0 !LPUB PAGE DOCUMENT_AUTHOR MARGINS 0.0000 0.2000
0 !LPUB PAGE DOCUMENT_AUTHOR PLACEMENT GLOBAL TOP PAGE INSIDE OFFSET 0.0000 0.0000
0
0 // LPUB[3D] STEPS HIGHLIGHT
0 !LPUB HIGHLIGHT_STEP ENABLED GLOBAL TRUE
0 !LPUB HIGHLIGHT_STEP COLOR GLOBAL "#7137C8"
0
0 // LPUB[3D] STEP FADE
0 !LPUB FADE_STEP OPACITY GLOBAL "50"
0 !LPUB FADE_STEP COLOR GLOBAL "Trans_Black"
0 !LPUB FADE_STEP ENABLED GLOBAL TRUE
0 !LPUB FINAL_MODEL_ENABLED GLOBAL TRUE
0
0 // LPUB[3D] SUBMODEL PREVIEW
0 !LPUB SUBMODEL_DISPLAY SHOW GLOBAL TRUE
0 !LPUB SUBMODEL_DISPLAY BACKGROUND COLOR "#DDDDDD"
0 !LPUB SUBMODEL_DISPLAY MARGINS 0.1500 0.7500
0 !LPUB SUBMODEL_DISPLAY BORDER SQUARE 0 Black 0.031 MARGINS 0.050 0.050
0 !LPUB SUBMODEL_DISPLAY PLACEMENT GLOBAL LEFT PAGE INSIDE
0 !LPUB SUBMODEL_DISPLAY CAMERA_ANGLES 30.0000 45.0000
0
0 // LPUB[3D] ASSEMBLIES
0 !LPUB ASSEM CAMERA_ANGLES 30.0000 45.0000
0 !LPUB ASSEM MARGINS 0.5000 0.5000
0 !LPUB ASSEM MODEL_SCALE 1.0000
0 !LPUB ASSEM PLACEMENT CENTER PAGE INSIDE OFFSET 0.0000 0.0000
0
0 // LPUB[3D] BILL OF MATERIALS
0 !LPUB BOM BACKGROUND COLOR "#DDDDDD"
0 !LPUB BOM BORDER SQUARE 0 #666666 0.025 MARGINS 0.050 0.050
0 !LPUB BOM CONSTRAIN HEIGHT 13.0000
0 !LPUB BOM CONSTRAIN SQUARE
0 !LPUB BOM PLACEMENT CENTER PAGE INSIDE OFFSET 0.0000 0.0000
0
0 // LPUB[3D] CALLOUTS
0 !LPUB CALLOUT BORDER SQUARE 0 #666666 0.025 MARGINS 0.050 0.050
0 !LPUB CALLOUT MARGINS 0.1250 0.1250
0 !LPUB CALLOUT PLACEMENT RIGHT PAGE INSIDE OFFSET 0.0000 0.0000
0
0 // LPUB[3D] PAGE
0 !LPUB PAGE DOCUMENT_COVER_IMAGE DISPLAY GLOBAL TRUE
0 !LPUB PAGE DOCUMENT_COVER_IMAGE FILE GLOBAL "../renders/flat/flat.png"
0 !LPUB PAGE DOCUMENT_COVER_IMAGE FILL GLOBAL ASPECT
0 !LPUB PAGE DOCUMENT_COVER_IMAGE MARGINS GLOBAL 0.0000 0.0000
0 !LPUB PAGE DOCUMENT_COVER_IMAGE PLACEMENT GLOBAL CENTER PAGE INSIDE OFFSET 0.0000 0.0000
0 !LPUB PAGE DOCUMENT_COVER_IMAGE SCALE GLOBAL 1.0000
0
0 // LPUB[3D] PAGE NUMBER
0 !LPUB PAGE NUMBER FONT "Noto Sans,36,-1,0,75,0,0,0,0,0,Bold"
0 !LPUB PAGE NUMBER FONT_COLOR "#666666"
0 !LPUB PAGE NUMBER MARGINS 0.1250 0.1250
0 !LPUB PAGE NUMBER PLACEMENT BOTTOM_RIGHT PAGE INSIDE OFFSET 0.0000 0.0000
0
0 // LPUB[3D] PAGE SETUP
0 !LPUB PAGE BORDER GLOBAL NONE 0 MARGINS 0.000 0.000
0 !LPUB PAGE ENABLE_TEXT_PLACEMENT GLOBAL CENTER PAGE INSIDE OFFSET 0.0000 0.0000
0 !LPUB PAGE TEXT_PLACEMENT GLOBAL TRUE
0 !LPUB PAGE PAGE_FOOTER SIZE GLOBAL 32.0000 0.5000
0 !LPUB PAGE PAGE_HEADER SIZE GLOBAL 32.0000 0.5000
0 !LPUB PAGE MARGINS GLOBAL 0.0000 0.0000
0 !LPUB PAGE ORIENTATION GLOBAL LANDSCAPE
0 !LPUB PAGE SIZE GLOBAL 16.0000 32.0000
0
0 // LPUB[3D] PAGE COLORS
0 !LPUB PAGE SUBMODEL_BACKGROUND_COLOR GLOBAL "#DDDDDD" "#FFE680" "#FFAAAA" "#C6AFE9"
0
0 // LPUB[3D] SUBMODELS
0 !LPUB PAGE SUBMODEL_INSTANCE_COUNT FONT_COLOR "#FF5555"
0 !LPUB PAGE SUBMODEL_INSTANCE_COUNT FONT "Noto Sans,72,-1,0,75,0,0,0,0,0,Bold"
0 !LPUB PAGE SUBMODEL_INSTANCE_COUNT MARGINS 0.0000 0.1250
0 !LPUB PAGE SUBMODEL_INSTANCE_COUNT PLACEMENT BOTTOM_RIGHT PAGE INSIDE OFFSET 0.0000 -0.0500
0
0 // LPUB[3D] PARTS LIST
0 !LPUB PLI BACKGROUND COLOR "#DDDDDD"
0 !LPUB PLI BORDER SQUARE 0 #666666 0.025 MARGINS 0.0500 0.050
0 !LPUB PLI CAMERA_ANGLES 30.0000 45.0000
0 !LPUB PLI CONSTRAIN HEIGHT 5.0000
0 !LPUB PLI MODEL_SCALE  1.0000
0 !LPUB PLI MARGINS 0.1500 0.7500
0 !LPUB PLI PLACEMENT TOP_RIGHT PAGE INSIDE OFFSET 0.0000 0.0000
0 !LPUB PLI INSTANCE_COUNT FONT "Noto Sans,36,-1,0,75,0,0,0,0,0,Bold"
0 !LPUB PLI INSTANCE_COUNT FONT_COLOR "#666666"
0 !LPUB PLI INSTANCE_COUNT MARGINS 0.0125 0.0125
0 !LPUB PLI INSTANCE_COUNT MARGINS 0.0125 0.3000
0
0 // LPUB[3D] STEP NUMBER
0 !LPUB STEP_NUMBER FONT "Noto Sans,72,-1,0,75,0,0,0,0,0,Bold"
0 !LPUB STEP_NUMBER FONT_COLOR "#666666"
0 !LPUB STEP_NUMBER MARGINS 0.1250 0.0000
0 !LPUB STEP_NUMBER PLACEMENT TOP_LEFT PAGE INSIDE OFFSET 0.0000 0.0000
0
0 // LPUB[3D] BEGIN INSTRUCTIONS ///////////////////////////////////////////////
0
0 STEP
0 !LPUB INSERT COVER_PAGE FRONT
0 STEP
0 !LPUB ASSEM MODEL_SCALE LOCAL 0.7500
1 0 0 0 0 1 0 0 0 1 0 0 0 1 00-model.ldr
0 STEP
0
0 // LPUB[3D] DISABLE FINAL MODEL SHOWCASE /////////////////////////////////////
0
0 !LPUB NOSTEP
0
0 // LPUB[3D] BOM PAGES
0 STEP
0 !LPUB INSERT PAGE
0 !LPUB INSERT BOM
0 STEP
0 !LPUB INSERT PAGE
0 !LPUB INSERT BOM
0 STEP
0 !LPUB INSERT PAGE
0 !LPUB INSERT BOM
0 STEP
0 !LPUB INSERT PAGE
0 !LPUB INSERT BOM
0 STEP
0 !LPUB INSERT PAGE
0 !LPUB INSERT BOM
0 STEP
0 !LPUB INSERT PAGE
0 !LPUB INSERT BOM
0 STEP
0 !LPUB INSERT PAGE
0 !LPUB INSERT BOM
0 STEP
0 !LPUB INSERT PAGE
0 !LPUB INSERT BOM
0 STEP
0 !LPUB INSERT PAGE
0 !LPUB INSERT BOM
0 STEP
0 !LPUB INSERT PAGE
0 !LPUB INSERT BOM
0 STEP
0 !LPUB INSERT PAGE
0 !LPUB INSERT BOM
0 STEP
0 !LPUB INSERT PAGE
0 !LPUB INSERT BOM
0 STEP
0
0 !LPUB NOSTEP
0
0 !LPUB INSERT COVER_PAGE BACK
0
0 // LPUB[3D] END INSTRUCTIONS /////////////////////////////////////////////////
0
0 NOFILE
0 FILE 00-model.ldr
0 
0 Name: 00-model.ldr
0 Author: Nathanel Titane // nathanel.titane@gmail.com // All Rights Reserved
1 0 0 0 0 1 0 0 0 0 -1 0 1 0 04-waist.ldr
0 STEP
1 0 0 -70 0 1 0 0 0 0 -1 0 1 0 07-01-cr-c98e2.ldr
0 STEP
0 STEP
0 NOFILE
0 FILE 01-foot.ldr
0 
0 Name: 01-foot.ldr
0 Author: Nathanel Titane // nathanel.titane@gmail.com // All Rights Reserved
1 0 0 0 0 1 0 0 0 0 1 0 -1 0 32174.dat
1 72 0 20 2 0 1 0 0 0 1 1 0 0 6587.dat
1 71 0 10 20 1 0 0 0 1 0 0 0 1 32064.dat
0 STEP
1 72 0 20 32 1 0 0 0 0 -1 0 1 0 15535.dat
1 72 0 20 40 1 0 0 0 0 -1 0 1 0 2654.dat
0 STEP
1 0 0 34 20 1 0 0 0 1 0 0 0 1 4263.dat
1 72 -30 34 20 1 0 0 0 -1 0 0 0 -1 85861.dat
1 72 30 34 20 1 0 0 0 -1 0 0 0 -1 85861.dat
0 STEP
1 71 -33.473 10 39.696 0.984808 0 -0.173648 0 1 0 0.173648 0 0.984808 2921.dat
1 71 -35.21 2 49.544 0.173648 0 0.984808 0 1 0 -0.984808 0 0.173648 99563.dat
1 71 -36.946 10 59.393 0.984808 0 -0.173648 0 1 0 0.173648 0 0.984808 3005.dat
0 STEP
1 71 -40.419 34 79.089 0.984808 0 -0.173648 0 1 0 0.173648 0 0.984808 4287.dat
1 71 -43.891 34 98.785 -0.984808 0 0.173648 0 1 0 -0.173648 0 -0.984808 3040.dat
1 71 -42.156 34 88.937 0.173648 0 0.984808 0 1 0 -0.984808 0 0.173648 85984.dat
0 STEP
1 0 -45.628 58 108.633 -0.173648 0 -0.984808 0 1 0 0.984808 0 -0.173648 3710.dat
1 0 -45.628 66 108.633 -0.173648 0 -0.984808 0 1 0 0.984808 0 -0.173648 3710.dat
1 0 -50.838 58 138.177 -0.984808 0 0.173648 0 1 0 -0.173648 0 -0.984808 54200.dat
0 STEP
1 71 33.473 10 39.696 0.984808 0 0.173648 0 1 0 -0.173648 0 0.984808 2921.dat
1 71 35.21 2 49.544 -0.173648 0 0.984808 0 1 0 -0.984808 0 -0.173648 99563.dat
1 71 36.946 10 59.393 0.984808 0 0.173648 0 1 0 -0.173648 0 0.984808 3005.dat
0 STEP
1 71 40.419 34 79.089 0.984808 0 0.173648 0 1 0 -0.173648 0 0.984808 4287.dat
1 71 43.891 34 98.785 -0.984808 0 -0.173648 0 1 0 0.173648 0 -0.984808 3040.dat
1 71 42.156 34 88.937 0.173648 0 -0.984808 0 1 0 0.984808 0 0.173648 85984.dat
0 STEP
1 0 45.628 58 108.633 0.173648 0 -0.984808 0 1 0 0.984808 0 0.173648 3710.dat
1 0 45.628 66 108.633 0.173648 0 -0.984808 0 1 0 0.984808 0 0.173648 3710.dat
1 0 50.838 58 138.177 -0.984808 0 -0.173648 0 1 0 0.173648 0 -0.984808 54200.dat
0 STEP
1 0 0 2 20 1 0 0 0 1 0 0 0 1 4263.dat
1 0 0 2 20 1 0 0 0 1 0 0 0 1 85984.dat
1 72 -30 10 20 1 0 0 0 1 0 0 0 1 85861.dat
1 72 30 10 20 1 0 0 0 1 0 0 0 1 85861.dat
0 STEP
1 71 0 10 -20 1 0 0 0 1 0 0 0 1 32064.dat
1 71 0 10 -40 1 0 0 0 1 0 0 0 1 3298.dat
1 71 -10 10 -30 0 0 1 0 1 0 -1 0 0 85984.dat
1 71 10 10 -30 0 0 -1 0 1 0 1 0 0 85984.dat
0 STEP
1 71 0 34 -40 -1 0 0 0 1 0 0 0 -1 3660.dat
1 71 0 34 -70 1 0 0 0 1 0 0 0 1 44126.dat
0 STEP
1 0 0 58 -110 0 0 1 0 1 0 -1 0 0 3034.dat
1 0 0 58 -180 1 0 0 0 1 0 0 0 1 85984.dat
1 0 0 66 -40 1 0 0 0 1 0 0 0 1 3839a.dat
1 0 0 66 -110 0 0 -1 0 1 0 1 0 0 3795.dat
1 0 0 66 -180 -1 0 0 0 1 0 0 0 -1 3839a.dat
0 NOFILE
0 FILE 02-shin.ldr
0 
0 Name: 02-shin.ldr
0 Author: Nathanel Titane // nathanel.titane@gmail.com // All Rights Reserved
1 72 -10 56 180 -1 0 0 0 1 0 0 0 -1 4287.dat
1 72 10 56 180 -1 0 0 0 1 0 0 0 -1 4287.dat
0 STEP
1 71 0 32 220 1 0 0 0 1 0 0 0 1 3938.dat
1 72 0 32 220 -1 0 0 0 1 0 0 0 -1 3937.dat
0 STEP
1 72 10 32 190 1 0 0 0 1 0 0 0 1 42023.dat
1 72 -10 32 190 1 0 0 0 1 0 0 0 1 42023.dat
0 STEP
1 72 0 24 110 0 0 1 0 1 0 -1 0 0 2445.dat
1 72 0 32 80 -1 0 0 0 1 0 0 0 -1 3839b.dat
1 72 0 32 60 1 0 0 0 1 0 0 0 1 3839b.dat
1 71 0 40 80 -1 0 0 0 1 0 0 0 -1 3839b.dat
1 71 0 40 60 1 0 0 0 1 0 0 0 1 3839b.dat
0 STEP
1 0 -10 32 20 -1 0 0 0 1 0 0 0 -1 2449.dat
1 0 10 32 20 -1 0 0 0 1 0 0 0 -1 2449.dat
0 STEP
1 72 0 16 110 0 0 1 0 1 0 -1 0 0 3795.dat
0 STEP
1 72 0 0 220 -1 0 0 0 1 0 0 0 -1 85943.dat
0 STEP
1 0 0 10 250 -0.000026 1 0 1 0.000026 -0.000026 -0.000026 0 -1 53585.dat
1 0 0 10 250 -1 0 0.000026 0 1 0 -0.000026 0 -1 3705.dat
0 STEP
1 72 -19.9997 9.9997 250 -0.000026 -1 0 -1 0.000026 0 0 0 -1 15535.dat
1 72 -27.9997 9.9999 250 -0.000026 -1 0 -1 0.000026 0 0 0 -1 18674.dat
1 72 -35.9997 10.0002 250 -0.000026 -1 0 -1 0.000026 0 0 0 -1 2654.dat
0 STEP
1 72 20.0003 9.9966 250 0.000079 1 0 1 -0.000079 0 0 0 -1 15535.dat
1 72 28.0003 9.996 250 0.000079 1 0 1 -0.000079 0 0 0 -1 18674.dat
1 72 36.0003 9.9953 250 0.000079 1 0 1 -0.000079 0 0 0 -1 2654.dat
0 STEP
1 72 0 0 190 1 0 0 0 1 0 0 0 1 3003.dat
0 STEP
1 0 -10 -8 150 0 0 1 0 1 0 -1 0 0 11211.dat
1 0 -10 -8 110 0 0 1 0 1 0 -1 0 0 11211.dat
1 0 -10 -8 70 0 0 1 0 1 0 -1 0 0 11211.dat
1 0 10 -8 150 0 0 -1 0 1 0 1 0 0 11211.dat
1 0 10 -8 110 0 0 -1 0 1 0 1 0 0 11211.dat
1 0 10 -8 70 0 0 -1 0 1 0 1 0 0 11211.dat
0 STEP
1 72 0 0 0 1 0 0 0 1 0 0 0 1 32064.dat
1 72 0 0 20 1 0 0 0 1 0 0 0 1 32064.dat
1 72 0 0 40 1 0 0 0 1 0 0 0 1 32064.dat
0 STEP
1 0 0 10 10 0 0 -1 0 1 0 1 0 0 3705.dat
1 0 0 10 -20 1 0 0 0 0 -1 0 1 0 32474.dat
0 STEP
1 72 0 -8 20 0 0 1 0 1 0 -1 0 0 3021.dat
1 72 0 -8 200 0 0 1 0 1 0 -1 0 0 3021.dat
0 STEP
1 72 10 -8 220 0 0 -1 0 1 0 1 0 0 54200.dat
1 72 -10 -8 220 0 0 1 0 1 0 -1 0 0 54200.dat
0 STEP
1 71 0 -32 180 1 0 0 0 1 0 0 0 1 3298.dat
1 71 0 -32 200 -1 0 0 0 1 0 0 0 -1 3937.dat
1 71 0 -32 200 1 0 0 0 1 0 0 0 1 6134.dat
0 STEP
1 71 0 -32 0 1 0 0 0 1 0 0 0 1 3004.dat
1 71 0 -32 30 -1 0 0 0 1 0 0 0 -1 44126.dat
0 STEP
1 71 0 -40 20 0 0 -1 0 1 0 1 0 0 3021.dat
1 71 0 -64 20 -1 0 0 0 1 0 0 0 -1 3039.dat
1 71 10 -64 20 0 0 -1 0 1 0 1 0 0 54200.dat
1 71 -10 -64 20 0 0 1 0 1 0 -1 0 0 54200.dat
0 STEP
1 71 0 -64 0 1 0 0 0 1 0 0 0 1 3937.dat
1 71 0 -64 0 -1 0 0 0 1 0 0 0 -1 6134.dat
1 71 0 -72 -10 1 0 0 0 1 0 0 0 1 3068b.dat
0 STEP
1 71 0 -56 220 -1 0 0 0 1 0 0 0 -1 3747b.dat
1 71 0 -56 200 1 0 0 0 1 0 0 0 1 3039.dat
1 71 -10 -56 250 0 0 1 0 1 0 -1 0 0 85984.dat
1 71 -10 -56 210 0 0 1 0 1 0 -1 0 0 85984.dat
1 71 10 -56 210 0 0 -1 0 1 0 1 0 0 85984.dat
1 71 10 -56 250 0 0 -1 0 1 0 1 0 0 85984.dat
0 STEP
1 72 -28 12 220 0 1 0 1 0 0 0 0 -1 18649.dat
1 72 -28 12 110 0 1 0 0 0 -1 -1 0 0 3832.dat
0 STEP
1 72 -36 42 190 0 1 0 0 0 -1 -1 0 0 48336.dat
1 72 -28 42 190 0 1 0 0 0 -1 -1 0 0 32028.dat
1 72 -28 -18 190 0 1 0 0 0 1 1 0 0 32028.dat
1 72 -36 -18 190 0 1 0 0 0 1 1 0 0 32028.dat
0 STEP
1 0 -52 22 190 0 1 0 0 0 -1 -1 0 0 47759.dat
1 0 -52 2 190 0 1 0 0 0 1 1 0 0 47759.dat
1 0 -60 12 190 0 1 0 0 0 1 1 0 0 3068b.dat
0 STEP
1 72 -35.5 68 200 0.965926 -0.258819 0 0.258819 0.965926 0 0 0 1 2555.dat
1 72 -35.5 68 180 0.965926 -0.258819 0 0.258819 0.965926 0 0 0 1 2555.dat
1 71 -37.571 75.727 180 -0.965926 -0.258819 0 -0.258819 0.965926 0 0 0 -1 3665.dat
0 STEP
1 0 -28 2 140 0 1 0 0 0 1 1 0 0 54200.dat
1 0 -28 22 140 0 1 0 0 0 -1 -1 0 0 54200.dat
0 STEP
1 72 -28 -18 30 0 1 0 0 0 1 1 0 0 32028.dat
0 STEP
1 0 -52 22 30 0 1 0 1 0 0 0 0 -1 42022.dat
1 0 -52 2 30 0 1 0 1 0 0 0 0 -1 41747.dat
0 STEP
1 71 -10 32 0 0 0 1 0 1 0 -1 0 0 3040.dat
1 71 -20 56 0 1 0 0 0 1 0 0 0 1 4864b.dat
0 STEP
1 72 28 12 220 0 -1 0 -1 0 0 0 0 -1 18649.dat
1 72 28 12 110 0 -1 0 0 0 1 -1 0 0 3832.dat
0 STEP
1 72 36 42 190 0 -1 0 0 0 -1 1 0 0 48336.dat
1 72 28 42 190 0 -1 0 0 0 -1 1 0 0 32028.dat
1 72 28 -18 190 0 -1 0 0 0 1 -1 0 0 32028.dat
1 72 36 -18 190 0 -1 0 0 0 1 -1 0 0 32028.dat
0 STEP
1 71 10 48 70 0 0 1 0 1 0 -1 0 0 3938.dat
1 71 -10 48 70 0 0 1 0 1 0 -1 0 0 3938.dat
1 0 -60 12 30 0 1 0 0 0 1 1 0 0 3068b.dat
0 STEP
1 0 52 22 190 0 -1 0 0 0 -1 1 0 0 47759.dat
1 0 52 2 190 0 -1 0 0 0 1 -1 0 0 47759.dat
1 0 60 12 190 0 -1 0 0 0 -1 1 0 0 3068b.dat
0 STEP
1 72 35.5 68 200 0.965926 0.258819 0 -0.258819 0.965926 0 0 0 1 2555.dat
1 72 35.5 68 180 0.965926 0.258819 0 -0.258819 0.965926 0 0 0 1 2555.dat
1 71 37.571 75.727 180 -0.965926 0.258819 0 0.258819 0.965926 0 0 0 -1 3665.dat
0 STEP
1 0 28 22 140 0 -1 0 0 0 -1 1 0 0 54200.dat
1 0 28 2 140 0 -1 0 0 0 1 -1 0 0 54200.dat
0 STEP
1 72 28 -18 30 0 -1 0 0 0 1 -1 0 0 32028.dat
0 STEP
1 0 52 22 30 0 -1 0 -1 0 0 0 0 -1 42022.dat
1 0 52 2 30 0 -1 0 -1 0 0 0 0 -1 41748.dat
1 0 60 12 30 0 -1 0 0 0 -1 1 0 0 3068b.dat
0 STEP
1 71 10 32 0 0 0 -1 0 1 0 1 0 0 3040.dat
1 71 20 56 0 1 0 0 0 1 0 0 0 1 4864b.dat
0 STEP
1 0 0 88 0 0 0 1 0 1 0 -1 0 0 52501.dat
1 0 0 88 -20 0 0 1 0 1 0 -1 0 0 52501.dat
0 STEP
1 71 -40 126 -10 0 1 0 0 0 1 1 0 0 44728.dat
1 71 -32 126 -20 0 1 0 1 0 0 0 0 -1 3665.dat
1 71 -8 126 -20 0 1 0 0 0 1 1 0 0 4073.dat
0 STEP
1 71 40 126 -10 0 -1 0 0 0 1 -1 0 0 44728.dat
1 71 32 126 -20 0 -1 0 -1 0 0 0 0 -1 3665.dat
1 71 8 126 -20 0 -1 0 0 0 1 -1 0 0 4073.dat
0 STEP
1 71 -40 126 0 0 1 0 1 0 0 0 0 -1 54200.dat
1 71 -40 126 -20 0 1 0 -1 0 0 0 0 1 54200.dat
1 71 40 126 -20 0 -1 0 1 0 0 0 0 1 54200.dat
1 71 40 126 0 0 -1 0 -1 0 0 0 0 -1 54200.dat
0 STEP
1 0 -50 40 -10 0 0 1 0 1 0 -1 0 0 3245b.dat
1 0 -50 16 -10 0 0 -1 0 1 0 1 0 0 3660.dat
1 0 -30 -56 -10 0 0 1 0 1 0 -1 0 0 3684a.dat
0 STEP
1 0 50 40 -10 0 0 -1 0 1 0 1 0 0 3245b.dat
1 0 50 16 -10 0 0 1 0 1 0 -1 0 0 3660.dat
1 0 30 -56 -10 0 0 -1 0 1 0 1 0 0 3684a.dat
0 STEP
1 71 0 96 -20 1 0 0 0 1 0 0 0 1 2431.dat
0 STEP
1 71 -30 -56 0 -1 0 0 0 1 0 0 0 -1 54200.dat
1 71 -30 -56 -20 1 0 0 0 1 0 0 0 1 54200.dat
1 71 30 -56 -20 1 0 0 0 1 0 0 0 1 54200.dat
1 71 30 -56 0 -1 0 0 0 1 0 0 0 -1 54200.dat
0 STEP
1 0 0 13.473 -39.696 1 0 0 0 0.173648 0.984808 0 -0.984808 0.173648 01-foot.ldr
0 NOFILE
0 FILE 03-01-foreleg.ldr
0 
0 Name: 03-01-foreleg.ldr
0 Author: Nathanel Titane // nathanel.titane@gmail.com // All Rights Reserved
1 0 -1.2252 24 80.6935 0.258819 0 -0.965926 0 1 0 0.965926 0 0.258819 3021.dat
1 0 -10.8845 32 83.2817 -0.965926 0 -0.258819 0 1 0 0.258819 0 -0.965926 3676.dat
1 0 8.434 32 78.1053 -0.965926 0 -0.258819 0 1 0 0.258819 0 -0.965926 3665.dat
1 71 -6.4016 32 61.375 0.965926 0 0.258819 0 1 0 -0.258819 0 0.965926 3938.dat
0 STEP
1 72 -8.9898 0 51.7157 0.258819 0 -0.965926 0 1 0 0.965926 0 0.258819 3003.dat
1 72 1.363 0 90.3528 0.965926 0 0.258819 0 1 0 -0.258819 0 0.965926 48170.dat
1 0 40 10 80 1 0 0 0 1 0 0 0 1 47455.dat
0 STEP
1 0 -21.2373 24 44.6447 0.965926 0 0.258819 0 1 0 -0.258819 0 0.965926 4287.dat
1 0 -1.9187 24 39.4683 0.965926 0 0.258819 0 1 0 -0.258819 0 0.965926 4287.dat
0 STEP
1 72 -16.7546 0 22.738 -0.965933 0 -0.258794 0 1 0 0.258794 0 -0.965933 32064.dat
1 72 -21.9305 0 3.4193 -0.965933 0 -0.258794 0 1 0 0.258794 0 -0.965933 32064.dat
0 STEP
1 0 -21.9308 10 3.4194 0.258819 0 -0.965926 0 1 0 0.965926 0 0.258819 4519.dat
1 0 -29.6953 10 -25.5584 0.258819 -0.965926 -0.000025 0 0.000026 -1 0.965926 0.258819 0.000007 32174.dat
0 STEP
1 72 -20.036 -10 -28.1463 0.258794 0.965933 -0.000007 0.000026 0 1 0.965933 -0.258794 -0.000025 20482.dat
1 72 -39.3547 -10 -22.9705 0.258794 -0.965933 0.000007 0.000026 0 -1 0.965933 0.258794 0.000025 20482.dat
1 72 -12.3085 -10 -30.2166 0.258794 0.965933 -0.000007 0.000026 0 1 0.965933 -0.258794 -0.000025 4073.dat
1 72 -47.0821 -10 -20.9001 0.258794 -0.965933 0.000007 0.000026 0 -1 0.965933 0.258794 0.000025 4073.dat
0 STEP
1 71 3.9512 -8 100.012 -0.965926 0 -0.258819 0 1 0 0.258819 0 -0.965926 44728.dat
1 71 -6.4016 -8 61.375 0.258819 0 -0.965926 0 1 0 0.965926 0 0.258819 3021.dat
1 71 17.2339 12 110.9468 0 -0.258819 -0.965926 1 0 0 0 -0.965926 0.258819 85984.dat
1 71 -2.0846 12 116.1232 0 -0.258819 0.965926 -1 0 0 0 -0.965926 -0.258819 85984.dat
0 STEP
1 0 -30.203 8 88.4581 0.965926 0 0.258819 0 1 0 -0.258819 0 0.965926 3665.dat
1 0 -25.0266 8 107.7766 -0.258819 0 0.965926 0 1 0 -0.965926 0 -0.258819 4070.dat
1 0 -38.5496 18 111.4001 0 0.965926 0.258819 -1 0 0 0 -0.258819 0.965926 3070b.dat
0 STEP
1 0 -27.6148 8 98.1173 -0.258819 0 0.965926 0 1 0 -0.965926 0 -0.258819 85984.dat
1 0 -35.3794 8 69.1396 -0.258819 0 0.965926 0 1 0 -0.965926 0 -0.258819 54200.dat
0 STEP
1 0 -12.2715 0 0.8312 0.258819 0 -0.965926 0 1 0 0.965926 0 0.258819 54200.dat
1 0 -31.59 0 6.0076 -0.258819 0 0.965926 0 1 0 -0.965926 0 -0.258819 54200.dat
1 0 -16.7544 -24 22.7379 -0.965926 0 -0.258819 0 1 0 0.258819 0 -0.965926 3049c.dat
0 STEP
1 0 -1.2252 -32 80.6935 -0.965926 0 -0.258819 0 1 0 0.258819 0 -0.965926 3039.dat
1 0 -16.0609 -32 63.9632 -0.258819 0 0.965926 0 1 0 -0.965926 0 -0.258819 4070.dat
1 0 3.2576 -32 58.7868 0.258819 0 -0.965926 0 1 0 0.965926 0 0.258819 4070.dat
0 STEP
1 0 -11.578 -32 42.0565 -0.965926 0 -0.258819 0 1 0 0.258819 0 -0.965926 3049c.dat
0 STEP
1 71 5.8458 -32 68.4461 0.258819 0 -0.965926 0 1 0 0.965926 0 0.258819 85984.dat
1 71 -13.4727 -32 73.6224 -0.258819 0 0.965926 0 1 0 -0.965926 0 -0.258819 85984.dat
0 STEP
1 0 -94.4001 20 -267.0399 0.965926 0 0.258819 0 1 0 -0.258819 0 0.965926 02-shin.ldr
0 NOFILE
0 FILE 03-02-foreleg.ldr
0 
0 Name: 03-02-foreleg.ldr
0 Author: Nathanel Titane // nathanel.titane@gmail.com // All Rights Reserved
1 0 1.2252 24 80.6935 -0.258819 0 -0.965926 0 1 0 0.965926 0 -0.258819 3021.dat
1 0 10.8845 32 83.2817 -0.258819 0 -0.965926 0 1 0 0.965926 0 -0.258819 3676.dat
1 0 -8.434 32 78.1053 -0.965926 0 0.258819 0 1 0 -0.258819 0 -0.965926 3665.dat
1 71 6.4016 32 61.375 0.965926 0 -0.258819 0 1 0 0.258819 0 0.965926 3938.dat
0 STEP
1 72 8.9898 0 51.7157 -0.258819 0 -0.965926 0 1 0 0.965926 0 -0.258819 3003.dat
1 72 -1.363 0 90.3528 -0.965926 0 0.258819 0 1 0 -0.258819 0 -0.965926 48170.dat
1 0 -40 10 80 -1 0 0 0 1 0 0 0 -1 47455.dat
0 STEP
1 0 1.9187 24 39.4683 0.965926 0 -0.258819 0 1 0 0.258819 0 0.965926 4287.dat
1 0 21.2372 24 44.6447 0.965926 0 -0.258819 0 1 0 0.258819 0 0.965926 4287.dat
0 STEP
1 72 16.7542 0 22.7379 -0.965919 0 0.258844 0 1 0 -0.258844 0 -0.965919 32064.dat
1 72 21.931 0 3.4195 -0.965919 0 0.258844 0 1 0 -0.258844 0 -0.965919 32064.dat
0 STEP
1 0 21.9307 10 3.4194 -0.258819 0 -0.965926 0 1 0 0.965926 0 -0.258819 4519.dat
1 0 29.6953 10 -25.5583 -0.258819 -0.965926 -0.000025 0 0.000026 -1 0.965926 -0.258819 -0.000007 32174.dat
0 STEP
1 72 39.3545 -10 -22.9698 -0.258844 0.965919 0.000007 0.000026 0 1 0.965919 0.258844 -0.000025 20482.dat
1 72 20.0361 -10 -28.1468 -0.258844 -0.965919 -0.000007 0.000026 0 -1 0.965919 -0.258844 0.000025 20482.dat
1 72 47.0819 -10 -20.8991 -0.258844 0.965919 0.000007 0.000026 0 1 0.965919 0.258844 -0.000025 4073.dat
1 72 12.3088 -10 -30.2176 -0.258844 -0.965919 -0.000007 0.000026 0 -1 0.965919 -0.258844 0.000025 4073.dat
0 STEP
1 71 -3.9512 -8 100.012 -0.965926 0 0.258819 0 1 0 -0.258819 0 -0.965926 44728.dat
1 71 6.4016 -8 61.375 -0.258819 0 -0.965926 0 1 0 0.965926 0 -0.258819 3021.dat
1 71 2.0846 12 116.1232 0 0.258819 -0.965926 1 0 0 0 -0.965926 -0.258819 85984.dat
1 71 -17.2339 12 110.9468 0 0.258819 0.965926 -1 0 0 0 -0.965926 0.258819 85984.dat
0 STEP
1 0 30.203 8 88.4581 0.965926 0 -0.258819 0 1 0 0.258819 0 0.965926 3665.dat
1 0 25.0266 8 107.7766 -0.258819 0 -0.965926 0 1 0 0.965926 0 -0.258819 4070.dat
1 0 38.5496 18 111.4001 0 -0.965926 0.258819 -1 0 0 0 -0.258819 -0.965926 3070b.dat
0 STEP
1 0 27.6148 8 98.1173 -0.258819 0 -0.965926 0 1 0 0.965926 0 -0.258819 85984.dat
1 0 35.3794 8 69.1396 -0.258819 0 -0.965926 0 1 0 0.965926 0 -0.258819 54200.dat
0 STEP
1 0 31.59 0 6.0076 -0.258819 0 -0.965926 0 1 0 0.965926 0 -0.258819 54200.dat
1 0 12.2715 0 0.8313 0.258819 0 0.965926 0 1 0 -0.965926 0 0.258819 54200.dat
1 0 16.7544 -24 22.738 -0.965926 0 0.258819 0 1 0 -0.258819 0 -0.965926 3049c.dat
0 STEP
1 0 1.2252 -32 80.6935 -0.965926 0 0.258819 0 1 0 -0.258819 0 -0.965926 3039.dat
1 0 -3.2577 -32 58.7868 0.258819 0 0.965926 0 1 0 -0.965926 0 0.258819 4070.dat
1 0 16.0609 -32 63.9632 -0.258819 0 -0.965926 0 1 0 0.965926 0 -0.258819 4070.dat
0 STEP
1 0 11.578 -32 42.0565 -0.965926 0 0.258819 0 1 0 -0.258819 0 -0.965926 3049c.dat
0 STEP
1 71 13.4727 -32 73.6224 -0.258819 0 -0.965926 0 1 0 0.965926 0 -0.258819 85984.dat
1 71 -5.8458 -32 68.4461 0.258819 0 0.965926 0 1 0 -0.965926 0 0.258819 85984.dat
0 STEP
1 0 94.4001 20 -267.0398 0.965926 0 -0.258819 0 1 0 0.258819 0 0.965926 02-shin.ldr
0 NOFILE
0 FILE 04-waist.ldr
0 
0 Name: 04-waist.ldr
0 Author: Nathanel Titane // nathanel.titane@gmail.com // All Rights Reserved
1 71 -30 56 40 0 0 1 0 1 0 -1 0 0 32028.dat
1 71 30 56 40 0 0 -1 0 1 0 1 0 0 32028.dat
1 0 0 64 40 0 0 1 0 1 0 -1 0 0 4871.dat
0 STEP
1 72 0 56 30 1 0 0 0 1 0 0 0 1 2877.dat
1 72 0 56 50 -1 0 0 0 1 0 0 0 -1 2877.dat
0 STEP
1 0 0 32 50 1 0 0 0 1 0 0 0 1 3010.dat
1 0 30 32 30 0 0 -1 0 1 0 1 0 0 4070.dat
1 0 -30 32 30 0 0 1 0 1 0 -1 0 0 4070.dat
0 STEP
1 0 30 8 50 1 0 0 0 1 0 0 0 1 3040.dat
1 0 -30 8 50 1 0 0 0 1 0 0 0 1 3040.dat
1 0 30 8 50 0 0 -1 0 1 0 1 0 0 54200.dat
1 0 -30 8 50 0 0 1 0 1 0 -1 0 0 54200.dat
0 STEP
1 0 0 32 30 1 0 0 0 1 0 0 0 1 3747b.dat
1 0 0 24 20 0 0 1 0 1 0 -1 0 0 3020.dat
0 STEP
1 71 0 0 50 1 0 0 0 1 0 0 0 1 3700.dat
1 71 0 0 30 1 0 0 0 1 0 0 0 1 3700.dat
1 0 0 10 50 0 0 1 0 1 0 -1 0 0 6558.dat
0 STEP
1 71 0 0 0 1 0 0 0 1 0 0 0 1 48172.dat
0 STEP
1 0 0 -8 30 0 0 1 0 1 0 -1 0 0 3021.dat
1 0 0 -8 -10 1 0 0 0 1 0 0 0 1 44728.dat
0 STEP
1 0 0 22 -24 1 0 0 0 0 -1 0 1 0 85984.dat
1 0 0 2 -24 -1 0 0 0 0 1 0 1 0 85984.dat
0 STEP
1 0 0 -32 10 1 0 0 0 1 0 0 0 1 32000.dat
1 0 0 -32 -10 1 0 0 0 1 0 0 0 1 3660.dat
1 0 -10 -32 40 0 0 1 0 1 0 -1 0 0 3660.dat
1 0 10 -32 40 0 0 -1 0 1 0 1 0 0 3660.dat
0 STEP
1 0 -30 -56 50 0 0 -1 0 1 0 1 0 0 3040.dat
1 0 30 -56 50 0 0 1 0 1 0 -1 0 0 3040.dat
1 0 30 -32 30 1 0 0 0 1 0 0 0 1 54200.dat
1 0 -30 -32 30 1 0 0 0 1 0 0 0 1 54200.dat
0 STEP
1 0 0 -56 0 0 0 1 0 1 0 -1 0 0 3001.dat
1 71 -30 -56 50 0 0 1 0 1 0 -1 0 0 54200.dat
1 71 30 -56 50 0 0 -1 0 1 0 1 0 0 54200.dat
0 STEP
1 71 0 -80 -30 -1 0 0 0 1 0 0 0 -1 30363.dat
1 71 10 -80 -30 0 0 -1 0 1 0 1 0 0 54200.dat
1 71 -10 -80 -30 0 0 1 0 1 0 -1 0 0 54200.dat
0 STEP
0 !LEOCAD PIECE PIVOT  40 10 80 1 0 0 0 1 0 0 0 1
1 0 -100 0 -80 1 0 0 0 1 0 0 0 1 03-01-foreleg.ldr
0 STEP
0 !LEOCAD PIECE PIVOT  -40 10 80 1 0 0 0 1 0 0 0 1
1 0 100 0 -80 1 0 0 0 1 0 0 0 1 03-02-foreleg.ldr
0 NOFILE
0 FILE 07-01-cr-c98e2.ldr
0 
0 Name: 07-01-cr-c98e2.ldr
0 Author: Nathanel Titane // nathanel.titane@gmail.com // All Rights Reserved
1 71 -40 48 90 1 0 0 0 1 0 0 0 1 3003.dat
1 71 40 48 90 1 0 0 0 1 0 0 0 1 3003.dat
1 71 0 48 100 0 0 -1 0 1 0 1 0 0 3002.dat
0 STEP
1 72 0 48 60 1 0 0 0 1 0 0 0 1 3747b.dat
1 0 -30 48 60 0 0 1 0 1 0 -1 0 0 3676.dat
1 0 30 48 60 1 0 0 0 1 0 0 0 1 3676.dat
0 STEP
1 0 -40 0 70 0 0 1 0 1 0 -1 0 0 6061.dat
1 0 40 0 70 0 0 1 0 1 0 -1 0 0 6061.dat
1 0 0 0 70 0 0 -1 0 1 0 1 0 0 2434.dat
0 STEP
1 71 0 0 20 1 0 0 0 1 0 0 0 1 3700.dat
1 71 0 0 0 1 0 0 0 1 0 0 0 1 3700.dat
1 71 10 24 20 1 0 0 0 1 0 0 0 1 3676.dat
1 71 -10 24 20 0 0 1 0 1 0 -1 0 0 3676.dat
1 71 30 0 10 0 0 -1 0 1 0 1 0 0 3700.dat
1 71 -30 0 10 0 0 -1 0 1 0 1 0 0 3700.dat
0 STEP
1 72 40 10 10 0 1 0 -1 0 0 0 0 1 4073.dat
1 72 -40 10 10 0 -1 0 1 0 0 0 0 1 4073.dat
0 STEP
1 71 -10 -48 20 0 0 1 0 1 0 -1 0 0 60481.dat
1 71 10 -48 20 0 0 -1 0 1 0 1 0 0 60481.dat
0 STEP
1 71 -10 -24 0 0 0 1 0 1 0 -1 0 0 3040.dat
1 71 10 -24 0 0 0 -1 0 1 0 1 0 0 3040.dat
1 71 10 -48 0 0 0 -1 0 1 0 1 0 0 4070.dat
1 71 -10 -48 0 0 0 1 0 1 0 -1 0 0 4070.dat
0 STEP
1 0 0 -24 50 1 0 0 0 1 0 0 0 1 2456.dat
1 0 -40 -24 100 0 0 1 0 1 0 -1 0 0 3002.dat
1 0 40 -24 100 0 0 1 0 1 0 -1 0 0 3002.dat
0 STEP
1 0 0 -48 50 1 0 0 0 1 0 0 0 1 3003.dat
1 71 0 -48 80 -1 0 0 0 1 0 0 0 -1 3678b.dat
0 STEP
1 0 -40 -48 100 -1 0 0 0 1 0 0 0 -1 3039.dat
1 0 40 -48 100 -1 0 0 0 1 0 0 0 -1 3039.dat
1 0 30 -48 80 0 0 1 0 1 0 -1 0 0 2357.dat
1 0 -30 -48 80 -1 0 0 0 1 0 0 0 -1 2357.dat
0 STEP
1 0 0 -72 60 1 0 0 0 1 0 0 0 1 30363.dat
1 0 0 -72 80 -1 0 0 0 1 0 0 0 -1 3747b.dat
1 0 0 -80 70 1 0 0 0 1 0 0 0 1 87580.dat
0 STEP
1 0 -10 -96 120 -1 0 0 0 1 0 0 0 -1 4070.dat
1 72 -10 -86 134 -1 0 0 0 0 -1 0 -1 0 98138.dat
1 0 10 -96 100 0 0 -1 0 1 0 1 0 0 2357.dat
0 STEP
1 71 0 -104 70 1 0 0 0 1 0 0 0 1 98100.dat
1 71 0 -128 70 1 0 0 0 1 0 0 0 1 3062b.dat
0 STEP
1 71 50 -44 60 0 -1 0 -1 0 0 0 0 -1 62462.dat
1 71 -50 -44 60 0 1 0 -1 0 0 0 0 1 62462.dat
1 71 -30 -68 60 0 1 0 -1 0 0 0 0 1 62462.dat
1 71 30 -68 60 0 -1 0 -1 0 0 0 0 -1 62462.dat
1 72 30 -88 60 -1 0 0 0 -1 0 0 0 1 4073.dat
1 72 -30 -88 60 -1 0 0 0 -1 0 0 0 1 4073.dat
1 72 -50 -64 60 -1 0 0 0 -1 0 0 0 1 4073.dat
1 72 50 -64 60 -1 0 0 0 -1 0 0 0 1 4073.dat
0 STEP
1 0 0 -168 100 -1 0 0 0 1 0 0 0 -1 3684a.dat
1 0 10 -168 100 0 0 -1 0 1 0 1 0 0 54200.dat
1 0 -10 -168 100 0 0 1 0 1 0 -1 0 0 54200.dat
0 STEP
1 0 -30 -120 80 -1 0 0 0 1 0 0 0 -1 3685.dat
1 0 30 -120 80 0 0 -1 0 1 0 1 0 0 3685.dat
1 0 30 -120 80 -1 0 0 0 1 0 0 0 -1 54200.dat
1 0 -30 -120 80 -1 0 0 0 1 0 0 0 -1 54200.dat
0 STEP
1 72 -40 -34 40 0 0 1 0 1 0 -1 0 0 43857.dat
1 71 -40 -44 40 -1 0 0 0 -1 0 0 0 1 3023.dat
1 72 -50 -52 40 0 0 -1 0 -1 0 -1 0 0 3665.dat
0 STEP
1 72 40 -34 40 0 0 1 0 1 0 -1 0 0 43857.dat
1 71 40 -44 40 -1 0 0 0 -1 0 0 0 1 3023.dat
1 72 50 -52 40 0 0 1 0 -1 0 1 0 0 3665.dat
0 STEP
1 71 0 72 120 -1 0 0 0 1 0 0 0 -1 3660.dat
1 71 0 96 120 1 0 0 0 1 0 0 0 1 3938.dat
0 STEP
1 71 0 24 120 -1 0 0 0 1 0 0 0 -1 3039.dat
1 71 0 48 140 -1 0 0 0 1 0 0 0 -1 2877.dat
0 STEP
1 71 -10 16 120 -1 0 0 0 1 0 0 0 -1 54200.dat
1 71 10 16 120 -1 0 0 0 1 0 0 0 -1 54200.dat
1 71 0 16 120 -1 0 0 0 1 0 0 0 -1 14704.dat
0 STEP
1 0 -40 0 120 -1 0 0 0 1 0 0 0 -1 3684a.dat
1 0 40 0 120 -1 0 0 0 1 0 0 0 -1 3684a.dat
0 STEP
1 0 30 72 140 0 0 1 0 1 0 -1 0 0 3622.dat
1 0 30 96 140 1 0 0 0 1 0 0 0 1 2341.dat
1 0 30 72 160 -1 0 0 0 1 0 0 0 -1 54200.dat
1 0 -30 72 140 0 0 1 0 1 0 -1 0 0 3622.dat
1 0 -30 96 140 1 0 0 0 1 0 0 0 1 2341.dat
1 0 -30 72 160 -1 0 0 0 1 0 0 0 -1 54200.dat
0 STEP
1 0 -50 72 130 0 0 1 0 1 0 -1 0 0 3678b.dat
1 0 50 72 130 0 0 -1 0 1 0 1 0 0 3678b.dat
0 STEP
1 0 10 72 60 0 0 -1 0 1 0 1 0 0 3665.dat
1 0 -10 72 60 0 0 1 0 1 0 -1 0 0 3665.dat
1 71 -10 72 90 0 0 1 0 1 0 -1 0 0 3747b.dat
1 71 10 72 90 0 0 -1 0 1 0 1 0 0 3747b.dat
0 STEP
1 0 10 96 80 1 0 0 0 1 0 0 0 1 2449.dat
1 0 -10 96 80 1 0 0 0 1 0 0 0 1 2449.dat
1 71 0 96 100 1 0 0 0 1 0 0 0 1 3245b.dat
0 STEP
1 71 0 144 110 1 0 0 0 1 0 0 0 1 3003.dat
1 71 0 136 120 -1 0 0 0 1 0 0 0 -1 3839a.dat
1 71 0 128 120 -1 0 0 0 1 0 0 0 -1 3839a.dat
1 72 0 136 130 -1 0 0 0 1 0 0 0 -1 15068.dat
0 STEP
1 71 0 160 140 -1 0 0 0 1 0 0 0 -1 2540.dat
1 71 0 136 140 -1 0 0 0 1 0 0 0 -1 2877.dat
0 STEP
1 0 0 152 110 0 0 1 0 1 0 -1 0 0 4854.dat
1 0 30 144 140 1 0 0 0 1 0 0 0 1 3070b.dat
1 0 30 144 100 0 0 1 0 1 0 -1 0 0 44300.dat
1 0 -30 144 140 1 0 0 0 1 0 0 0 1 3070b.dat
1 0 -30 144 100 0 0 1 0 1 0 -1 0 0 44300.dat
0 STEP
1 0 -10 176 80 1 0 0 0 1 0 0 0 1 4070.dat
1 0 10 176 80 1 0 0 0 1 0 0 0 1 4070.dat
1 0 0 176 100 -1 0 0 0 1 0 0 0 -1 3747b.dat
0 STEP
1 72 -60 120 140 -1 0 0 0 1 0 0 0 -1 3023.dat
1 72 60 120 140 -1 0 0 0 1 0 0 0 -1 3023.dat
1 71 60 128 150 0 0 1 0 1 0 -1 0 0 3003.dat
1 71 -60 128 150 0 0 1 0 1 0 -1 0 0 3003.dat
0 STEP
1 72 -60 120 160 -1 0 0 0 1 0 0 0 -1 44728.dat
1 72 60 120 160 -1 0 0 0 1 0 0 0 -1 44728.dat
1 72 50 140 182 0 0 1 -1 0 0 0 -1 0 99563.dat
1 72 70 140 182 0 0 1 -1 0 0 0 -1 0 99563.dat
1 72 -70 140 182 0 0 1 -1 0 0 0 -1 0 99563.dat
1 72 -50 140 182 0 0 1 -1 0 0 0 -1 0 99563.dat
0 STEP
1 36 -50 48 160 -1 0 0 0 1 0 0 0 -1 54200.dat
1 0 -50 48 160 0 0 1 0 1 0 -1 0 0 4460b.dat
1 36 50 48 160 -1 0 0 0 1 0 0 0 -1 54200.dat
1 0 50 48 160 0 0 -1 0 1 0 1 0 0 4460b.dat
0 STEP
1 72 -60 120 120 1 0 0 0 1 0 0 0 1 32028.dat
1 72 -60 128 120 1 0 0 0 1 0 0 0 1 32028.dat
1 72 -60 136 120 1 0 0 0 1 0 0 0 1 32028.dat
1 72 -60 144 120 1 0 0 0 1 0 0 0 1 32028.dat
1 72 60 120 120 1 0 0 0 1 0 0 0 1 32028.dat
1 72 60 128 120 1 0 0 0 1 0 0 0 1 32028.dat
1 72 60 136 120 1 0 0 0 1 0 0 0 1 32028.dat
1 72 60 144 120 1 0 0 0 1 0 0 0 1 32028.dat
0 STEP
1 71 80 152 150 1 0 0 0 1 0 0 0 1 3001.dat
1 71 -80 152 150 -1 0 0 0 1 0 0 0 -1 3001.dat
1 71 90 128 150 0 0 -1 0 1 0 1 0 0 3298.dat
1 71 -90 128 150 0 0 1 0 1 0 -1 0 0 3298.dat
0 STEP
1 71 -90.0001 128 140 1 0 0 0 1 0 0 0 1 54200.dat
1 71 -90.0001 128 160 -1 0 0 0 1 0 0 0 -1 54200.dat
1 71 90 128 160 -1 0 0 0 1 0 0 0 -1 54200.dat
1 71 90 128 140 1 0 0 0 1 0 0 0 1 54200.dat
0 STEP
1 71 -130 152 150 0 0 1 0 1 0 -1 0 0 3700.dat
1 0 -140 162 150 1 0 0 0 1 0 0 0 1 2780.dat
1 71 130 152 150 0 0 -1 0 1 0 1 0 0 3700.dat
1 0 140.0001 162 150 -1 0 0 0 1 0 0 0 -1 2780.dat
0 STEP
1 71 100 176 150 -1 0 0 0 1 0 0 0 -1 2444.dat
1 71 130 176 150 0 0 -1 0 1 0 1 0 0 32803.dat
1 71 -100 176 150 1 0 0 0 1 0 0 0 1 2444.dat
1 71 -130 176 150 0 0 1 0 1 0 -1 0 0 32803.dat
0 STEP
1 72 -50 152 120 0 0 1 0 1 0 -1 0 0 3665.dat
1 72 -50.0001 176 140 1 0 0 0 1 0 0 0 1 3665.dat
1 72 50 152 120 0 0 -1 0 1 0 1 0 0 3665.dat
1 72 50 176 140 1 0 0 0 1 0 0 0 1 3665.dat
0 STEP
1 71 50 176 160 0 0 1 0 1 0 -1 0 0 4070.dat
1 71 -50 176 160 0 0 -1 0 1 0 1 0 0 4070.dat
1 71 -70 176 150 0 0 1 0 1 0 -1 0 0 3004.dat
1 71 70 176 150 0 0 -1 0 1 0 1 0 0 3004.dat
0 STEP
1 71 -60 200 150 -1 0 0 0 1 0 0 0 -1 51739.dat
1 71 60 200 150 -1 0 0 0 1 0 0 0 -1 51739.dat
1 71 0 200 90 1 0 0 0 1 0 0 0 1 51739.dat
1 72 -60 208 160 -1 0 0 0 1 0 0 0 -1 32028.dat
1 72 0 208 80 1 0 0 0 1 0 0 0 1 32028.dat
1 72 60 208 160 -1 0 0 0 1 0 0 0 -1 32028.dat
0 STEP
1 72 -72 212 120 0 1 0 1 0 0 0 0 -1 4081b.dat
1 72 -80 212 120 0 1 0 1 0 0 0 0 -1 3024.dat
1 72 -64 212 120 0 1 0 1 0 0 0 0 -1 3024.dat
1 71 -80 212 120 0 1 0 -1 0 0 0 0 1 54200.dat
0 STEP
1 72 -48 212 120 0 -1 0 -1 0 0 0 0 -1 4081b.dat
1 72 -40 212 120 0 -1 0 -1 0 0 0 0 -1 3024.dat
1 71 -40 212 120 0 -1 0 1 0 0 0 0 1 54200.dat
0 STEP
1 72 -12 212 120 0 1 0 -1 0 0 0 0 1 4081b.dat
1 72 -20 212 120 0 1 0 -1 0 0 0 0 1 3024.dat
1 71 -20 212 120 0 1 0 1 0 0 0 0 -1 54200.dat
0 STEP
1 72 12 212 120 0 -1 0 1 0 0 0 0 1 4081b.dat
1 72 20 212 120 0 -1 0 1 0 0 0 0 1 3024.dat
1 72 4 212 120 0 -1 0 1 0 0 0 0 1 3024.dat
1 71 20 212 120 0 -1 0 -1 0 0 0 0 -1 54200.dat
0 STEP
1 72 48 212 120 0 1 0 1 0 0 0 0 -1 4081b.dat
1 72 40 212 120 0 1 0 1 0 0 0 0 -1 3024.dat
1 71 40 212 120 0 1 0 -1 0 0 0 0 1 54200.dat
0 STEP
1 72 72 212 120 0 -1 0 -1 0 0 0 0 -1 4081b.dat
1 72 80 212 120 0 -1 0 -1 0 0 0 0 -1 3024.dat
1 72 64 212 120 0 -1 0 -1 0 0 0 0 -1 3024.dat
1 71 80 212 120 0 -1 0 1 0 0 0 0 1 54200.dat
0 STEP
1 71 60 224 150 1 0 0 0 -1 0 0 0 -1 51739.dat
1 71 -60 224 150 1 0 0 0 -1 0 0 0 -1 51739.dat
1 71 0 224 90 -1 0 0 0 -1 0 0 0 1 51739.dat
0 STEP
1 71 60 224 160 1 0 0 0 -1 0 0 0 -1 85984.dat
1 71 60 224 140 -1 0 0 0 -1 0 0 0 1 85984.dat
1 71 -60 224 160 1 0 0 0 -1 0 0 0 -1 85984.dat
1 71 -60 224 140 -1 0 0 0 -1 0 0 0 1 85984.dat
1 71 0 224 80 -1 0 0 0 -1 0 0 0 1 85984.dat
1 71 0 224 100 1 0 0 0 -1 0 0 0 -1 85984.dat
0 STEP
0 !LEOCAD PIECE PIVOT  30 2 0 1 0 0 0 1 0 0 0 1
1 72 -30 124.531 53.1466 0 0 1 0.5 -0.866025 0 0.866025 0.5 0 44302a.dat
1 72 -50 124.5308 53.1467 0 0 1 0.5 -0.866025 0 0.866025 0.5 0 32803.dat
0 STEP
1 72 -30 145.3162 41.1463 0 0 1 0.5 -0.866025 0 0.866025 0.5 0 3937.dat
1 72 -50 131.4593 49.1466 0 0 1 0.5 -0.866025 0 0.866025 0.5 0 2540.dat
1 72 -50 131.4593 49.1466 0 0 -1 -0.5 -0.866025 0 -0.866025 0.5 0 85984.dat
0 STEP
1 72 50 124.5308 53.1466 0 0 -1 -0.5 -0.866025 0 -0.866025 0.5 0 32803.dat
1 72 30 124.531 53.1466 0 0 1 0.5 -0.866025 0 0.866025 0.5 0 44302a.dat
0 STEP
1 72 30 145.3162 41.1463 0 0 -1 -0.5 -0.866025 0 -0.866025 0.5 0 3937.dat
1 72 50 131.4592 49.1466 0 0 -1 -0.5 -0.866025 0 -0.866025 0.5 0 2540.dat
1 72 50 131.4592 49.1466 0 0 1 0.5 -0.866025 0 0.866025 0.5 0 85984.dat
0 STEP
1 71 -35 144.002 41.905 0 0.5 -0.866025 -0.5 -0.75 -0.433013 -0.866025 0.433013 0.25 3938.dat
1 72 -39 150.002 38.4409 0.000001 0.5 -0.866026 -0.5 -0.75 -0.433013 -0.866025 0.433013 0.249999 32028.dat
1 72 -42.9999 156.002 34.9768 0.000001 0.5 -0.866026 -0.5 -0.75 -0.433013 -0.866025 0.433013 0.249999 32028.dat
1 72 -48 163.5024 30.6465 -0.866025 0.5 0 -0.433013 -0.75 0.5 0.25 0.433013 0.866025 43857.dat
1 72 -52.9999 176.002 34.9768 0.000001 -0.5 0.866026 -0.5 0.75 0.433013 -0.866025 -0.433013 -0.249999 3062b.dat
1 72 -52.9999 166.002 17.6563 0.000001 -0.5 0.866026 -0.5 0.75 0.433013 -0.866025 -0.433013 -0.249999 3062b.dat
0 STEP
1 71 35 144.002 41.905 0 -0.5 0.866026 0.5 -0.75 -0.433012 0.866025 0.433013 0.25 3938.dat
1 72 39 150.002 38.4409 -0.000001 -0.499999 0.866026 0.5 -0.750001 -0.433012 0.866025 0.433012 0.25 32028.dat
1 72 43 156.002 34.9768 -0.000001 -0.499999 0.866026 0.5 -0.750001 -0.433012 0.866025 0.433012 0.25 32028.dat
1 72 48 163.5024 30.6465 0.866026 -0.5 0 -0.433013 -0.75 -0.5 0.25 0.433013 -0.866025 43857.dat
1 72 53 176.002 34.9768 -0.000001 0.499999 -0.866026 0.5 0.750001 0.433012 0.866025 -0.433012 -0.25 3062b.dat
1 72 53 166.002 17.6563 -0.000001 0.499999 -0.866026 0.5 0.750001 0.433012 0.866025 -0.433012 -0.25 3062b.dat
0 STEP
1 72 -70 124.5309 53.1467 -1 0 0 0 -0.866025 0.5 0 0.5 0.866025 2555.dat
1 72 -70 117.6024 57.1468 -1 0 0 0 -0.866025 0.5 0 0.5 0.866025 4073.dat
1 72 -70 119.7276 32.8261 -0.866025 0 -0.5 -0.433013 0.5 0.75 0.25 0.866025 -0.433013 44676.dat
1 72 70 124.5308 53.1467 -1 0 0 0 -0.866025 0.5 0 0.5 0.866025 2555.dat
1 72 70 117.6024 57.1468 -1 0 0 0 -0.866025 0.5 0 0.5 0.866025 4073.dat
1 72 70 119.7275 32.8261 -0.866026 0 0.5 0.433013 0.5 0.75 -0.25 0.866025 -0.433013 44676.dat
0 STEP
1 71 0 -152 70 1 0 0 0 1 0 0 0 1 4733.dat
1 72 0 -142 88 0 0 1 -1 0 0 0 -1 0 15535.dat
0 STEP
1 72 18 -142 70 0 -1 0 -1 0 0 0 0 -1 32828.dat
1 72 -18 -142 70 0 1 0 -1 0 0 0 0 1 32828.dat
1 72 0 -142 52 0 0 -1 -1 0 0 0 1 0 15535.dat
0 STEP
1 72 0 -142 52 0 0 1 -1 0 0 0 -1 0 18674.dat
1 72 0 -142 44 0 0 1 -1 0 0 0 -1 0 2654.dat
0 STEP
1 72 0 -172 70 0 0 -1 -1 0 0 0 1 0 62462.dat
1 1 0 -192 70 0 0 -1 -1 0 0 0 1 0 43093.dat
1 72 0 -222 70 0 0 -1 -1 0 0 0 1 0 32054.dat
0 STEP
1 71 20 162 160 0 -1 0 0.173648 0 0.984808 -0.984808 0 0.173648 2335.dat
1 71 0 161 166 0 0 -1 -0.984808 -0.173648 0 -0.173648 0.984808 0 2555.dat
0 STEP
0 !LEOCAD PIECE PIVOT  -10 -28 50 1 0 0 0 1 0 0 0 1
1 0 -78 4.4437 34.8457 1 0 0 0 0.707107 0.707107 0 -0.707107 0.707107 07-02-strut.ldr
0 STEP
0 !LEOCAD PIECE PIVOT  -10 -28 50 1 0 0 0 1 0 0 0 1
1 0 98 4.4437 34.8457 1 0 0 0 0.707107 0.707107 0 -0.707107 0.707107 07-03-strut.ldr
0 STEP
