0 FILE 00-instructions.ldr
0 Name: 00-instructions.ldr
0 Author: Nathanel Titane // nathanel.titane@gmail.com // All Rights Reserved
0
0 // LPUB[3D] FRONT COVER PAGE /////////////////////////////////////////////////
0
0 !LPUB PAGE DOCUMENT_TITLE_FRONT COLOR "#666666"
0 !LPUB PAGE DOCUMENT_TITLE_FRONT CONTENT GLOBAL "MODEL // MTF-01 HAYATO // THRUSTER"
0 !LPUB PAGE DOCUMENT_TITLE_FRONT DISPLAY GLOBAL TRUE
0 !LPUB PAGE DOCUMENT_TITLE_FRONT FONT "Noto Sans,72,-1,0,75,0,0,0,0,0,Bold"
0 !LPUB PAGE DOCUMENT_TITLE_FRONT MARGINS 0.2500 0.1000
0 !LPUB PAGE DOCUMENT_TITLE_FRONT PLACEMENT GLOBAL TOP_LEFT PAGE INSIDE OFFSET 0.0000 0.0000

0 !LPUB PAGE DOCUMENT_AUTHOR_FRONT CONTENT GLOBAL "MODEL DESIGN AND INSTRUCTIONS // NATHANEL TITANE"
0 !LPUB PAGE DOCUMENT_AUTHOR_FRONT COLOR "#666666"
0 !LPUB PAGE DOCUMENT_AUTHOR_FRONT DISPLAY GLOBAL TRUE
0 !LPUB PAGE DOCUMENT_AUTHOR_FRONT FONT "Noto Sans,18,-1,0,75,0,0,0,0,0,Bold"
0 !LPUB PAGE DOCUMENT_AUTHOR_FRONT MARGINS 0.3000 1.0000
0 !LPUB PAGE DOCUMENT_AUTHOR_FRONT PLACEMENT TOP_LEFT PAGE INSIDE OFFSET 0.0000 0.0000

0 !LPUB PAGE MODEL_PARTS COLOR "#666666"
0 !LPUB PAGE MODEL_PARTS CONTENT GLOBAL "876 PIECES"
0 !LPUB PAGE MODEL_PARTS DISPLAY GLOBAL TRUE
0 !LPUB PAGE MODEL_PARTS FONT "Noto Sans,72,-1,0,75,0,0,0,0,0,Bold"
0 !LPUB PAGE MODEL_PARTS MARGINS 0.2500 0.1000
0 !LPUB PAGE MODEL_PARTS PLACEMENT GLOBAL BOTTOM_LEFT PAGE INSIDE OFFSET 0.0000 0.0000

0 !LPUB PAGE PUBLISH_DESCRIPTION COLOR "#666666"
0 !LPUB PAGE PUBLISH_DESCRIPTION CONTENT GLOBAL "LEGO // LINUX - Where Lego and Linux Meet"
0 !LPUB PAGE PUBLISH_DESCRIPTION DISPLAY GLOBAL TRUE
0 !LPUB PAGE PUBLISH_DESCRIPTION FONT "Noto Sans,36,-1,0,75,0,0,0,0,0,Bold"
0 !LPUB PAGE PUBLISH_DESCRIPTION MARGINS 0.2000 0.2000
0 !LPUB PAGE PUBLISH_DESCRIPTION PLACEMENT GLOBAL BOTTOM_RIGHT PAGE INSIDE OFFSET 0.0000 0.0000
0
0 // LPUB[3D] BACK COVER PAGE //////////////////////////////////////////////////
0
0 // LPUB[3D] DOCUMENT DISCLAIMER
0 !LPUB PAGE LEGO_DISCLAIMER COLOR "#666666"
0 !LPUB PAGE LEGO_DISCLAIMER CONTENT GLOBAL "LEGO® // REGISTERED TRADEMARK OF THE LEGO GROUP"
0 !LPUB PAGE LEGO_DISCLAIMER DISPLAY GLOBAL TRUE
0 !LPUB PAGE LEGO_DISCLAIMER FONT "Noto Sans,36,-1,0,75,0,0,0,0,0,Bold"
0 !LPUB PAGE LEGO_DISCLAIMER PLACEMENT GLOBAL CENTER PAGE INSIDE OFFSET 0.0000 -0.2500
0
0 // LPUB[3D] PAGE DOCUMENT AUTHOR
0 !LPUB PAGE DOCUMENT_AUTHOR_BACK COLOR "#666666"
0 !LPUB PAGE DOCUMENT_AUTHOR_BACK CONTENT GLOBAL "MODEL DESIGN AND INSTRUCTIONS // NATHANEL TITANE"
0 !LPUB PAGE DOCUMENT_AUTHOR_BACK DISPLAY GLOBAL TRUE
0 !LPUB PAGE DOCUMENT_AUTHOR_BACK FONT "Noto Sans,36,-1,0,75,0,0,0,0,0,Bold"
0 !LPUB PAGE DOCUMENT_AUTHOR_BACK PLACEMENT CENTER PAGE INSIDE OFFSET 0.0000 -0.2000
0
0 // LPUB[3D] PAGE PUBLICATION COPYRIGHT
0 !LPUB PAGE PUBLISH_COPYRIGHT_BACK COLOR "#666666"
0 !LPUB PAGE PUBLISH_COPYRIGHT_BACK CONTENT GLOBAL "COPYRIGHT // ALL RIGHTS RESERVED"
0 !LPUB PAGE PUBLISH_COPYRIGHT_BACK DISPLAY GLOBAL TRUE
0 !LPUB PAGE PUBLISH_COPYRIGHT_BACK FONT "Noto Sans,36,-1,0,75,0,0,0,0,0,Bold"
0 !LPUB PAGE PUBLISH_COPYRIGHT_BACK PLACEMENT GLOBAL CENTER PAGE INSIDE OFFSET 0.0000 -0.1500
0
0 // LPUB[3D] PAGE PUBLICATION EMAIL
0 !LPUB PAGE PUBLISH_EMAIL_BACK COLOR "#666666"
0 !LPUB PAGE PUBLISH_EMAIL_BACK CONTENT GLOBAL "CONTACT // NATHANEL.TITANE@GMAIL.COM // INFO@LEGOLINUX.COM"
0 !LPUB PAGE PUBLISH_EMAIL_BACK DISPLAY GLOBAL TRUE
0 !LPUB PAGE PUBLISH_EMAIL_BACK FONT "Noto Sans,18,-1,0,75,0,0,0,0,0,Bold"
0 !LPUB PAGE PUBLISH_EMAIL_BACK PLACEMENT GLOBAL CENTER PAGE INSIDE OFFSET 0.0000 -0.0500
0
0 // LPUB[3D] PAGE PUBLICATION URL
0 !LPUB PAGE PUBLISH_URL_BACK COLOR "#666666"
0 !LPUB PAGE PUBLISH_URL_BACK CONTENT GLOBAL "WEB // HTTPS://LEGOLINUX.COM/MODELS/MOBILE-THRUSTER-FRAMES/MTF-01-HAYATO-THRUSTER"
0 !LPUB PAGE PUBLISH_URL_BACK DISPLAY GLOBAL TRUE
0 !LPUB PAGE PUBLISH_URL_BACK FONT "Noto Sans,18,-1,0,75,0,0,0,0,0,Bold"
0 !LPUB PAGE PUBLISH_URL_BACK PLACEMENT GLOBAL CENTER PAGE INSIDE OFFSET 0.0000 -0.0250
0
0 // LPUB[3D] PAGE LOGO
0 !LPUB PAGE DOCUMENT_LOGO_BACK DISPLAY GLOBAL TRUE
0 !LPUB PAGE DOCUMENT_LOGO_BACK FILE GLOBAL "/media/internal/Lego/lpub3d/instructions/logo.png"
0 !LPUB PAGE DOCUMENT_LOGO_BACK PLACEMENT CENTER PAGE INSIDE OFFSET 0.0000 0.45000
0 !LPUB PAGE DOCUMENT_LOGO_BACK SCALE GLOBAL  1.0000
0
0 // LPUB[3D] CONFIGURATION ////////////////////////////////////////////////////
0
0 // LPUB[3D] PAGE WATERMARK
0 !LPUB PAGE PUBLISH_EMAIL CONTENT GLOBAL "CONTACT // NATHANEL.TITANE@GMAIL.COM // INFO@LEGOLINUX.COM"
0 !LPUB PAGE PUBLISH_EMAIL COLOR "#666666"
0 !LPUB PAGE PUBLISH_EMAIL DISPLAY GLOBAL TRUE
0 !LPUB PAGE PUBLISH_EMAIL FONT "Noto Sans,18,-1,0,75,0,0,0,0,0,Bold"
0 !LPUB PAGE PUBLISH_EMAIL MARGINS 0.0000 0.1500
0 !LPUB PAGE PUBLISH_EMAIL PLACEMENT GLOBAL BOTTOM PAGE INSIDE OFFSET 0.0000 0.0000
0 !LPUB PAGE DOCUMENT_AUTHOR CONTENT GLOBAL "MODEL DESIGN AND INSTRUCTIONS // NATHANEL TITANE"
0 !LPUB PAGE DOCUMENT_AUTHOR COLOR "#666666"
0 !LPUB PAGE DOCUMENT_AUTHOR DISPLAY GLOBAL TRUE
0 !LPUB PAGE DOCUMENT_AUTHOR FONT "Noto Sans,18,-1,0,75,0,0,0,0,0,Bold"
0 !LPUB PAGE DOCUMENT_AUTHOR MARGINS 0.0000 0.2000
0 !LPUB PAGE DOCUMENT_AUTHOR PLACEMENT GLOBAL TOP PAGE INSIDE OFFSET 0.0000 0.0000
0
0 // LPUB[3D] STEPS HIGHLIGHT
0 !LPUB HIGHLIGHT_STEP ENABLED GLOBAL TRUE
0 !LPUB HIGHLIGHT_STEP COLOR GLOBAL "#7137C8"
0
0 // LPUB[3D] STEP FADE
0 !LPUB FADE_STEP OPACITY GLOBAL "50"
0 !LPUB FADE_STEP COLOR GLOBAL "Trans_Black"
0 !LPUB FADE_STEP ENABLED GLOBAL TRUE
0 !LPUB FINAL_MODEL_ENABLED GLOBAL TRUE
0
0 // LPUB[3D] SUBMODEL PREVIEW
0 !LPUB SUBMODEL_DISPLAY SHOW GLOBAL TRUE
0 !LPUB SUBMODEL_DISPLAY BACKGROUND COLOR "#DDDDDD"
0 !LPUB SUBMODEL_DISPLAY MARGINS 0.1500 0.7500
0 !LPUB SUBMODEL_DISPLAY BORDER SQUARE 0 Black 0.031 MARGINS 0.050 0.050
0 !LPUB SUBMODEL_DISPLAY PLACEMENT GLOBAL LEFT PAGE INSIDE
0 !LPUB SUBMODEL_DISPLAY CAMERA_ANGLES 30.0000 45.0000
0
0 // LPUB[3D] ASSEMBLIES
0 !LPUB ASSEM CAMERA_ANGLES 30.0000 45.0000
0 !LPUB ASSEM MARGINS 0.5000 0.5000
0 !LPUB ASSEM MODEL_SCALE 1.0000
0 !LPUB ASSEM PLACEMENT CENTER PAGE INSIDE OFFSET 0.0000 0.0000
0
0 // LPUB[3D] BILL OF MATERIALS
0 !LPUB BOM BACKGROUND COLOR "#DDDDDD"
0 !LPUB BOM BORDER SQUARE 0 #666666 0.025 MARGINS 0.050 0.050
0 !LPUB BOM CONSTRAIN HEIGHT 13.0000
0 !LPUB BOM CONSTRAIN SQUARE
0 !LPUB BOM PLACEMENT CENTER PAGE INSIDE OFFSET 0.0000 0.0000
0
0 // LPUB[3D] CALLOUTS
0 !LPUB CALLOUT BORDER SQUARE 0 #666666 0.025 MARGINS 0.050 0.050
0 !LPUB CALLOUT MARGINS 0.1250 0.1250
0 !LPUB CALLOUT PLACEMENT RIGHT PAGE INSIDE OFFSET 0.0000 0.0000
0
0 // LPUB[3D] PAGE
0 !LPUB PAGE DOCUMENT_COVER_IMAGE DISPLAY GLOBAL TRUE
0 !LPUB PAGE DOCUMENT_COVER_IMAGE FILE GLOBAL "../renders/flat/flat.png"
0 !LPUB PAGE DOCUMENT_COVER_IMAGE FILL GLOBAL ASPECT
0 !LPUB PAGE DOCUMENT_COVER_IMAGE MARGINS GLOBAL 0.0000 0.0000
0 !LPUB PAGE DOCUMENT_COVER_IMAGE PLACEMENT GLOBAL CENTER PAGE INSIDE OFFSET 0.0000 0.0000
0 !LPUB PAGE DOCUMENT_COVER_IMAGE SCALE GLOBAL 1.0000
0
0 // LPUB[3D] PAGE NUMBER
0 !LPUB PAGE NUMBER FONT "Noto Sans,36,-1,0,75,0,0,0,0,0,Bold"
0 !LPUB PAGE NUMBER FONT_COLOR "#666666"
0 !LPUB PAGE NUMBER MARGINS 0.1250 0.1250
0 !LPUB PAGE NUMBER PLACEMENT BOTTOM_RIGHT PAGE INSIDE OFFSET 0.0000 0.0000
0
0 // LPUB[3D] PAGE SETUP
0 !LPUB PAGE BORDER GLOBAL NONE 0 MARGINS 0.000 0.000
0 !LPUB PAGE ENABLE_TEXT_PLACEMENT GLOBAL CENTER PAGE INSIDE OFFSET 0.0000 0.0000
0 !LPUB PAGE TEXT_PLACEMENT GLOBAL TRUE
0 !LPUB PAGE PAGE_FOOTER SIZE GLOBAL 32.0000 0.5000
0 !LPUB PAGE PAGE_HEADER SIZE GLOBAL 32.0000 0.5000
0 !LPUB PAGE MARGINS GLOBAL 0.0000 0.0000
0 !LPUB PAGE ORIENTATION GLOBAL LANDSCAPE
0 !LPUB PAGE SIZE GLOBAL 16.0000 32.0000
0
0 // LPUB[3D] PAGE COLORS
0 !LPUB PAGE SUBMODEL_BACKGROUND_COLOR GLOBAL "#DDDDDD" "#FFE680" "#FFAAAA" "#C6AFE9"
0
0 // LPUB[3D] SUBMODELS
0 !LPUB PAGE SUBMODEL_INSTANCE_COUNT FONT_COLOR "#FF5555"
0 !LPUB PAGE SUBMODEL_INSTANCE_COUNT FONT "Noto Sans,72,-1,0,75,0,0,0,0,0,Bold"
0 !LPUB PAGE SUBMODEL_INSTANCE_COUNT MARGINS 0.0000 0.1250
0 !LPUB PAGE SUBMODEL_INSTANCE_COUNT PLACEMENT BOTTOM_RIGHT PAGE INSIDE OFFSET 0.0000 -0.0500
0
0 // LPUB[3D] PARTS LIST
0 !LPUB PLI BACKGROUND COLOR "#DDDDDD"
0 !LPUB PLI BORDER SQUARE 0 #666666 0.025 MARGINS 0.0500 0.050
0 !LPUB PLI CAMERA_ANGLES 30.0000 45.0000
0 !LPUB PLI CONSTRAIN HEIGHT 5.0000
0 !LPUB PLI MODEL_SCALE  1.0000
0 !LPUB PLI MARGINS 0.1500 0.7500
0 !LPUB PLI PLACEMENT TOP_RIGHT PAGE INSIDE OFFSET 0.0000 0.0000
0 !LPUB PLI INSTANCE_COUNT FONT "Noto Sans,36,-1,0,75,0,0,0,0,0,Bold"
0 !LPUB PLI INSTANCE_COUNT FONT_COLOR "#666666"
0 !LPUB PLI INSTANCE_COUNT MARGINS 0.0125 0.0125
0 !LPUB PLI INSTANCE_COUNT MARGINS 0.0125 0.3000
0
0 // LPUB[3D] STEP NUMBER
0 !LPUB STEP_NUMBER FONT "Noto Sans,72,-1,0,75,0,0,0,0,0,Bold"
0 !LPUB STEP_NUMBER FONT_COLOR "#666666"
0 !LPUB STEP_NUMBER MARGINS 0.1250 0.0000
0 !LPUB STEP_NUMBER PLACEMENT TOP_LEFT PAGE INSIDE OFFSET 0.0000 0.0000
0
0 // LPUB[3D] BEGIN INSTRUCTIONS ///////////////////////////////////////////////
0
0 STEP
0 !LPUB INSERT COVER_PAGE FRONT
0 STEP
0 !LPUB ASSEM MODEL_SCALE LOCAL 0.7500
1 0 0 0 0 1 0 0 0 1 0 0 0 1 00-model.ldr
0 STEP
0
0 // LPUB[3D] DISABLE FINAL MODEL SHOWCASE /////////////////////////////////////
0
0 !LPUB NOSTEP
0
0 // LPUB[3D] BOM PAGES
0 STEP
0 !LPUB INSERT PAGE
0 !LPUB INSERT BOM
0 STEP
0 !LPUB INSERT PAGE
0 !LPUB INSERT BOM
0 STEP
0 !LPUB INSERT PAGE
0 !LPUB INSERT BOM
0 STEP
0 !LPUB INSERT PAGE
0 !LPUB INSERT BOM
0 STEP
0 !LPUB INSERT PAGE
0 !LPUB INSERT BOM
0 STEP
0 !LPUB INSERT PAGE
0 !LPUB INSERT BOM
0 STEP
0 !LPUB INSERT PAGE
0 !LPUB INSERT BOM
0 STEP
0 !LPUB INSERT PAGE
0 !LPUB INSERT BOM
0 STEP
0 !LPUB INSERT PAGE
0 !LPUB INSERT BOM
0 STEP
0 !LPUB INSERT PAGE
0 !LPUB INSERT BOM
0 STEP
0 !LPUB INSERT PAGE
0 !LPUB INSERT BOM
0 STEP
0 !LPUB INSERT PAGE
0 !LPUB INSERT BOM
0 STEP
0
0 !LPUB NOSTEP
0
0 !LPUB INSERT COVER_PAGE BACK
0
0 // LPUB[3D] END INSTRUCTIONS /////////////////////////////////////////////////
0
0 NOFILE
0 FILE 00-model.ldr
0 
0 Name: 00-model.ldr
0 Author: Nathanel Titane // nathanel.titane@gmail.com // All Rights Reserved
0 !LEOCAD PIECE PIVOT  0 10 -40 1 0 0 0 1 0 0 0 1
1 0 0 -25.3553 -18.7868 1 0 0 0 0.707107 -0.707107 0 0.707107 0.707107 04-waist.ldr
0 STEP
0 !LEOCAD PIECE PIVOT  0 10 -40 1 0 0 0 1 0 0 0 1
1 0 0 -31.2252 -39.3065 1 0 0 0 0.258819 -0.965926 0 0.965926 0.258819 05-torso.ldr
0 STEP
0 NOFILE
0 FILE 01-foot.ldr
0 
0 Name: 01-foot.ldr
0 Author: Nathanel Titane // nathanel.titane@gmail.com // All Rights Reserved
1 72 0 0 0 1 0 0 0 1 0 0 0 1 32064.dat
1 0 0 10 20 0 0 -1 1 0 0 0 -1 0 32474.dat
1 0 0 10 10 0 0 -1 0 1 0 1 0 0 32062.dat
0 STEP
1 71 0 8 -10 0 0 1 0 1 0 -1 0 0 4871.dat
1 71 30 8 -10 0 0 -1 0 1 0 1 0 0 85984.dat
1 71 -30 8 -10 0 0 1 0 1 0 -1 0 0 85984.dat
0 STEP
1 72 -10 0 -30 1 0 0 0 1 0 0 0 1 42023.dat
1 72 10 0 -30 1 0 0 0 1 0 0 0 1 42023.dat
1 0 -10 24 -40 1 0 0 0 1 0 0 0 1 4073.dat
1 0 10 24 -40 1 0 0 0 1 0 0 0 1 4073.dat
0 STEP
1 0 0 -8 -30 0 0 1 0 1 0 -1 0 0 3020.dat
1 0 0 -24 -90 0 0 1 0 1 0 -1 0 0 3043.dat
1 0 0 -24 -120 1 0 0 0 1 0 0 0 1 3048b.dat
0 STEP
1 0 0 -32 -60 -1 0 0 0 1 0 0 0 -1 3049c.dat
1 0 0 -32 -30 0 0 -1 0 1 0 1 0 0 3043.dat
1 0 0 -32 0 -1 0 0 0 1 0 0 0 -1 3048b.dat
0 NOFILE
0 FILE 02-shin.ldr
0 
0 Name: 02-shin.ldr
0 Author: Nathanel Titane // nathanel.titane@gmail.com // All Rights Reserved
1 71 0 32 -50 1 0 0 0 1 0 0 0 1 43713.dat
0 STEP
1 72 0 24 -40 -1 0 0 0 1 0 0 0 -1 3747b.dat
1 72 0 24 -80 0 0 1 0 1 0 -1 0 0 3002.dat
0 STEP
1 72 -30 24 -50 0 0 -1 0 1 0 1 0 0 3023.dat
1 72 30 24 -50 0 0 -1 0 1 0 1 0 0 3023.dat
1 72 0 24 -130 1 0 0 0 1 0 0 0 1 43719.dat
0 STEP
1 72 0 0 -70 0 0 1 0 1 0 -1 0 0 3001.dat
1 72 0 0 -130 0 0 1 0 1 0 -1 0 0 92013.dat
1 72 0 0 -10 0 0 -1 0 1 0 1 0 0 48171.dat
0 STEP
1 72 20 10 -10 0 1 0 0 0 1 1 0 0 18674.dat
1 72 28 10 -10 0 1 0 0 0 1 1 0 0 2654.dat
1 72 -20 10 -10 0 -1 0 0 0 -1 1 0 0 18674.dat
1 72 -28 10 -10 0 -1 0 0 0 -1 1 0 0 2654.dat
0 STEP
1 71 -30 0 -60 -1 0 0 0 1 0 0 0 -1 3040.dat
1 71 30 0 -60 -1 0 0 0 1 0 0 0 -1 3040.dat
0 STEP
1 4 0 -8 -50 0 0 1 0 1 0 -1 0 0 3022.dat
1 0 0 -16 -60 1 0 0 0 1 0 0 0 1 3023.dat
1 71 10 -24 -60 0 0 -1 0 1 0 1 0 0 28192.dat
1 71 -10 -24 -60 0 0 1 0 1 0 -1 0 0 28192.dat
0 STEP
1 4 0 -8 -120 0 0 1 0 1 0 -1 0 0 3021.dat
1 72 0 -16 -120 0 0 1 0 1 0 -1 0 0 3021.dat
1 71 10 -8 -80 0 0 -1 0 1 0 1 0 0 24246.dat
1 71 -10 -8 -80 0 0 1 0 1 0 -1 0 0 24246.dat
1 71 0 -24 -20 -1 0 0 0 1 0 0 0 -1 24309.dat
0 STEP
1 0 10 -26 -150 -1 0 0 0 0 1 0 1 0 2449.dat
1 0 -10 -26 -150 -1 0 0 0 0 1 0 1 0 2449.dat
1 0 0 -36 -174 1 0 0 0 0 -1 0 1 0 3003.dat
1 0 0 -36 -198 1 0 0 0 0 -1 0 1 0 3003.dat
1 0 0 -46 -270 1 0 0 0 0 -1 0 1 0 3684a.dat
1 0 -10 -46 -270 0 0 1 1 0 0 0 1 0 54200.dat
1 0 10 -46 -270 0 0 -1 -1 0 0 0 1 0 54200.dat
0 STEP
0 !LEOCAD PIECE PIVOT  0 10 20 1 0 0 0 1 0 0 0 1
1 0 0 31.2132 -177.0711 -1 0 0 0 -0.707107 -0.707107 0 -0.707107 0.707107 01-foot.ldr
0 STEP
0 NOFILE
0 FILE 03-01-foreleg.ldr
0 
0 Name: 03-01-foreleg.ldr
0 Author: Nathanel Titane // nathanel.titane@gmail.com // All Rights Reserved
1 71 0 32 -20 -1 0 0 0 1 0 0 0 -1 43713.dat
0 STEP
1 72 0 24 10 1 0 0 0 1 0 0 0 1 3298.dat
1 72 0 24 30 1 0 0 0 1 0 0 0 1 3004.dat
0 STEP
1 72 0 24 60 -1 0 0 0 1 0 0 0 -1 43719.dat
1 72 -30 24 -20 0 0 1 0 1 0 -1 0 0 3023.dat
1 72 30 24 -20 0 0 1 0 1 0 -1 0 0 3023.dat
0 STEP
1 72 0 0 60 0 0 -1 0 1 0 1 0 0 48170.dat
1 72 0 0 20 0 0 1 0 1 0 -1 0 0 48169.dat
1 72 -20 10 60 0 -1 0 0 0 -1 1 0 0 4073.dat
1 72 -20 10 20 0 -1 0 0 0 1 -1 0 0 4073.dat
1 0 0 10 -40 0 0.965926 -0.258819 0 0.258819 0.965926 1 0 0 47455.dat
0 STEP
1 72 0 -8 40 0 0 1 0 1 0 -1 0 0 3020.dat
0 STEP
1 0 -10 -16 40 0 0 1 0 1 0 -1 0 0 3023.dat
1 0 10 -16 40 0 0 -1 0 1 0 1 0 0 93274.dat
0 STEP
1 0 -10 -16 10 0 0 1 0 1 0 -1 0 0 2555.dat
1 0 10 -16 10 0 0 1 0 1 0 -1 0 0 2555.dat
1 0 -10 -16 70 0 0 1 0 1 0 -1 0 0 2555.dat
1 0 10 -16 70 0 0 1 0 1 0 -1 0 0 2555.dat
0 STEP
1 71 0 -24 40 0 0 1 0 1 0 -1 0 0 3068b.dat
1 71 32 4 60 0 -1 0 0 0 1 -1 0 0 3068b.dat
1 71 32 4 20 0 -1 0 0 0 1 -1 0 0 87580.dat
1 71 40 4 20 0 -1 0 0.258819 0 0.965926 -0.965926 0 0.258819 15535.dat
0 STEP
1 71 -30 0 -10 1 0 0 0 1 0 0 0 1 3040.dat
1 71 30 0 -10 1 0 0 0 1 0 0 0 1 3040.dat
1 71 -30 0 -10 0 0 1 0 1 0 -1 0 0 54200.dat
1 71 30 0 -10 0 0 -1 0 1 0 1 0 0 54200.dat
0 STEP
0 !LEOCAD PIECE PIVOT  0 2 -20 1 0 0 0 1 0 0 0 1
1 71 0 -25.2445 89.8362 -1 0 0 0 -0.965926 -0.258819 0 -0.258819 0.965926 48336.dat
1 0 0 -20.1053 101.566 1 0 0 0 -0.965926 0.258819 0 -0.258819 -0.965926 3068b.dat
1 71 0 -30.4209 109.1547 1 0 0 0 -0.965926 0.258819 0 -0.258819 -0.965926 32803.dat
0 STEP
0 !LEOCAD PIECE PIVOT  0 2 -20 1 0 0 0 1 0 0 0 1
1 71 0 -34.7279 -5.5565 1 0 0 0 -0.707107 -0.707107 0 0.707107 -0.707107 48336.dat
1 0 0 -36.1421 -18.2844 -1 0 0 0 -0.707107 0.707107 0 0.707107 0.707107 3068b.dat
1 71 0 -48.8701 -19.6986 -1 0 0 0 -0.707107 0.707107 0 0.707107 0.707107 32803.dat
0 STEP
1 0 -2.5882 19.6593 -70 -0.965926 0.258819 0 -0.258819 -0.965926 0 0 0 1 02-shin.ldr
0 STEP
1 0 76 -77.1378 -1.7408 0 0 -1 -0.258819 0.965926 0 0.965926 0.258819 0 14-missile-pod.ldr
0 NOFILE
0 FILE 03-02-foreleg.ldr
0 
0 Name: 03-02-foreleg.ldr
0 Author: Nathanel Titane // nathanel.titane@gmail.com // All Rights Reserved
1 71 0 32 -20 -1 0 0 0 1 0 0 0 -1 43713.dat
0 STEP
1 72 0 24 10 1 0 0 0 1 0 0 0 1 3298.dat
1 72 0 24 30 1 0 0 0 1 0 0 0 1 3004.dat
0 STEP
1 72 0 24 60 -1 0 0 0 1 0 0 0 -1 43719.dat
1 72 -30 24 -20 0 0 1 0 1 0 -1 0 0 3023.dat
1 72 30 24 -20 0 0 1 0 1 0 -1 0 0 3023.dat
0 STEP
1 72 0 0 60 0 0 -1 0 1 0 1 0 0 48170.dat
1 72 0 0 20 0 0 1 0 1 0 -1 0 0 48169.dat
1 0 0 10 -40 0 0.965926 0.258819 0 -0.258819 0.965926 1 0 0 47455.dat
0 STEP
1 72 0 -8 40 0 0 1 0 1 0 -1 0 0 3020.dat
0 STEP
1 0 10 -16 40 0 0 -1 0 1 0 1 0 0 3023.dat
1 0 -10 -16 40 0 0 1 0 1 0 -1 0 0 93274.dat
0 STEP
1 0 -10 -16 10 0 0 1 0 1 0 -1 0 0 2555.dat
1 0 10 -16 10 0 0 1 0 1 0 -1 0 0 2555.dat
1 0 -10 -16 70 0 0 1 0 1 0 -1 0 0 2555.dat
1 0 10 -16 70 0 0 1 0 1 0 -1 0 0 2555.dat
0 STEP
1 71 0 -24 40 0 0 1 0 1 0 -1 0 0 3068b.dat
1 71 -32 4 20 0 1 0 0 0 1 1 0 0 87580.dat
1 71 -40 4 20 0 1 0 -0.258819 0 0.965926 0.965926 0 0.258819 15535.dat
1 71 -32 4 60 0 1 0 0 0 1 1 0 0 3068b.dat
0 STEP
1 71 -30 0 -10 1 0 0 0 1 0 0 0 1 3040.dat
1 71 30 0 -10 1 0 0 0 1 0 0 0 1 3040.dat
1 71 -30 0 -10 0 0 1 0 1 0 -1 0 0 54200.dat
1 71 30 0 -10 0 0 -1 0 1 0 1 0 0 54200.dat
0 STEP
0 !LEOCAD PIECE PIVOT  0 2 -20 1 0 0 0 1 0 0 0 1
1 71 0 -25.2445 89.8362 -1 0 0 0 -0.965926 -0.258819 0 -0.258819 0.965926 48336.dat
1 0 0 -20.1053 101.566 1 0 0 0 -0.965926 0.258819 0 -0.258819 -0.965926 3068b.dat
1 71 0 -30.4209 109.1547 1 0 0 0 -0.965926 0.258819 0 -0.258819 -0.965926 32803.dat
0 STEP
0 !LEOCAD PIECE PIVOT  0 2 -20 1 0 0 0 1 0 0 0 1
1 71 0 -34.7279 -5.5565 1 0 0 0 -0.707107 -0.707107 0 0.707107 -0.707107 48336.dat
1 0 0 -36.1421 -18.2844 -1 0 0 0 -0.707107 0.707107 0 0.707107 0.707107 3068b.dat
1 71 0 -48.8701 -19.6986 -1 0 0 0 -0.707107 0.707107 0 0.707107 0.707107 32803.dat
0 STEP
1 0 2.5882 19.6593 -70 -0.965926 -0.258819 0 0.258819 -0.965926 0 0 0 1 02-shin.ldr
1 0 -76 -77.1378 -1.7408 0 0 1 0.258819 0.965926 0 -0.965926 0.258819 0 14-missile-pod.ldr
0 NOFILE
0 FILE 04-waist.ldr
0 
0 Name: 04-waist.ldr
0 Author: Nathanel Titane // nathanel.titane@gmail.com // All Rights Reserved
1 72 0 80 -58 0 0 1 1 0 0 0 1 0 3021.dat
1 4 0 90 -66 0 0 1 1 0 0 0 1 0 3022.dat
1 4 0 60 -66 -1 0 0 0 0 1 0 1 0 48336.dat
1 72 20 70 -90 1 0 0 0 0 -1 0 1 0 48169.dat
1 72 -20 70 -90 -1 0 0 0 0 1 0 1 0 48169.dat
1 72 -20 50 -80 -1 0 0 0 -1 0 0 0 1 4073.dat
1 72 20 50 -80 -1 0 0 0 -1 0 0 0 1 4073.dat
1 0 80 70 -80 -1 0 0 0 0.5 0.866025 0 0.866025 -0.5 47455.dat
1 0 -80 70 -80 1 0 0 0 0.5 -0.866025 0 0.866025 0.5 47455.dat
0 STEP
1 71 0 80 -162 -1 0 0 0 0 1 0 1 0 3684a.dat
1 71 0 80 -162 -1 0 0 0 0 1 0 1 0 85984.dat
0 STEP
1 71 -30 60 -90 -1 0 0 0 0 1 0 1 0 54200.dat
1 71 -30 80 -90 1 0 0 0 0 -1 0 1 0 54200.dat
1 71 30 60 -90 -1 0 0 0 0 1 0 1 0 54200.dat
1 71 30 80 -90 1 0 0 0 0 -1 0 1 0 54200.dat
0 STEP
1 0 0 10 -40 0 1 0 1 0 0 0 0 -1 47455.dat
1 72 0 70 -50 0 0 -1 -1 0 0 0 1 0 48169.dat
0 STEP
1 0 -10 100 -138 0 0 1 1 0 0 0 1 0 4460b.dat
1 0 10 100 -138 0 0 -1 -1 0 0 0 1 0 4460b.dat
1 0 0 100 -170.0001 1 0 0 0 0 -1 0 1 0 2432.dat
0 STEP
1 0 -30 60 -66 1 0 0 0 0 -1 0 1 0 3005.dat
1 0 -30 80 -66 1 0 0 0 0 -1 0 1 0 3665.dat
1 0 30 60 -66 1 0 0 0 0 -1 0 1 0 3005.dat
1 0 30 80 -66 1 0 0 0 0 -1 0 1 0 3665.dat
0 STEP
1 0 0 70 -42 0 0 -1 -1 0 0 0 1 0 4871.dat
1 0 -10 100 -50 1 0 0 0 0 -1 0 1 0 3005.dat
1 0 10 100 -50 1 0 0 0 0 -1 0 1 0 3005.dat
0 STEP
0 !LEOCAD PIECE PIVOT  0 0 100 1 0 0 0 1 0 0 0 1
1 0 105.8819 148.6517 -136.9566 0.965926 0 -0.258819 -0.224144 0.5 -0.836516 0.12941 0.866025 0.482963 03-01-foreleg.ldr
0 STEP
0 !LEOCAD PIECE PIVOT  0 0 100 1 0 0 0 1 0 0 0 1
1 0 -105.8819 148.6517 -136.9566 0.965926 0 0.258819 0.224144 0.5 -0.836516 -0.12941 0.866025 0.482963 03-02-foreleg.ldr
0 NOFILE
0 FILE 05-torso.ldr
0 
0 Name: 05-torso.ldr
0 Author: Nathanel Titane // nathanel.titane@gmail.com // All Rights Reserved
1 72 0 0 0 0 0 1 0 1 0 -1 0 0 48171.dat
1 0 -30 10 0 -1 0 0 0 1 0 0 0 -1 6558.dat
1 0 30 10 0 1 0 0 0 1 0 0 0 1 6558.dat
0 STEP
1 4 0 24 10 -1 0 0 0 1 0 0 0 -1 3023.dat
1 0 0 24 -10 1 0 0 0 1 0 0 0 1 32803.dat
0 STEP
1 71 0 -8 10 -1 0 0 0 1 0 0 0 -1 48336.dat
1 71 0 0 0 1 0 0 0 1 0 0 0 1 15068.dat
0 STEP
0 !LEOCAD PIECE PIVOT  0 -38 -80 1 0 0 0 1 0 0 0 1
1 0 -50 98.2821 7.0911 1 0 0 0 0.5 0.866025 0 -0.866025 0.5 05-01-torso.ldr
0 STEP
0 !LEOCAD PIECE PIVOT  0 -14 -10 1 0 0 0 1 0 0 0 1
1 0 0 64.2361 38.2828 1 0 0 0 0.965926 -0.258819 0 0.258819 0.965926 06-head.ldr
0 STEP
1 0 50 98.2821 7.0911 1 0 0 0 0.5 0.866025 0 -0.866025 0.5 05-02-torso.ldr
0 STEP
0 !LEOCAD PIECE PIVOT  0 90 60 1 0 0 0 1 0 0 0 1
1 0 0 186.2244 34.7706 1 0 0 0 -0.5 -0.866025 0 0.866025 -0.5 07-back.ldr
0 STEP
1 0 -80 51.282 88.4975 0 -0.707107 0.707107 -0.866025 0.353553 0.353553 -0.5 -0.612372 -0.612373 15-joint.ldr
0 STEP
0 !LEOCAD PIECE PIVOT  40 34 0 1 0 0 0 1 0 0 0 1
1 0 -141.0683 28.0055 117.8136 0.612372 0.65974 0.435596 -0.126826 0.625835 -0.769575 -0.78033 0.416021 0.466917 08-01-shoulder.ldr
0 STEP
1 0 80.0001 51.282 88.4975 0 -0.707107 -0.707107 -0.866025 -0.353553 0.353553 -0.5 0.612372 -0.612373 15-joint.ldr
0 STEP
0 !LEOCAD PIECE PIVOT  -40 34 0 1 0 0 0 1 0 0 0 1
1 0 141.0685 28.0056 117.8136 0.612372 -0.65974 -0.435596 0.126826 0.625835 -0.769575 0.78033 0.416021 0.466917 08-02-shoulder.ldr
0 STEP
0 NOFILE
0 FILE 05-01-torso.ldr
0 
0 Name: 05-01-torso.ldr
0 Author: Nathanel Titane // nathanel.titane@gmail.com // All Rights Reserved
1 0 0 0 0 0 0 1 0 1 0 -1 0 0 32803.dat
1 72 20 0 0 0 0 -1 0 1 0 1 0 0 3023.dat
0 STEP
1 0 20 -24 0 1 0 0 0 1 0 0 0 1 42023.dat
1 0 0 -24 0 1 0 0 0 1 0 0 0 1 42023.dat
0 STEP
1 0 0 -32 0 0 0 -1 0 1 0 1 0 0 44302b.dat
1 0 20 -32 0 0 0 -1 0 1 0 1 0 0 44302b.dat
0 !LEOCAD PIECE PIVOT  0 0 -20 1 0 0 0 1 0 0 0 1
1 0 0 -50 30 1 0 0 0 0 -1 0 1 0 30554a.dat
1 0 20 -50 30 1 0 0 0 0 -1 0 1 0 30554a.dat
0 STEP
1 0 10 -40 -10 -1 0 0 0 1 0 0 0 -1 60478.dat
1 0 10 -40 10 -1 0 0 0 1 0 0 0 -1 60478.dat
1 4 -20 -32 -10 1 0 0 0 1 0 0 0 1 2555.dat
1 0 -20 -24 -10 1 0 0 0 1 0 0 0 1 4073.dat
1 4 -20 -32 10 1 0 0 0 1 0 0 0 1 2555.dat
1 0 -20 -24 10 1 0 0 0 1 0 0 0 1 4073.dat
0 STEP
1 0 0 -48 0 -1 0 0 0 1 0 0 0 -1 92946.dat
1 0 20 -48 0 -1 0 0 0 1 0 0 0 -1 92946.dat
1 71 10 -72 -10 1 0 0 0 1 0 0 0 1 6134.dat
1 0 10 -72 -10 1 0 0 0 1 0 0 0 1 3937.dat
0 STEP
1 0 0 -64 -40 0 0 1 0 1 0 -1 0 0 22885.dat
1 0 0 -72 -40 0 0 1 0 1 0 -1 0 0 3794b.dat
1 0 20 -48 -40 0 0 -1 0 1 0 1 0 0 32000.dat
1 0 20 -72 -40 0 0 -1 0 1 0 1 0 0 3004.dat
0 STEP
1 0 0 -48 -80 0 0 -1 0 1 0 1 0 0 3700.dat
1 0 20 -48 -80 0 0 -1 0 1 0 1 0 0 3700.dat
0 STEP
1 4 10 -56 -100 0 0 -1 0 1 0 1 0 0 3020.dat
1 72 10 -64 -100 0 0 -1 0 1 0 1 0 0 3020.dat
1 4 -10 -34 -120 0 1 0 0 0 1 1 0 0 44728.dat
0 STEP
1 0 -2 -34 -120 0 1 0 0 0 -1 -1 0 0 32028.dat
1 0 6 -34 -120 0 1 0 0 0 -1 -1 0 0 32028.dat
1 0 14 -34 -120 0 1 0 0 0 -1 -1 0 0 32028.dat
1 72 22 -34 -110 0 1 0 0 0 -1 -1 0 0 3024.dat
1 72 22 -34 -130 0 1 0 0 0 -1 -1 0 0 3024.dat
0 STEP
1 71 0 -80 0 1 0 0 0 1 0 0 0 1 85970.dat
1 71 20 -80 0 1 0 0 0 1 0 0 0 1 85970.dat
1 72 10 -64 -160 1 0 0 0 1 0 0 0 1 11203.dat
1 72 10 -104 0 -1 0 0 0 1 0 0 0 -1 92013.dat
0 STEP
1 0 10 -112 10 -1 0 0 0 1 0 0 0 -1 2540.dat
1 0 30 -110 30 0 -1 0 0 0 -1 1 0 0 44676.dat
0 STEP
1 71 10 -120 -20 1 0 0 0 1 0 0 0 1 93606.dat
1 72 10 -96 -40 1 0 0 0 1 0 0 0 1 11203.dat
0 STEP
1 71 -34 -54 -40 0 1 0 -1 0 0 0 0 1 41748.dat
1 71 -34 -34 -40 0 1 0 -1 0 0 0 0 1 42022.dat
1 0 -42 -44 -30 0 1 0 -1 0 0 0 0 1 3023.dat
1 71 -34 -44 -40 0 1 0 -1 0 0 0 0 1 15068.dat
0 NOFILE
0 FILE 05-02-torso.ldr
0 
0 Name: 05-02-torso.ldr
0 Author: Nathanel Titane // nathanel.titane@gmail.com // All Rights Reserved
1 0 0 0 0 0 0 -1 0 1 0 1 0 0 32803.dat
1 72 -20 0 0 0 0 1 0 1 0 -1 0 0 3023.dat
0 STEP
1 0 0 -24 0 1 0 0 0 1 0 0 0 1 42023.dat
1 0 -20 -24 0 1 0 0 0 1 0 0 0 1 42023.dat
0 STEP
1 0 -20 -32 0 0 0 -1 0 1 0 1 0 0 44302b.dat
1 0 0 -32 0 0 0 -1 0 1 0 1 0 0 44302b.dat
0 !LEOCAD PIECE PIVOT  0 0 -20 1 0 0 0 1 0 0 0 1
1 0 -20 -50 30 1 0 0 0 0 -1 0 1 0 30554a.dat
1 0 0 -50 30 1 0 0 0 0 -1 0 1 0 30554a.dat
0 STEP
1 0 -10 -40 10 1 0 0 0 1 0 0 0 1 60478.dat
1 0 -10 -40 -10 1 0 0 0 1 0 0 0 1 60478.dat
1 4 20 -32 10 -1 0 0 0 1 0 0 0 -1 2555.dat
1 0 20 -24 10 -1 0 0 0 1 0 0 0 -1 4073.dat
1 4 20 -32 -10 -1 0 0 0 1 0 0 0 -1 2555.dat
1 0 20 -24 -10 -1 0 0 0 1 0 0 0 -1 4073.dat
0 STEP
1 0 -20 -48 0 -1 0 0 0 1 0 0 0 -1 92946.dat
1 0 0 -48 0 -1 0 0 0 1 0 0 0 -1 92946.dat
1 71 -10 -72 -10 1 0 0 0 1 0 0 0 1 6134.dat
1 0 -10 -72 -10 1 0 0 0 1 0 0 0 1 3937.dat
0 STEP
1 0 0 -64 -40 0 0 -1 0 1 0 1 0 0 22885.dat
1 0 0 -72 -40 0 0 -1 0 1 0 1 0 0 3794b.dat
1 0 -20 -48 -40 0 0 1 0 1 0 -1 0 0 32000.dat
1 0 -20 -72 -40 0 0 1 0 1 0 -1 0 0 3004.dat
0 STEP
1 0 -20 -48 -80 0 0 -1 0 1 0 1 0 0 3700.dat
1 0 0 -48 -80 0 0 -1 0 1 0 1 0 0 3700.dat
0 STEP
1 4 -10 -56 -100 0 0 1 0 1 0 -1 0 0 3020.dat
1 72 -10 -64 -100 0 0 -1 0 1 0 1 0 0 3020.dat
1 4 10 -34 -120 0 -1 0 0 0 1 -1 0 0 44728.dat
0 STEP
1 0 2 -34 -120 0 -1 0 0 0 -1 1 0 0 32028.dat
1 0 -6 -34 -120 0 -1 0 0 0 -1 1 0 0 32028.dat
1 0 -14 -34 -120 0 -1 0 0 0 -1 1 0 0 32028.dat
1 72 -22 -34 -130 0 -1 0 0 0 -1 1 0 0 3024.dat
1 72 -22 -34 -110 0 -1 0 0 0 -1 1 0 0 3024.dat
0 STEP
1 71 -20 -80 0 1 0 0 0 1 0 0 0 1 85970.dat
1 71 0 -80 0 1 0 0 0 1 0 0 0 1 85970.dat
1 72 -10 -64 -160 1 0 0 0 1 0 0 0 1 11203.dat
1 72 -10 -104 0 1 0 0 0 1 0 0 0 1 92013.dat
0 STEP
1 0 -10 -112 10 -1 0 0 0 1 0 0 0 -1 2540.dat
1 0 -30 -110 30 0 1 0 0 0 -1 -1 0 0 44676.dat
0 STEP
1 71 -10 -120 -20 1 0 0 0 1 0 0 0 1 93606.dat
1 72 -10 -96 -40 -1 0 0 0 1 0 0 0 -1 11203.dat
0 STEP
1 71 34 -54 -40 0 -1 0 1 0 0 0 0 1 41747.dat
1 71 34 -34 -40 0 -1 0 1 0 0 0 0 1 42022.dat
1 0 42 -44 -30 0 -1 0 1 0 0 0 0 1 3023.dat
1 71 34 -44 -40 0 -1 0 1 0 0 0 0 1 15068.dat
0 NOFILE
0 FILE 06-head.ldr
0 
0 Name: 06-head.ldr
0 Author: Nathanel Titane // nathanel.titane@gmail.com // All Rights Reserved
1 0 0 0 0 1 0 0 0 1 0 0 0 1 11203.dat
0 STEP
1 0 -10 -8 0 0 0 1 0 1 0 -1 0 0 11458.dat
1 0 10 -8 0 0 0 1 0 1 0 -1 0 0 11458.dat
1 0 20 -14 -10 -1 0 0 0 1 0 0 0 -1 2780.dat
1 0 -20 -14 -10 -1 0 0 0 1 0 0 0 -1 2780.dat
0 STEP
1 0 0 -16 10 -1 0 0 0 1 0 0 0 -1 44567b.dat
1 0 0 -24 10 -1 0 0 0 1 0 0 0 -1 99563.dat
0 !LEOCAD PIECE PIVOT  0 0 -10 1 0 0 0 1 0 0 0 1
1 0 0 -24 30 1 0 0 0 0 -1 0 1 0 30553.dat
1 72 0 -46 30 1 0 0 0 0 1 0 -1 0 22484.dat
0 STEP
0 !LEOCAD PIECE PIVOT  30 4 0 1 0 0 0 1 0 0 0 1
1 71 0 -67.6283 57.9425 0 0 1 0.258819 0.965926 0 -0.965926 0.258819 0 14418.dat
1 71 0 -49.5853 52.4244 -1 0 0 0 0.965926 0.258819 0 0.258819 -0.965926 3665.dat
1 71 0 -59.9009 60.0131 0 0 -1 -0.258819 0.965926 0 0.965926 0.258819 0 60478.dat
0 STEP
1 71 0 -90.8105 51.7309 0 0 -1 -0.258819 0.965926 0 0.965926 0.258819 0 52107.dat
1 71 0 -116.581 55.1785 -1 0 0 0 0.965926 0.258819 0 0.258819 -0.965926 4070.dat
0 STEP
1 41 0 -124.3084 53.1079 1 0 0 0 0.965926 -0.258819 0 0.258819 0.965926 3024.dat
1 71 0 -124.3084 53.1079 1 0 0 0 0.965926 -0.258819 0 0.258819 0.965926 54200.dat
1 34 0 -104.3335 48.1074 0 0 -1 0.965926 0.258819 0 0.258819 -0.965926 0 3024.dat
1 71 0 -102.263 40.38 0 0 -1 0.965926 0.258819 0 0.258819 -0.965926 0 3024.dat
1 0 0 -100.1924 32.6526 1 0 0 0 0.258819 0.965926 0 -0.965926 0.258819 49668.dat
0 STEP
1 0 -18 -64.4209 69.1547 0 1 0 0.258819 0 -0.965926 -0.965926 0 -0.258819 27263.dat
1 0 -18 -88.2224 42.0716 0 1 0 -0.965926 0 -0.258819 -0.258819 0 0.965926 99563.dat
1 0 18 -64.4209 69.1547 0 -1 0 -0.965926 0 0.258819 -0.258819 0 -0.965926 27263.dat
1 0 18 -88.2224 42.0716 0 -1 0 -0.965926 0 0.258819 -0.258819 0 -0.965926 99563.dat
0 STEP
0 !LEOCAD PIECE PIVOT  0 -6 0 1 0 0 0 1 0 0 0 1
1 0 0 -62.7336 94.7047 0 0 1 0.866025 0.5 0 -0.5 0.866025 0 2555.dat
1 0 0 -58.7336 101.6329 1 0 0 0 0.5 -0.866025 0 0.866025 0.5 3005.dat
1 0 0 -45.7336 124.1496 0 0 -1 0.5 0.866025 0 0.866025 -0.5 0 2780.dat
1 0 0 -32.7336 146.6663 1 0 0 0 -0.5 0.866025 0 -0.866025 -0.5 3005.dat
1 0 0 -32.7336 146.6663 -1 0 0 0 -0.5 -0.866025 0 -0.866025 0.5 54200.dat
0 NOFILE
0 FILE 07-back.ldr
0 
0 Name: 07-back.ldr
0 Author: Nathanel Titane // nathanel.titane@gmail.com // All Rights Reserved
1 71 0 0 0 -1 0 0 0 1 0 0 0 -1 3009.dat
0 STEP
1 72 0 -8 0 -1 0 0 0 1 0 0 0 -1 32028.dat
1 72 0 -16 0 -1 0 0 0 1 0 0 0 -1 32028.dat
1 72 0 -24 0 -1 0 0 0 1 0 0 0 -1 32028.dat
1 72 0 -32 0 -1 0 0 0 1 0 0 0 -1 32028.dat
1 72 0 -40 0 -1 0 0 0 1 0 0 0 -1 32028.dat
1 72 0 -48 0 -1 0 0 0 1 0 0 0 -1 32028.dat
1 72 0 -56 0 -1 0 0 0 1 0 0 0 -1 32028.dat
1 0 0 -56 0 -1 0 0 0 1 0 0 0 -1 85984.dat
0 STEP
1 71 0 24 0 -1 0 0 0 1 0 0 0 -1 3938.dat
0 !LEOCAD PIECE PIVOT  0 10 0 1 0 0 0 1 0 0 0 1
1 0 0 34 10 1 0 0 0 0 1 0 -1 0 3937.dat
1 71 0 34 -14 1 0 0 0 0 1 0 -1 0 3938.dat
0 !LEOCAD GROUP BEGIN Group #1
0 !LEOCAD PIECE PIVOT  0 10 0 1 0 0 0 1 0 0 0 1
1 0 0 24 -24 -1 0 0 0 1 0 0 0 -1 3937.dat
0 STEP
1 0 0 48 -24 1 0 0 0 1 0 0 0 1 11211.dat
1 0 0 72 -24 -1 0 0 0 1 0 0 0 -1 3678b.dat
1 0 10 120.0001 -4 1 0 0 0 1 0 0 0 1 2449.dat
1 0 -10 120.0001 -4 1 0 0 0 1 0 0 0 1 2449.dat
1 72 10 130.0001 6 1 0 0 0 0 -1 0 1 0 3024.dat
1 72 10 150.0001 6 1 0 0 0 0 -1 0 1 0 3024.dat
1 72 10 170.0001 6 1 0 0 0 0 -1 0 1 0 3024.dat
1 72 -10 130.0001 6 1 0 0 0 0 -1 0 1 0 3024.dat
1 72 -10 150.0001 6 1 0 0 0 0 -1 0 1 0 3024.dat
1 72 -10 170.0001 6 1 0 0 0 0 -1 0 1 0 3024.dat
0 STEP
0 !LEOCAD GROUP END
1 71 30 24 0 1 0 0 0 1 0 0 0 1 2449.dat
1 71 50 24 0 0 0 -1 0 1 0 1 0 0 2449.dat
1 71 -30 24 0 1 0 0 0 1 0 0 0 1 2449.dat
1 71 -50 24 0 0 0 1 0 1 0 -1 0 0 2449.dat
0 STEP
1 71 70 0 0 -1 0 0 0 1 0 0 0 -1 2921.dat
1 71 30 0 -20 0 0 -1 0 1 0 1 0 0 2921.dat
1 71 -30 0 -20 0 0 1 0 1 0 -1 0 0 2921.dat
1 71 -70 0 0 -1 0 0 0 1 0 0 0 -1 2921.dat
0 STEP
1 4 40 96 20 0 0 -1 0 1 0 1 0 0 3021.dat
1 4 -40 96 20 0 0 -1 0 1 0 1 0 0 3021.dat
0 STEP
1 0 50 104 0 -1 0 0 0 1 0 0 0 -1 3005.dat
1 0 30 104 0 -1 0 0 0 1 0 0 0 -1 3005.dat
1 0 50 104 20 -1 0 0 0 1 0 0 0 -1 3005.dat
1 0 30 104 20 -1 0 0 0 1 0 0 0 -1 3005.dat
1 0 50 104 40 -1 0 0 0 1 0 0 0 -1 3005.dat
1 0 30 104 40 -1 0 0 0 1 0 0 0 -1 3005.dat
1 0 -30 104 0 -1 0 0 0 1 0 0 0 -1 3005.dat
1 0 -50 104 0 -1 0 0 0 1 0 0 0 -1 3005.dat
1 0 -30 104 20 -1 0 0 0 1 0 0 0 -1 3005.dat
1 0 -50 104 20 -1 0 0 0 1 0 0 0 -1 3005.dat
1 0 -30 104 40 -1 0 0 0 1 0 0 0 -1 3005.dat
1 0 -50 104 40 -1 0 0 0 1 0 0 0 -1 3005.dat
1 72 50 128 0 -1 0 0 0 1 0 0 0 -1 85861.dat
1 72 30 128 0 -1 0 0 0 1 0 0 0 -1 85861.dat
1 72 50 128 20 -1 0 0 0 1 0 0 0 -1 85861.dat
1 72 30 128 20 -1 0 0 0 1 0 0 0 -1 85861.dat
1 72 50 128 40 -1 0 0 0 1 0 0 0 -1 85861.dat
1 72 30 128 40 -1 0 0 0 1 0 0 0 -1 85861.dat
1 72 -30 128 0 -1 0 0 0 1 0 0 0 -1 85861.dat
1 72 -50 128 0 -1 0 0 0 1 0 0 0 -1 85861.dat
1 72 -30 128 20 -1 0 0 0 1 0 0 0 -1 85861.dat
1 72 -50 128 20 -1 0 0 0 1 0 0 0 -1 85861.dat
1 72 -30 128 40 -1 0 0 0 1 0 0 0 -1 85861.dat
1 72 -50 128 40 -1 0 0 0 1 0 0 0 -1 85861.dat
0 STEP
1 0 50 88 30 0 0 -1 0 1 0 1 0 0 44301a.dat
1 0 30 88 30 0 0 -1 0 1 0 1 0 0 44301a.dat
1 0 -30 88 30 0 0 -1 0 1 0 1 0 0 44301a.dat
1 0 -50 88 30 0 0 -1 0 1 0 1 0 0 44301a.dat
0 STEP
1 0 40 80 30 0 0 -1 0 1 0 1 0 0 3022.dat
1 0 -40 80 30 0 0 -1 0 1 0 1 0 0 3022.dat
0 STEP
1 0 50 72 30 -1 0 0 0 1 0 0 0 -1 15672.dat
1 0 30 72 30 -1 0 0 0 1 0 0 0 -1 15672.dat
1 0 -30 72 30 -1 0 0 0 1 0 0 0 -1 15672.dat
1 0 -50 72 30 -1 0 0 0 1 0 0 0 -1 15672.dat
0 STEP
1 0 50 48 20 0 0 -1 0 1 0 1 0 0 4070.dat
1 0 30 48 20 0 0 1 0 1 0 -1 0 0 4070.dat
1 0 -30 48 20 0 0 -1 0 1 0 1 0 0 4070.dat
1 0 -50 48 20 0 0 1 0 1 0 -1 0 0 4070.dat
1 71 -40 24 20 -1 0 0 0 1 0 0 0 -1 3660.dat
1 71 40 24 20 -1 0 0 0 1 0 0 0 -1 3660.dat
0 STEP
1 71 40 -24 20 -1 0 0 0 1 0 0 0 -1 3245b.dat
1 71 40 -24 40 -1 0 0 0 1 0 0 0 -1 3245b.dat
1 71 -40 -24 20 -1 0 0 0 1 0 0 0 -1 3245b.dat
1 71 -40 -24 40 -1 0 0 0 1 0 0 0 -1 3245b.dat
1 71 40 -72 20 -1 0 0 0 1 0 0 0 -1 3678a.dat
1 71 -40 -72 20 -1 0 0 0 1 0 0 0 -1 3678a.dat
0 STEP
1 71 50 -72 0 0 0 -1 0 1 0 1 0 0 4460a.dat
1 71 30 -72 0 1 0 0 0 1 0 0 0 1 4460a.dat
1 71 -50 -72 0 0 0 1 0 1 0 -1 0 0 4460a.dat
1 71 -30 -72 0 1 0 0 0 1 0 0 0 1 4460a.dat
0 STEP
1 72 40 -96 10 1 0 0 0 1 0 0 0 1 48169.dat
1 72 -40 -96 10 -1 0 0 0 1 0 0 0 -1 48169.dat
1 0 100 -86 10 -1 0 0 0 -0.965926 0.258819 0 0.258819 0.965926 47455.dat
1 0 -100 -86 10 1 0 0 0 -0.965926 -0.258819 0 0.258819 -0.965926 47455.dat
0 STEP
1 72 40 -168 0 -1 0 0 0 1 0 0 0 -1 3684a.dat
1 72 -40 -168 0 -1 0 0 0 1 0 0 0 -1 3684a.dat
1 72 40 -168 0 1 0 0 0 1 0 0 0 1 85984.dat
1 72 -40 -168 0 1 0 0 0 1 0 0 0 1 85984.dat
1 72 40 -86 -10 1 0 0 0 0 1 0 -1 0 4073.dat
1 72 40 -86 30 1 0 0 0 0 -1 0 1 0 4073.dat
1 72 -40 -86 -10 -1 0 0 0 0 -1 0 -1 0 4073.dat
1 72 -40 -86 30 -1 0 0 0 0 1 0 1 0 4073.dat
0 STEP
0 !LEOCAD GROUP BEGIN Group #1
1 0 0 78 -42 1 0 0 0 0 -1 0 1 0 6239.dat
0 STEP
0 !LEOCAD GROUP END
0 !LEOCAD PIECE PIVOT  40 76 0 1 0 0 0 1 0 0 0 1
1 0 185.8179 -106.381 18.9386 -0.5 -0.866025 0 0.224144 -0.12941 -0.965926 0.836516 -0.482963 0.258819 12-01-thruster.ldr
0 STEP
0 !LEOCAD PIECE PIVOT  -40 76 0 1 0 0 0 1 0 0 0 1
1 0 -185.818 -106.381 18.9386 -0.5 0.866025 0 -0.224144 -0.12941 -0.965926 -0.836516 -0.482963 0.258819 12-02-thruster.ldr
0 STEP
1 0 -50 -96 -34 -1 0 0 0 0 -1 0 -1 0 13-01-beam-rifle.ldr
0 STEP
1 0 50 -96 -34 -1 0 0 0 0 -1 0 -1 0 13-02-beam-rifle.ldr
0 STEP
0 NOFILE
0 FILE 08-01-shoulder.ldr
0 
0 Name: 08-01-shoulder.ldr
0 Author: Nathanel Titane // nathanel.titane@gmail.com // All Rights Reserved
1 71 0 32 0 1 0 0 0 1 0 0 0 1 4871.dat
1 71 0 8 30 1 0 0 0 1 0 0 0 1 3004.dat
1 71 -10 32 -30 0 0 -1 0 1 0 1 0 0 54200.dat
1 71 10 32 -30 0 0 1 0 1 0 -1 0 0 54200.dat
1 72 0 24 0 1 0 0 0 1 0 0 0 1 92013.dat
0 STEP
1 72 0 0 0 0 0 1 0 1 0 -1 0 0 48169.dat
1 72 20 10 0 0 1 0 -1 0 0 0 0 1 4073.dat
1 0 0 10 -60 0 -0.965926 0.258819 0 -0.258819 -0.965926 1 0 0 47455.dat
0 STEP
1 0 -10 -8 0 0 0 1 0 1 0 -1 0 0 44728.dat
1 0 10 -8 0 0 0 1 0 1 0 -1 0 0 3023.dat
0 STEP
1 71 10 -16 10 -1 0 0 0 1 0 0 0 -1 28192.dat
1 71 -10 -16 10 -1 0 0 0 1 0 0 0 -1 28192.dat
1 71 0 -16 -10 1 0 0 0 1 0 0 0 1 3069b.dat
0 STEP
1 71 -32 12 0 0 1 0 -1 0 0 0 0 1 87580.dat
1 71 -40 12 0 0 1 0 -1 0 0 0 0 1 15535.dat
0 STEP
0 !LEOCAD PIECE PIVOT  0 0 40 1 0 0 0 1 0 0 0 1
1 0 16.9797 -14.7323 -88.2843 -0.183013 -0.965926 -0.183013 0.683013 -0.258819 0.683013 -0.707107 0 0.707107 09-01-arm.ldr
0 STEP
1 0 -76 -72 0 0 0 1 0 1 0 -1 0 0 14-missile-pod.ldr
0 NOFILE
0 FILE 08-02-shoulder.ldr
0 
0 Name: 08-02-shoulder.ldr
0 Author: Nathanel Titane // nathanel.titane@gmail.com // All Rights Reserved
1 71 0 32 0 1 0 0 0 1 0 0 0 1 4871.dat
1 71 0 8 30 1 0 0 0 1 0 0 0 1 3004.dat
1 71 -10 32 -30 0 0 -1 0 1 0 1 0 0 54200.dat
1 71 10 32 -30 0 0 1 0 1 0 -1 0 0 54200.dat
1 72 0 24 0 -1 0 0 0 1 0 0 0 -1 92013.dat
0 STEP
1 72 0 0 0 0 0 1 0 1 0 -1 0 0 48169.dat
1 72 -20 10 0 0 -1 0 -1 0 0 0 0 -1 4073.dat
1 0 0 10 -60 0 0.965926 0.258819 0 -0.258819 0.965926 1 0 0 47455.dat
0 STEP
1 0 10 -8 0 0 0 -1 0 1 0 1 0 0 44728.dat
1 0 -10 -8 0 0 0 -1 0 1 0 1 0 0 3023.dat
0 STEP
1 71 10 -16 10 -1 0 0 0 1 0 0 0 -1 28192.dat
1 71 -10 -16 10 -1 0 0 0 1 0 0 0 -1 28192.dat
1 71 0 -16 -10 1 0 0 0 1 0 0 0 1 3069b.dat
0 STEP
0 !LEOCAD PIECE PIVOT  0 0 40 1 0 0 0 1 0 0 0 1
1 0 -16.9797 -14.7323 -88.2843 -0.183013 0.965926 0.183013 -0.683013 -0.258819 0.683013 0.707107 0 0.707107 09-02-arm.ldr
1 71 32 12 0 0 -1 0 -1 0 0 0 0 -1 87580.dat
1 71 40 12 0 0 -1 0 -1 0 0 0 0 -1 15535.dat
0 STEP
1 0 76 -72 0 0 0 -1 0 1 0 1 0 0 14-missile-pod.ldr
0 NOFILE
0 FILE 09-01-arm.ldr
0 
0 Name: 09-01-arm.ldr
0 Author: Nathanel Titane // nathanel.titane@gmail.com // All Rights Reserved
1 71 0 64 -120 0 0 1 0 1 0 -1 0 0 4871.dat
1 72 0 56 -110 -1 0 0 0 1 0 0 0 -1 3747b.dat
1 72 0 56 -130 1 0 0 0 1 0 0 0 1 32000.dat
1 4 0 48 -120 1 0 0 0 1 0 0 0 1 3068b.dat
0 STEP
1 71 0 32 -80 -1 0 0 0 1 0 0 0 -1 43713.dat
1 72 0 24 -40 1 0 0 0 1 0 0 0 1 3003.dat
1 72 0 24 -80 0 0 1 0 1 0 -1 0 0 92013.dat
0 STEP
1 72 0 24 0 -1 0 0 0 1 0 0 0 -1 43719.dat
1 72 30 24 -80 0 0 -1 0 1 0 1 0 0 3023.dat
1 72 -30 24 -80 0 0 -1 0 1 0 1 0 0 3023.dat
0 STEP
1 72 0 0 0 0 0 -1 0 1 0 1 0 0 48170.dat
1 72 -20 10 0 0 -1 0 1 0 0 0 0 1 4073.dat
1 72 20 10 0 0 1 0 1 0 0 0 0 -1 4073.dat
1 72 0 0 -30 1 0 0 0 1 0 0 0 1 30363.dat
0 STEP
1 71 10 0 10 0 0 -1 0 1 0 1 0 0 54200.dat
1 71 -10 0 10 0 0 1 0 1 0 -1 0 0 54200.dat
1 71 -10 0 -20 0 0 1 0 1 0 -1 0 0 85984.dat
1 71 10 0 -20 0 0 -1 0 1 0 1 0 0 85984.dat
1 71 30 24 -80 0 0 -1 0 1 0 1 0 0 85984.dat
1 71 -30 24 -80 0 0 1 0 1 0 -1 0 0 85984.dat
0 STEP
1 71 30 40 -120 0 0 -1 0 1 0 1 0 0 85984.dat
1 71 -30 40 -120 0 0 1 0 1 0 -1 0 0 85984.dat
1 71 -30 40 -120 0 0 -1 0 1 0 1 0 0 3004.dat
1 71 30 40 -120 0 0 -1 0 1 0 1 0 0 3004.dat
0 STEP
1 0 0 34 -120 1 0 0 0 -0.258819 0.965926 0 -0.965926 -0.258819 32474.dat
1 71 0 31.4118 -129.6593 0 0 1 0.258819 -0.965926 0 0.965926 0.258819 0 2736.dat
0 STEP
0 !LEOCAD PIECE PIVOT  0 4 20 1 0 0 0 1 0 0 0 1
1 0 0 26.9933 -161.6042 -1 0 0 0 -0.965926 0.258819 0 0.258819 0.965926 10-01-hand.ldr
0 NOFILE
0 FILE 09-02-arm.ldr
0 
0 Name: 09-02-arm.ldr
0 Author: Nathanel Titane // nathanel.titane@gmail.com // All Rights Reserved
1 71 0 64 -120 0 0 1 0 1 0 -1 0 0 4871.dat
1 72 0 56 -110 -1 0 0 0 1 0 0 0 -1 3747b.dat
1 72 0 56 -130 1 0 0 0 1 0 0 0 1 32000.dat
1 4 0 48 -120 1 0 0 0 1 0 0 0 1 3068b.dat
0 STEP
1 71 0 32 -80 -1 0 0 0 1 0 0 0 -1 43713.dat
1 72 0 24 -40 1 0 0 0 1 0 0 0 1 3003.dat
1 72 0 24 -80 0 0 1 0 1 0 -1 0 0 92013.dat
0 STEP
1 72 0 24 0 -1 0 0 0 1 0 0 0 -1 43719.dat
1 72 30 24 -80 0 0 -1 0 1 0 1 0 0 3023.dat
1 72 -30 24 -80 0 0 -1 0 1 0 1 0 0 3023.dat
0 STEP
1 72 0 0 0 0 0 -1 0 1 0 1 0 0 48170.dat
1 72 -20 10 0 0 -1 0 1 0 0 0 0 1 4073.dat
1 72 20 10 0 0 1 0 1 0 0 0 0 -1 4073.dat
1 72 0 0 -30 1 0 0 0 1 0 0 0 1 30363.dat
0 STEP
1 71 10 0 10 0 0 -1 0 1 0 1 0 0 54200.dat
1 71 -10 0 10 0 0 1 0 1 0 -1 0 0 54200.dat
1 71 -10 0 -20 0 0 1 0 1 0 -1 0 0 85984.dat
1 71 10 0 -20 0 0 -1 0 1 0 1 0 0 85984.dat
1 71 30 24 -80 0 0 -1 0 1 0 1 0 0 85984.dat
1 71 -30 24 -80 0 0 1 0 1 0 -1 0 0 85984.dat
0 STEP
1 71 30 40 -120 0 0 -1 0 1 0 1 0 0 85984.dat
1 71 -30 40 -120 0 0 1 0 1 0 -1 0 0 85984.dat
1 71 -30 40 -120 0 0 -1 0 1 0 1 0 0 3004.dat
1 71 30 40 -120 0 0 -1 0 1 0 1 0 0 3004.dat
0 STEP
1 0 0 34 -120 1 0 0 0 -1 0 0 -0 -1 32474.dat
1 71 -0 23.9999 -120 0 0 1 1 -0 0 0 1 -0 2736.dat
0 STEP
0 !LEOCAD PIECE PIVOT  0 4 20 1 0 0 0 1 0 0 0 1
1 0 0 -6.2834 -129.0401 -1 0 0 0 -0.258819 0.965926 0 0.965926 0.258819 10-02-hand.ldr
0 STEP
1 0 0 56 -210 1 0 0 0 1 0 0 0 1 11-buster-shield.ldr
0 NOFILE
0 FILE 10-01-hand.ldr
0 
0 Name: 10-01-hand.ldr
0 Author: Nathanel Titane // nathanel.titane@gmail.com // All Rights Reserved
1 71 0 0 0 -1 0 0 0 1 0 0 0 -1 14704.dat
1 72 0 8 -10 1 0 0 0 1 0 0 0 1 15068.dat
0 STEP
1 71 0 8 -20 -1 0 0 0 1 0 0 0 -1 99781.dat
1 0 0 16 -20 1 0 0 0 1 0 0 0 1 48336.dat
0 STEP
1 0 10 18 2 -0.866025 0 -0.5 0.5 0 -0.866025 0 -1 0 26047.dat
1 0 10 18 10 0.866025 0 0.5 -0.5 0 0.866025 0 -1 0 24246.dat
1 0 -10 18 -6 -1 0 0 0 0 -1 0 -1 0 54200.dat
0 STEP
1 0 20 35.3205 0 -0.433013 0.25 0.866025 -0.75 0.433013 -0.5 -0.5 -0.866025 0 48729b.dat
0 STEP
1 0 10 18 -40 0 0 1 -0.707107 0.707107 0 -0.707107 -0.707107 0 48729b.dat
1 0 -2 18 -40 0 0 -1 0.5 0.866025 0 0.866025 -0.5 0 48729b.dat
1 0 -10 18 -40 0 0 -1 0.258819 0.965926 0 0.965926 -0.258819 0 48729b.dat
0 NOFILE
0 FILE 10-02-hand.ldr
0 
0 Name: 10-02-hand.ldr
0 Author: Nathanel Titane // nathanel.titane@gmail.com // All Rights Reserved
1 71 0 0 0 -1 0 0 0 1 0 0 0 -1 14704.dat
1 72 0 8 -10 1 0 0 0 1 0 0 0 1 15068.dat
0 STEP
1 71 0 8 -20 -1 0 0 0 1 0 0 0 -1 99781.dat
1 0 0 16 -20 1 0 0 0 1 0 0 0 1 48336.dat
0 STEP
1 0 -10 18 2 -0.866025 0 0.5 -0.5 0 -0.866025 0 -1 0 26047.dat
1 0 -10 18 10 0.866025 0 -0.5 0.5 0 0.866025 0 -1 0 24246.dat
1 0 10 18 -6 -1 0 0 0 0 -1 0 -1 0 54200.dat
0 STEP
1 0 -20 35.3205 0 -0.433013 -0.25 -0.866025 0.75 0.433013 -0.5 0.5 -0.866025 0 48729b.dat
0 STEP
1 0 10 18 -40 0 0 1 -0.258819 0.965926 0 -0.965926 -0.258819 0 48729b.dat
1 0 2 18 -40 0 0 1 -0.5 0.866025 0 -0.866025 -0.5 0 48729b.dat
1 0 -10 18 -40 0 0 -1 0.707107 0.707107 0 0.707107 -0.707107 0 48729b.dat
0 NOFILE
0 FILE 11-buster-shield.ldr
0 
0 Name: 11-buster-shield.ldr
0 Author: Nathanel Titane // nathanel.titane@gmail.com // All Rights Reserved
1 71 0 16 50 1 0 0 0 1 0 0 0 1 43713.dat
1 4 0 24 30 0 0 -1 0 1 0 1 0 0 3020.dat
0 STEP
1 0 0 0 60 -1 0 0 0 1 0 0 0 -1 11211.dat
1 0 0 0 40 1 0 0 0 1 0 0 0 1 3298.dat
1 0 0 -8 50 1 0 0 0 1 0 0 0 1 3068b.dat
0 STEP
1 72 30 8 50 0 0 1 0 1 0 -1 0 0 3023.dat
1 72 -30 8 50 0 0 1 0 1 0 -1 0 0 3023.dat
