0 FILE 00-instructions.ldr
0 Name: 00-instructions.ldr
0 Author: Nathanel Titane // nathanel.titane@gmail.com // All Rights Reserved
0
0 // LPUB[3D] FRONT COVER PAGE /////////////////////////////////////////////////
0
0 !LPUB PAGE DOCUMENT_TITLE_FRONT COLOR "#666666"
0 !LPUB PAGE DOCUMENT_TITLE_FRONT CONTENT GLOBAL "MODEL // KX-7259 LANCER // TITAN"
0 !LPUB PAGE DOCUMENT_TITLE_FRONT DISPLAY GLOBAL TRUE
0 !LPUB PAGE DOCUMENT_TITLE_FRONT FONT "Noto Sans,72,-1,0,75,0,0,0,0,0,Bold"
0 !LPUB PAGE DOCUMENT_TITLE_FRONT MARGINS 0.2500 0.1000
0 !LPUB PAGE DOCUMENT_TITLE_FRONT PLACEMENT GLOBAL TOP_LEFT PAGE INSIDE OFFSET 0.0000 0.0000

0 !LPUB PAGE DOCUMENT_AUTHOR_FRONT CONTENT GLOBAL "MODEL DESIGN AND INSTRUCTIONS // NATHANEL TITANE"
0 !LPUB PAGE DOCUMENT_AUTHOR_FRONT COLOR "#666666"
0 !LPUB PAGE DOCUMENT_AUTHOR_FRONT DISPLAY GLOBAL TRUE
0 !LPUB PAGE DOCUMENT_AUTHOR_FRONT FONT "Noto Sans,18,-1,0,75,0,0,0,0,0,Bold"
0 !LPUB PAGE DOCUMENT_AUTHOR_FRONT MARGINS 0.3000 1.0000
0 !LPUB PAGE DOCUMENT_AUTHOR_FRONT PLACEMENT TOP_LEFT PAGE INSIDE OFFSET 0.0000 0.0000

0 !LPUB PAGE MODEL_PARTS COLOR "#666666"
0 !LPUB PAGE MODEL_PARTS CONTENT GLOBAL "676 PIECES"
0 !LPUB PAGE MODEL_PARTS DISPLAY GLOBAL TRUE
0 !LPUB PAGE MODEL_PARTS FONT "Noto Sans,72,-1,0,75,0,0,0,0,0,Bold"
0 !LPUB PAGE MODEL_PARTS MARGINS 0.2500 0.1000
0 !LPUB PAGE MODEL_PARTS PLACEMENT GLOBAL BOTTOM_LEFT PAGE INSIDE OFFSET 0.0000 0.0000

0 !LPUB PAGE PUBLISH_DESCRIPTION COLOR "#666666"
0 !LPUB PAGE PUBLISH_DESCRIPTION CONTENT GLOBAL "LEGO // LINUX - Where Lego and Linux Meet"
0 !LPUB PAGE PUBLISH_DESCRIPTION DISPLAY GLOBAL TRUE
0 !LPUB PAGE PUBLISH_DESCRIPTION FONT "Noto Sans,36,-1,0,75,0,0,0,0,0,Bold"
0 !LPUB PAGE PUBLISH_DESCRIPTION MARGINS 0.2000 0.2000
0 !LPUB PAGE PUBLISH_DESCRIPTION PLACEMENT GLOBAL BOTTOM_RIGHT PAGE INSIDE OFFSET 0.0000 0.0000
0
0 // LPUB[3D] BACK COVER PAGE //////////////////////////////////////////////////
0
0 // LPUB[3D] DOCUMENT DISCLAIMER
0 !LPUB PAGE LEGO_DISCLAIMER COLOR "#666666"
0 !LPUB PAGE LEGO_DISCLAIMER CONTENT GLOBAL "LEGO® // REGISTERED TRADEMARK OF THE LEGO GROUP"
0 !LPUB PAGE LEGO_DISCLAIMER DISPLAY GLOBAL TRUE
0 !LPUB PAGE LEGO_DISCLAIMER FONT "Noto Sans,36,-1,0,75,0,0,0,0,0,Bold"
0 !LPUB PAGE LEGO_DISCLAIMER PLACEMENT GLOBAL CENTER PAGE INSIDE OFFSET 0.0000 -0.2500
0
0 // LPUB[3D] PAGE DOCUMENT AUTHOR
0 !LPUB PAGE DOCUMENT_AUTHOR_BACK COLOR "#666666"
0 !LPUB PAGE DOCUMENT_AUTHOR_BACK CONTENT GLOBAL "MODEL DESIGN AND INSTRUCTIONS // NATHANEL TITANE"
0 !LPUB PAGE DOCUMENT_AUTHOR_BACK DISPLAY GLOBAL TRUE
0 !LPUB PAGE DOCUMENT_AUTHOR_BACK FONT "Noto Sans,36,-1,0,75,0,0,0,0,0,Bold"
0 !LPUB PAGE DOCUMENT_AUTHOR_BACK PLACEMENT CENTER PAGE INSIDE OFFSET 0.0000 -0.2000
0
0 // LPUB[3D] PAGE PUBLICATION COPYRIGHT
0 !LPUB PAGE PUBLISH_COPYRIGHT_BACK COLOR "#666666"
0 !LPUB PAGE PUBLISH_COPYRIGHT_BACK CONTENT GLOBAL "COPYRIGHT // ALL RIGHTS RESERVED"
0 !LPUB PAGE PUBLISH_COPYRIGHT_BACK DISPLAY GLOBAL TRUE
0 !LPUB PAGE PUBLISH_COPYRIGHT_BACK FONT "Noto Sans,36,-1,0,75,0,0,0,0,0,Bold"
0 !LPUB PAGE PUBLISH_COPYRIGHT_BACK PLACEMENT GLOBAL CENTER PAGE INSIDE OFFSET 0.0000 -0.1500
0
0 // LPUB[3D] PAGE PUBLICATION EMAIL
0 !LPUB PAGE PUBLISH_EMAIL_BACK COLOR "#666666"
0 !LPUB PAGE PUBLISH_EMAIL_BACK CONTENT GLOBAL "CONTACT // NATHANEL.TITANE@GMAIL.COM // INFO@LEGOLINUX.COM"
0 !LPUB PAGE PUBLISH_EMAIL_BACK DISPLAY GLOBAL TRUE
0 !LPUB PAGE PUBLISH_EMAIL_BACK FONT "Noto Sans,18,-1,0,75,0,0,0,0,0,Bold"
0 !LPUB PAGE PUBLISH_EMAIL_BACK PLACEMENT GLOBAL CENTER PAGE INSIDE OFFSET 0.0000 -0.0500
0
0 // LPUB[3D] PAGE PUBLICATION URL
0 !LPUB PAGE PUBLISH_URL_BACK COLOR "#666666"
0 !LPUB PAGE PUBLISH_URL_BACK CONTENT GLOBAL "WEB // HTTPS://LEGOLINUX.COM/MODELS/TITANS/KX-7259-LANCER-TITAN"
0 !LPUB PAGE PUBLISH_URL_BACK DISPLAY GLOBAL TRUE
0 !LPUB PAGE PUBLISH_URL_BACK FONT "Noto Sans,18,-1,0,75,0,0,0,0,0,Bold"
0 !LPUB PAGE PUBLISH_URL_BACK PLACEMENT GLOBAL CENTER PAGE INSIDE OFFSET 0.0000 -0.0250
0
0 // LPUB[3D] PAGE LOGO
0 !LPUB PAGE DOCUMENT_LOGO_BACK DISPLAY GLOBAL TRUE
0 !LPUB PAGE DOCUMENT_LOGO_BACK FILE GLOBAL "/media/internal/Lego/lpub3d/instructions/logo.png"
0 !LPUB PAGE DOCUMENT_LOGO_BACK PLACEMENT CENTER PAGE INSIDE OFFSET 0.0000 0.45000
0 !LPUB PAGE DOCUMENT_LOGO_BACK SCALE GLOBAL  1.0000
0
0 // LPUB[3D] CONFIGURATION ////////////////////////////////////////////////////
0
0 // LPUB[3D] PAGE WATERMARK
0 !LPUB PAGE PUBLISH_EMAIL CONTENT GLOBAL "CONTACT // NATHANEL.TITANE@GMAIL.COM // INFO@LEGOLINUX.COM"
0 !LPUB PAGE PUBLISH_EMAIL COLOR "#666666"
0 !LPUB PAGE PUBLISH_EMAIL DISPLAY GLOBAL TRUE
0 !LPUB PAGE PUBLISH_EMAIL FONT "Noto Sans,18,-1,0,75,0,0,0,0,0,Bold"
0 !LPUB PAGE PUBLISH_EMAIL MARGINS 0.0000 0.1500
0 !LPUB PAGE PUBLISH_EMAIL PLACEMENT GLOBAL BOTTOM PAGE INSIDE OFFSET 0.0000 0.0000
0 !LPUB PAGE DOCUMENT_AUTHOR CONTENT GLOBAL "MODEL DESIGN AND INSTRUCTIONS // NATHANEL TITANE"
0 !LPUB PAGE DOCUMENT_AUTHOR COLOR "#666666"
0 !LPUB PAGE DOCUMENT_AUTHOR DISPLAY GLOBAL TRUE
0 !LPUB PAGE DOCUMENT_AUTHOR FONT "Noto Sans,18,-1,0,75,0,0,0,0,0,Bold"
0 !LPUB PAGE DOCUMENT_AUTHOR MARGINS 0.0000 0.2000
0 !LPUB PAGE DOCUMENT_AUTHOR PLACEMENT GLOBAL TOP PAGE INSIDE OFFSET 0.0000 0.0000
0
0 // LPUB[3D] STEPS HIGHLIGHT
0 !LPUB HIGHLIGHT_STEP ENABLED GLOBAL TRUE
0 !LPUB HIGHLIGHT_STEP COLOR GLOBAL "#7137C8"
0
0 // LPUB[3D] STEP FADE
0 !LPUB FADE_STEP OPACITY GLOBAL "50"
0 !LPUB FADE_STEP COLOR GLOBAL "Trans_Black"
0 !LPUB FADE_STEP ENABLED GLOBAL TRUE
0 !LPUB FINAL_MODEL_ENABLED GLOBAL TRUE
0
0 // LPUB[3D] SUBMODEL PREVIEW
0 !LPUB SUBMODEL_DISPLAY SHOW GLOBAL TRUE
0 !LPUB SUBMODEL_DISPLAY BACKGROUND COLOR "#DDDDDD"
0 !LPUB SUBMODEL_DISPLAY MARGINS 0.1500 0.7500
0 !LPUB SUBMODEL_DISPLAY BORDER SQUARE 0 Black 0.031 MARGINS 0.050 0.050
0 !LPUB SUBMODEL_DISPLAY PLACEMENT GLOBAL LEFT PAGE INSIDE
0 !LPUB SUBMODEL_DISPLAY CAMERA_ANGLES 30.0000 45.0000
0
0 // LPUB[3D] ASSEMBLIES
0 !LPUB ASSEM CAMERA_ANGLES 30.0000 45.0000
0 !LPUB ASSEM MARGINS 0.5000 0.5000
0 !LPUB ASSEM MODEL_SCALE 1.0000
0 !LPUB ASSEM PLACEMENT CENTER PAGE INSIDE OFFSET 0.0000 0.0000
0
0 // LPUB[3D] BILL OF MATERIALS
0 !LPUB BOM BACKGROUND COLOR "#DDDDDD"
0 !LPUB BOM BORDER SQUARE 0 #666666 0.025 MARGINS 0.050 0.050
0 !LPUB BOM CONSTRAIN HEIGHT 13.0000
0 !LPUB BOM CONSTRAIN SQUARE
0 !LPUB BOM PLACEMENT CENTER PAGE INSIDE OFFSET 0.0000 0.0000
0
0 // LPUB[3D] CALLOUTS
0 !LPUB CALLOUT BORDER SQUARE 0 #666666 0.025 MARGINS 0.050 0.050
0 !LPUB CALLOUT MARGINS 0.1250 0.1250
0 !LPUB CALLOUT PLACEMENT RIGHT PAGE INSIDE OFFSET 0.0000 0.0000
0
0 // LPUB[3D] PAGE
0 !LPUB PAGE DOCUMENT_COVER_IMAGE DISPLAY GLOBAL TRUE
0 !LPUB PAGE DOCUMENT_COVER_IMAGE FILE GLOBAL "../renders/flat/flat.png"
0 !LPUB PAGE DOCUMENT_COVER_IMAGE FILL GLOBAL ASPECT
0 !LPUB PAGE DOCUMENT_COVER_IMAGE MARGINS GLOBAL 0.0000 0.0000
0 !LPUB PAGE DOCUMENT_COVER_IMAGE PLACEMENT GLOBAL CENTER PAGE INSIDE OFFSET 0.0000 0.0000
0 !LPUB PAGE DOCUMENT_COVER_IMAGE SCALE GLOBAL 1.0000
0
0 // LPUB[3D] PAGE NUMBER
0 !LPUB PAGE NUMBER FONT "Noto Sans,36,-1,0,75,0,0,0,0,0,Bold"
0 !LPUB PAGE NUMBER FONT_COLOR "#666666"
0 !LPUB PAGE NUMBER MARGINS 0.1250 0.1250
0 !LPUB PAGE NUMBER PLACEMENT BOTTOM_RIGHT PAGE INSIDE OFFSET 0.0000 0.0000
0
0 // LPUB[3D] PAGE SETUP
0 !LPUB PAGE BORDER GLOBAL NONE 0 MARGINS 0.000 0.000
0 !LPUB PAGE ENABLE_TEXT_PLACEMENT GLOBAL CENTER PAGE INSIDE OFFSET 0.0000 0.0000
0 !LPUB PAGE TEXT_PLACEMENT GLOBAL TRUE
0 !LPUB PAGE PAGE_FOOTER SIZE GLOBAL 32.0000 0.5000
0 !LPUB PAGE PAGE_HEADER SIZE GLOBAL 32.0000 0.5000
0 !LPUB PAGE MARGINS GLOBAL 0.0000 0.0000
0 !LPUB PAGE ORIENTATION GLOBAL LANDSCAPE
0 !LPUB PAGE SIZE GLOBAL 16.0000 32.0000
0
0 // LPUB[3D] PAGE COLORS
0 !LPUB PAGE SUBMODEL_BACKGROUND_COLOR GLOBAL "#DDDDDD" "#FFE680" "#FFAAAA" "#C6AFE9"
0
0 // LPUB[3D] SUBMODELS
0 !LPUB PAGE SUBMODEL_INSTANCE_COUNT FONT_COLOR "#FF5555"
0 !LPUB PAGE SUBMODEL_INSTANCE_COUNT FONT "Noto Sans,72,-1,0,75,0,0,0,0,0,Bold"
0 !LPUB PAGE SUBMODEL_INSTANCE_COUNT MARGINS 0.0000 0.1250
0 !LPUB PAGE SUBMODEL_INSTANCE_COUNT PLACEMENT BOTTOM_RIGHT PAGE INSIDE OFFSET 0.0000 -0.0500
0
0 // LPUB[3D] PARTS LIST
0 !LPUB PLI BACKGROUND COLOR "#DDDDDD"
0 !LPUB PLI BORDER SQUARE 0 #666666 0.025 MARGINS 0.0500 0.050
0 !LPUB PLI CAMERA_ANGLES 30.0000 45.0000
0 !LPUB PLI CONSTRAIN HEIGHT 5.0000
0 !LPUB PLI MODEL_SCALE  1.0000
0 !LPUB PLI MARGINS 0.1500 0.7500
0 !LPUB PLI PLACEMENT TOP_RIGHT PAGE INSIDE OFFSET 0.0000 0.0000
0 !LPUB PLI INSTANCE_COUNT FONT "Noto Sans,36,-1,0,75,0,0,0,0,0,Bold"
0 !LPUB PLI INSTANCE_COUNT FONT_COLOR "#666666"
0 !LPUB PLI INSTANCE_COUNT MARGINS 0.0125 0.0125
0 !LPUB PLI INSTANCE_COUNT MARGINS 0.0125 0.3000
0
0 // LPUB[3D] STEP NUMBER
0 !LPUB STEP_NUMBER FONT "Noto Sans,72,-1,0,75,0,0,0,0,0,Bold"
0 !LPUB STEP_NUMBER FONT_COLOR "#666666"
0 !LPUB STEP_NUMBER MARGINS 0.1250 0.0000
0 !LPUB STEP_NUMBER PLACEMENT TOP_LEFT PAGE INSIDE OFFSET 0.0000 0.0000
0
0 // LPUB[3D] BEGIN INSTRUCTIONS ///////////////////////////////////////////////
0
0 STEP
0 !LPUB INSERT COVER_PAGE FRONT
0 STEP
0 !LPUB ASSEM MODEL_SCALE LOCAL 0.7500
1 0 0 0 0 1 0 0 0 1 0 0 0 1 00-model.ldr
0 STEP
0
0 // LPUB[3D] DISABLE FINAL MODEL SHOWCASE /////////////////////////////////////
0
0 !LPUB NOSTEP
0
0 // LPUB[3D] BOM PAGES
0 STEP
0 !LPUB INSERT PAGE
0 !LPUB INSERT BOM
0 STEP
0 !LPUB INSERT PAGE
0 !LPUB INSERT BOM
0 STEP
0 !LPUB INSERT PAGE
0 !LPUB INSERT BOM
0 STEP
0 !LPUB INSERT PAGE
0 !LPUB INSERT BOM
0 STEP
0 !LPUB INSERT PAGE
0 !LPUB INSERT BOM
0 STEP
0 !LPUB INSERT PAGE
0 !LPUB INSERT BOM
0 STEP
0 !LPUB INSERT PAGE
0 !LPUB INSERT BOM
0 STEP
0 !LPUB INSERT PAGE
0 !LPUB INSERT BOM
0 STEP
0 !LPUB INSERT PAGE
0 !LPUB INSERT BOM
0 STEP
0 !LPUB INSERT PAGE
0 !LPUB INSERT BOM
0 STEP
0 !LPUB INSERT PAGE
0 !LPUB INSERT BOM
0 STEP
0 !LPUB INSERT PAGE
0 !LPUB INSERT BOM
0 STEP
0
0 !LPUB NOSTEP
0
0 !LPUB INSERT COVER_PAGE BACK
0
0 // LPUB[3D] END INSTRUCTIONS /////////////////////////////////////////////////
0
0 NOFILE
0 FILE 00-model.ldr
0 Author: Nathanel Titane // nathanel.titane@gmail.com // All Rights Reserved
1 4 0 4.892 -0.2637 1 0 0 0 0.999391 -0.034899 0 0.034899 0.999391 01-torso.ldr
0 STEP
1 4 0 120.405 45.4106 -1 0 0 0 0.681999 0.731353 0 0.731353 -0.681999 04-waist.ldr
0 NOFILE
0 FILE 01-torso.ldr
0 Author: Nathanel Titane // nathanel.titane@gmail.com // All Rights Reserved
1 71 0 0 0 0 0 1 0 1 0 -1 0 0 4871.dat
1 71 0 8 -50 1 0 0 0 1 0 0 0 1 32803.dat
0 STEP
1 71 0 8 -10 0 0 1 0 1 0 -1 0 0 3021.dat
0 STEP
1 72 0 -16 10 -1 0 0 0 1 0 0 0 -1 3700.dat
1 4 0 -24 10 -1 0 0 0 1 0 0 0 -1 3023.dat
1 0 0 -6 20 0 0 1 0 -1 0 1 0 0 2780.dat
0 STEP
1 72 0 4 30 1 0 0 0 -1 0 0 0 -1 85943.dat
1 72 0 4 30 1 0 0 0 -1 0 0 0 -1 85984.dat
1 72 0 -6 60 0 1 0 0 0 1 1 0 0 18654.dat
0 STEP
1 0 0 -6 60 -1 0 0 0 1 0 0 0 -1 3705.dat
1 0 -30 -6 60 0 1 0 -1 0 0 0 0 1 32474.dat
1 0 30 -6 60 0 -1 0 -1 0 0 0 0 -1 32474.dat
0 STEP
1 71 -30 -24 10 -1 0 0 0 1 0 0 0 -1 3665.dat
1 0 -30 -8 -10 1 0 0 0 1 0 0 0 1 3024.dat
1 71 -30 -8 -10 1 0 0 0 1 0 0 0 1 54200.dat
0 STEP
1 71 30 -24 10 -1 0 0 0 1 0 0 0 -1 3665.dat
1 0 30 -8 -10 1 0 0 0 1 0 0 0 1 3024.dat
1 71 30 -8 -10 1 0 0 0 1 0 0 0 1 54200.dat
0 STEP
1 72 -20 -48 20 -1 0 0 0 1 0 0 0 -1 48169.dat
1 72 20 -48 20 1 0 0 0 1 0 0 0 1 48169.dat
0 STEP
1 72 -20 -38 40 -1 0 0 0 0 1 0 1 0 4073.dat
1 72 20 -38 40 1 0 0 0 0 -1 0 1 0 4073.dat
0 STEP
1 71 0 -72 30 -1 0 0 0 1 0 0 0 -1 11211.dat
0 STEP
1 72 0 -48 10 1 0 0 0 1 0 0 0 1 85984.dat
1 0 -30 -56 20 0 0 -1 0 1 0 1 0 0 60478.dat
1 0 30 -56 20 0 0 -1 0 1 0 1 0 0 60478.dat
0 STEP
1 72 -30 -64 20 0 0 1 0 1 0 -1 0 0 32028.dat
1 72 30 -64 20 0 0 -1 0 1 0 1 0 0 32028.dat
0 STEP
1 0 -30 -72 20 0 0 1 0 1 0 -1 0 0 99780.dat
1 0 30 -72 20 0 0 -1 0 1 0 1 0 0 99780.dat
0 STEP
1 0 -30 -58.2426 54.2426 0 0 -1 -0.707107 -0.707107 0 -0.707107 0.707107 0 2555.dat
1 0 30 -58.2426 54.2426 0 0 -1 -0.707107 -0.707107 0 -0.707107 0.707107 0 2555.dat
1 71 -30 -63.8995 59.8995 0 0 -1 -0.707107 -0.707107 0 -0.707107 0.707107 0 4073.dat
1 71 30 -63.8995 59.8995 0 0 -1 -0.707107 -0.707107 0 -0.707107 0.707107 0 4073.dat
0 STEP
1 71 0 -88 50 -1 0 0 0 1 0 0 0 -1 99206.dat
1 0 -30 -80 20 0 0 1 0 1 0 -1 0 0 63868.dat
1 0 30 -80 20 0 0 1 0 1 0 -1 0 0 63868.dat
0 STEP
1 15 -20 -88 30 0 0 1 0 1 0 -1 0 0 92946.dat
1 15 20 -88 30 0 0 -1 0 1 0 1 0 0 92946.dat
1 0 0 -96 50 1 0 0 0 1 0 0 0 1 18649.dat
0 STEP
1 15 -30 -80 10 0 0 1 0 1 0 -1 0 0 54200.dat
1 15 30 -80 10 0 0 -1 0 1 0 1 0 0 54200.dat
0 STEP
1 0 0 -96 30 1 0 0 0 1 0 0 0 1 48336.dat
0 STEP
1 0 -10 -104 50 -1 0 0 0 1 0 0 0 -1 4081b.dat
1 0 10 -104 50 -1 0 0 0 1 0 0 0 -1 4081b.dat
0 STEP
1 0 0 -112 50 1 0 0 0 1 0 0 0 1 18649.dat
1 15 -10 -120 50 1 0 0 0 1 0 0 0 1 28192.dat
1 15 10 -120 50 1 0 0 0 1 0 0 0 1 28192.dat
0 STEP
1 0 40 -102 70 0 -1 0 -1 0 0 0 0 -1 30374.dat
1 4 -22 -102 70 0 1 0 -1 0 0 0 0 1 85861.dat
1 4 22 -102 70 0 -1 0 -1 0 0 0 0 -1 85861.dat
0 STEP
1 71 -30 -102 70 0 0 -1 -0.707107 0.707107 0 0.707107 0.707107 0 48729b.dat
1 71 30 -102 70 0 0 1 0.707107 0.707107 0 -0.707107 0.707107 0 48729b.dat
1 4 -38 -102 70 0 -1 0 -1 0 0 0 0 -1 85861.dat
1 4 38 -102 70 0 1 0 -1 0 0 0 0 1 85861.dat
0 STEP
1 0 0 -62 64 -1 0 0 0 0 -1 0 -1 0 3937.dat
1 71 0 -62 64 -1 0 0 0 0 -1 0 -1 0 3938.dat
1 0 0 -62 72 -1 0 0 0 0 -1 0 -1 0 48336.dat
1 0 0 -62 80 1 0 0 0 0 1 0 -1 0 99563.dat
0 STEP
1 0 0 -39 75.1962 0 0 1 0.866026 0.5 0 -0.5 0.866026 0 2555.dat
1 71 0 -35 82.1244 0 0 1 0.866026 0.5 0 -0.5 0.866026 0 4740.dat
1 71 0 -31 89.0526 0 0 1 0.866026 0.5 0 -0.5 0.866026 0 4073.dat
0 STEP
1 0 0 -16 -50 1 0 0 0 1 0 0 0 1 3937.dat
1 71 0 -16 -50 1 0 0 0 1 0 0 0 1 3938.dat
1 71 0 -40 -50 1 0 0 0 1 0 0 0 1 3004.dat
0 STEP
1 0 0 -48 -50 1 0 0 0 1 0 0 0 1 44728.dat
1 71 0 -18 -72 1 0 0 0 0 -1 0 1 0 99563.dat
0 STEP
1 232 0 -38 -72 1 0 0 0 0 -1 0 1 0 3023.dat
1 0 -10 -38 -80 0 0 1 1 0 0 0 1 0 2555.dat
1 0 10 -38 -80 0 0 1 1 0 0 0 1 0 2555.dat
0 STEP
1 0 0 -72 -50 1 0 0 0 1 0 0 0 1 3937.dat
1 71 0 -62 -60 1 0 0 0 0 -1 0 1 0 3938.dat
0 STEP
1 0 0 -62 -68 1 0 0 0 0 -1 0 1 0 3794b.dat
1 43 0 -62 -76 1 0 0 0 0 -1 0 1 0 98138.dat
0 STEP
1 0 0 -86.7593 -19.725 -1 0 0 0 -0.906308 -0.422618 0 -0.422618 0.906308 02-top-hatch.ldr
0 STEP
1 232 -30 -55.3726 -29.799 -1 0 0 0 -0.707107 -0.707107 0 -0.707107 0.707107 03-01-side-hatch.ldr
1 232 30 -55.3726 -29.799 -1 0 0 0 -0.707107 -0.707107 0 -0.707107 0.707107 03-02-side-hatch.ldr
0 STEP
1 4 -72 -86 100 0 1 0 -1 0 0 0 0 1 06-01-pod-handle.ldr
1 4 72 -86 100 0 -1 0 1 0 0 0 0 1 06-02-pod-handle.ldr
0 STEP
1 232 -109.9999 19.9557 35.5291 0.866025 -0 0.500001 0.482964 0.258819 -0.836516 -0.12941 0.965926 0.224144 10-01-arm.ldr
1 232 110 19.9557 35.529 0.866025 0.000001 -0.500001 -0.482964 0.258819 -0.836516 0.129409 0.965926 0.224144 10-02-arm.ldr
0 STEP
1 4 0 22 -80 1 0 0 0 0 -1 0 1 0 13-hood.ldr
0 STEP
0 NOFILE
0 FILE 02-top-hatch.ldr
0 Author: Nathanel Titane // nathanel.titane@gmail.com // All Rights Reserved
1 71 0 8 30 -1 0 0 0 1 0 0 0 -1 32803.dat
1 0 -10 0 30 0 0 1 0 1 0 -1 0 0 2555.dat
1 0 10 0 30 0 0 1 0 1 0 -1 0 0 2555.dat
0 STEP
1 0 0 8 10 1 0 0 0 1 0 0 0 1 99781.dat
1 72 -10 8 0 0 0 -1 0 1 0 1 0 0 85984.dat
1 72 10 8 0 0 0 1 0 1 0 -1 0 0 85984.dat
0 STEP
1 72 0 18 -28 1 0 0 0 0 -1 0 1 0 3937.dat
1 71 0 18 -28 1 0 0 0 0 -1 0 1 0 3938.dat
0 STEP
1 72 0 18 -52 1 0 0 0 0 -1 0 1 0 3004.dat
1 72 0 18 -52 -1 0 0 0 0 1 0 1 0 85984.dat
0 STEP
0 NOFILE
0 FILE 03-01-side-hatch.ldr
0 Author: Nathanel Titane // nathanel.titane@gmail.com // All Rights Reserved
1 0 0 0 0 0 0 1 0 1 0 -1 0 0 18649.dat
0 STEP
1 0 0 -8 10 0 0 -1 0 1 0 1 0 0 98138.dat
1 0 0 -8 -10 0 0 -1 0 1 0 1 0 0 98138.dat
0 STEP
1 71 0 8 10 0 0 -1 0 1 0 1 0 0 4073.dat
1 71 0 8 -10 0 0 -1 0 1 0 1 0 0 4073.dat
1 0 0 16 0 0 0 -1 0 1 0 1 0 0 3023.dat
0 STEP
1 72 0 24 10 0 0 -1 0 1 0 1 0 0 3665.dat
0 STEP
1 72 0 24 -10 1 0 0 0 1 0 0 0 1 3676.dat
1 0 0 24 -30 1 0 0 0 1 0 0 0 1 54200.dat
0 STEP
1 72 20 0 10 -1 0 0 0 1 0 0 0 -1 3005.dat
1 72 20 0 -10 1 0 0 0 1 0 0 0 1 3040.dat
0 STEP
1 0 20 -8 10 -1 0 0 0 1 0 0 0 -1 36840.dat
1 34 20 -16 10 0 0 -1 0 1 0 1 0 0 3024.dat
0 STEP
1 0 20 -24 -10 1 0 0 0 1 0 0 0 1 87087.dat
1 71 20 -32 -10 0 0 -1 0 1 0 1 0 0 3024.dat
1 72 20 -40 -10 -1 0 0 0 1 0 0 0 -1 28192.dat
1 72 20 -14 -20 0 0 -1 -1 0 0 0 1 0 54200.dat
0 STEP
1 0 0 -2.2426 -34.2426 0 0 -1 0.707107 -0.707107 0 -0.707107 -0.707107 0 2555.dat
1 34 0 -7.8995 -39.8995 -1 0 0 0 -0.707107 -0.707107 0 -0.707107 0.707107 3024.dat
1 0 0 -13.5564 -45.5564 -1 0 0 0 -0.707107 -0.707107 0 -0.707107 0.707107 36840.dat
0 STEP
1 71 0 -19.2132 -51.2132 -1 0 0 0 -0.707107 -0.707107 0 -0.707107 0.707107 24201.dat
1 71 0 -22.0416 -25.7574 0 0 1 -0.707107 -0.707107 0 0.707107 -0.707107 0 6231.dat
0 NOFILE
0 FILE 03-02-side-hatch.ldr
0 Author: Nathanel Titane // nathanel.titane@gmail.com // All Rights Reserved
1 0 0 0 0 0 0 1 0 1 0 -1 0 0 18649.dat
0 STEP
1 0 0 -8 10 0 0 -1 0 1 0 1 0 0 98138.dat
1 0 0 -8 -10 0 0 -1 0 1 0 1 0 0 98138.dat
0 STEP
1 71 0 8 10 0 0 -1 0 1 0 1 0 0 4073.dat
1 71 0 8 -10 0 0 -1 0 1 0 1 0 0 4073.dat
1 0 0 16 0 0 0 -1 0 1 0 1 0 0 3023.dat
0 STEP
1 72 0 24 10 0 0 1 0 1 0 -1 0 0 3665.dat
0 STEP
1 72 0 24 -10 0 0 1 0 1 0 -1 0 0 3676.dat
1 0 0 24 -30 1 0 0 0 1 0 0 0 1 54200.dat
0 STEP
1 72 -20 0 10 -1 0 0 0 1 0 0 0 -1 3005.dat
1 72 -20 0 -10 1 0 0 0 1 0 0 0 1 3040.dat
0 STEP
1 0 -20 -8 10 -1 0 0 0 1 0 0 0 -1 36840.dat
1 34 -20 -16 10 0 0 -1 0 1 0 1 0 0 3024.dat
0 STEP
1 0 -20 -24 -10 1 0 0 0 1 0 0 0 1 87087.dat
1 71 -20 -32 -10 0 0 -1 0 1 0 1 0 0 3024.dat
1 72 -20 -40 -10 -1 0 0 0 1 0 0 0 -1 28192.dat
1 72 -20 -14 -20 0 0 1 1 0 0 0 1 0 54200.dat
0 STEP
1 0 0 -2.2426 -34.2426 0 0 -1 0.707107 -0.707107 0 -0.707107 -0.707107 0 2555.dat
1 34 0 -7.8995 -39.8995 -1 0 0 0 -0.707107 -0.707107 0 -0.707107 0.707107 3024.dat
1 0 0 -13.5564 -45.5564 -1 0 0 0 -0.707107 -0.707107 0 -0.707107 0.707107 36840.dat
0 STEP
1 71 0 -19.2132 -51.2132 -1 0 0 0 -0.707107 -0.707107 0 -0.707107 0.707107 24201.dat
1 71 0 -22.0416 -25.7574 0 0 -1 0.707107 -0.707107 0 -0.707107 -0.707107 0 6231.dat
0 NOFILE
0 FILE 04-waist.ldr
0 Author: Nathanel Titane // nathanel.titane@gmail.com // All Rights Reserved
1 72 0 0 0 1 0 0 0 1 0 0 0 1 11203.dat
0 STEP
1 0 -10 -8 0 0 0 1 0 1 0 -1 0 0 2540.dat
1 0 10 -8 0 0 0 -1 0 1 0 1 0 0 2540.dat
0 STEP
1 72 -30 -6 20 0.866025 0 0.5 -0.5 0 0.866025 0 -1 0 44676.dat
1 72 30 -6 20 0.866025 0 -0.5 0.5 0 0.866025 0 -1 0 44676.dat
0 STEP
1 0 0 -16 -10 1 0 0 0 1 0 0 0 1 48336.dat
1 0 0 -16 10 -1 0 0 0 1 0 0 0 -1 99207.dat
0 STEP
1 0 0 -40 0 1 0 0 0 1 0 0 0 1 48172.dat
1 0 0 -64 0 0 0 1 0 1 0 -1 0 0 92013.dat
1 72 0 -30 -20 0 0 -1 1 0 0 0 -1 0 4073.dat
0 STEP
1 72 0 -72 10 1 0 0 0 1 0 0 0 1 3839b.dat
1 72 0 -80 10 1 0 0 0 1 0 0 0 1 3839b.dat
1 72 0 -64 -10 1 0 0 0 1 0 0 0 1 85984.dat
0 STEP
1 0 0 -88 10 -1 0 0 0 1 0 0 0 -1 44728.dat
1 71 0 -96 10 -1 0 0 0 1 0 0 0 -1 99563.dat
0 STEP
1 0 0 -48 32 0 0 -1 1 0 0 0 -1 0 3022.dat
1 72 0 -38 40 1 0 0 0 0 1 0 -1 0 3069b.dat
1 72 0 -58 40 1 0 0 0 0 1 0 -1 0 3069b.dat
0 STEP
1 72 0 -78 24 1 0 0 0 0 1 0 -1 0 85984.dat
1 72 0 -18 24 -1 0 0 0 0 -1 0 -1 0 85984.dat
0 STEP
1 72 0 -74 -60 0 1 0 1 0 0 0 0 -1 50923.dat
1 0 0 -74 -60 -1 0 0 0 1 0 0 0 -1 3705.dat
1 0 0 -74 -80 -1 0 0 0 1 0 0 0 -1 32062.dat
0 STEP
1 72 -15 -74 -60 0 1 0 1 0 0 0 0 -1 41677.dat
1 72 15 -74 -60 0 1 0 1 0 0 0 0 -1 41677.dat
0 STEP
1 0 -30 -74 -80 0 1 0 -1 0 0 0 0 1 32174.dat
1 0 30 -74 -80 0 1 0 -1 0 0 0 0 1 32174.dat
0 STEP
1 0 -10 -9.7574 -34.2426 0 0 1 -0.707107 0.707107 0 -0.707107 -0.707107 0 2555.dat
1 0 10 -9.7574 -34.2426 0 0 1 -0.707107 0.707107 0 -0.707107 -0.707107 0 2555.dat
1 72 0 -11.1716 -46.9706 1 0 0 0 0.707107 0.707107 0 -0.707107 0.707107 11203.dat
0 STEP
1 0 0 -23.8995 -48.3848 1 0 0 0 0.707107 0.707107 0 -0.707107 0.707107 60478.dat
1 0 0 -29.5563 -42.7279 1 0 0 0 0.707107 0.707107 0 -0.707107 0.707107 60470.dat
1 71 0 -35.2132 -37.0711 1 0 0 0 0.707107 0.707107 0 -0.707107 0.707107 99563.dat
0 STEP
1 0 0 -42.2843 -58.2843 1 0 0 0 -0.707107 -0.707107 0 0.707107 -0.707107 98834.dat
0 STEP
1 4 70.3529 -6.4769 33.6972 -0.965926 0 -0.258819 0.066987 0.965926 -0.25 0.25 -0.258819 -0.933013 05-01-thigh.ldr
1 4 -70.3528 -6.4769 33.6973 -0.965926 0 0.258819 -0.066987 0.965926 -0.25 -0.25 -0.258819 -0.933013 05-02-thigh.ldr
0 NOFILE
0 FILE 05-01-thigh.ldr
0 Author: Nathanel Titane // nathanel.titane@gmail.com // All Rights Reserved
1 72 0 -24 0 0 0 -1 0 1 0 1 0 0 48170.dat
1 0 0 0 0 0 0 -1 0 1 0 1 0 0 3022.dat
0 STEP
1 0 0 8 -10 1 0 0 0 1 0 0 0 1 99207.dat
1 0 0 8 10 -1 0 0 0 1 0 0 0 -1 32803.dat
0 STEP
1 72 0 -4 -48 0 0 1 1 0 0 0 1 0 48171.dat
1 0 0 36 -38 0 1 0 0.422618 0 -0.906308 -0.906308 0 -0.422618 47455.dat
0 STEP
1 71 -10 -14 -56 0 0 1 1 0 0 0 1 0 4073.dat
1 71 10 -14 -56 0 0 1 1 0 0 0 1 0 4073.dat
1 4 0 6 -56 1 0 0 0 0 -1 0 1 0 3023.dat
0 STEP
1 71 -10 -14 -64 0 0 1 1 0 0 0 1 0 4073.dat
1 71 10 -14 -64 0 0 1 1 0 0 0 1 0 4073.dat
0 STEP
1 71 0 -14 -72 -1 0 0 0 0 1 0 1 0 48336.dat
0 STEP
1 72 -10 -14 -80 1 0 0 0 0 -1 0 1 0 28192.dat
1 72 10 -14 -80 1 0 0 0 0 -1 0 1 0 28192.dat
0 STEP
1 0 0 -32 10 1 0 0 0 1 0 0 0 1 3023.dat
0 STEP
1 0 -10 -32 -20 0 0 1 0 1 0 -1 0 0 93274.dat
1 0 10 -32 -20 0 0 -1 0 1 0 1 0 0 93274.dat
0 STEP
1 0 0 -32 -50 1 0 0 0 1 0 0 0 1 3023.dat
1 72 0 -40 -20 0 0 1 0 1 0 -1 0 0 87079.dat
0 STEP
1 72 -32 -2 -20 0 1 0 0 0 -1 -1 0 0 48336.dat
1 72 -32 -22 -20 0 1 0 0 0 1 1 0 0 48336.dat
1 72 -32 -12 10 0 1 0 1 0 0 0 0 -1 48336.dat
1 72 -26.7555 -12 49.8362 0 0.965926 0.258819 -1 0 0 0 -0.258819 0.965926 60470.dat
0 STEP
1 15 -34.4829 -12 51.9067 0 0.965926 0.258819 -1 0 0 0 -0.258819 0.965926 3069b.dat
1 15 -40 -12 10 0 1 0 -1 0 0 0 0 1 3069b.dat
1 15 -40 -12 -10 0 1 0 -1 0 0 0 0 1 3069b.dat
1 15 -40 -12 -30 0 1 0 -1 0 0 0 0 1 3069b.dat
1 15 -24 -12 -50 0 1 0 -1 0 0 0 0 1 85984.dat
0 STEP
1 72 32 -12 -20 0 -1 0 0 0 -1 1 0 0 87079.dat
0 STEP
1 0 0 -14 40 0.965926 0 -0.258819 0 1 0 0.258819 0 0.965926 47455.dat
0 STEP
1 72 0 74.0456 -86.462 1 0 0 0 0.906308 -0.422619 0 0.422619 0.906308 07-01-shin.ldr
0 NOFILE
0 FILE 05-02-thigh.ldr
0 Author: Nathanel Titane // nathanel.titane@gmail.com // All Rights Reserved
1 72 0 -24 0 0 0 -1 0 1 0 1 0 0 48170.dat
1 0 0 0 0 0 0 -1 0 1 0 1 0 0 3022.dat
0 STEP
1 0 0 8 -10 1 0 0 0 1 0 0 0 1 99207.dat
1 0 0 8 10 -1 0 0 0 1 0 0 0 -1 32803.dat
0 STEP
1 72 0 -4 -48 0 0 1 1 0 0 0 1 0 48171.dat
1 0 0 36 -38 0 1 0 0.422618 0 -0.906308 -0.906308 0 -0.422618 47455.dat
0 STEP
1 71 -10 -14 -56 0 0 1 1 0 0 0 1 0 4073.dat
1 71 10 -14 -56 0 0 1 1 0 0 0 1 0 4073.dat
1 4 0 6 -56 1 0 0 0 0 -1 0 1 0 3023.dat
0 STEP
1 71 -10 -14 -64 0 0 1 1 0 0 0 1 0 4073.dat
1 71 10 -14 -64 0 0 1 1 0 0 0 1 0 4073.dat
0 STEP
1 71 0 -14 -72 -1 0 0 0 0 1 0 1 0 48336.dat
0 STEP
1 72 -10 -14 -80 1 0 0 0 0 -1 0 1 0 28192.dat
1 72 10 -14 -80 1 0 0 0 0 -1 0 1 0 28192.dat
0 STEP
1 0 0 -32 10 1 0 0 0 1 0 0 0 1 3023.dat
0 STEP
1 0 -10 -32 -20 0 0 1 0 1 0 -1 0 0 93274.dat
1 0 10 -32 -20 0 0 -1 0 1 0 1 0 0 93274.dat
0 STEP
1 0 0 -32 -50 1 0 0 0 1 0 0 0 1 3023.dat
1 72 0 -40 -20 0 0 -1 0 1 0 1 0 0 87079.dat
0 STEP
1 72 32 -2 -20 0 -1 0 0 0 -1 1 0 0 48336.dat
1 72 32 -22 -20 0 -1 0 0 0 1 -1 0 0 48336.dat
1 72 32 -12 10 0 -1 0 -1 0 0 0 0 -1 48336.dat
1 72 26.7555 -12 49.8363 0 -0.965926 -0.258819 1 0 0 0 -0.258819 0.965926 60470.dat
0 STEP
1 15 34.4829 -12 51.9068 0 -0.965926 -0.258819 1 0 0 0 -0.258819 0.965926 3069b.dat
1 15 40 -12 10 0 -1 0 1 0 0 0 0 1 3069b.dat
1 15 40 -12 -10 0 -1 0 1 0 0 0 0 1 3069b.dat
1 15 40 -12 -30 0 -1 0 1 0 0 0 0 1 3069b.dat
1 15 24 -12 -50 0 -1 0 1 0 0 0 0 1 85984.dat
0 STEP
1 72 -32 -12 -20 0 1 0 0 0 -1 -1 0 0 87079.dat
0 STEP
1 0 0 -14 40 -0.965926 0 -0.258819 0 1 0 0.258819 0 -0.965926 47455.dat
0 STEP
1 72 0 74.0456 -86.462 1 0 0 0 0.906308 -0.422619 0 0.422619 0.906308 07-02-shin.ldr
0 NOFILE
0 FILE 06-01-pod-handle.ldr
0 Author: Nathanel Titane // nathanel.titane@gmail.com // All Rights Reserved
1 0 35.3553 16 -14.6447 -0.707107 0 0.707107 0 1 0 -0.707107 0 -0.707107 32828.dat
1 0 0 18 -50 -0.707107 0.707107 0 0 0 1 0.707107 0.707107 0 11090.dat
0 STEP
1 0 35.3553 8 -14.6447 -0.707107 0 0.707107 0 1 0 -0.707107 0 -0.707107 4073.dat
0 STEP
1 0 35.3553 0 -14.6447 0 0 1 0 1 0 -1 0 0 32828.dat
1 0 35.3553 2 -64.6447 -1 0 0 0 0 1 0 1 0 11090.dat
0 STEP
1 0 0 42 -50 -1 0 0 0 -1 0 0 0 1 48729b.dat
1 4 49.3554 2 -84.6447 0 1 0 -1 0 0 0 0 1 16-laser-pod.ldr
0 NOFILE
0 FILE 06-02-pod-handle.ldr
0 Author: Nathanel Titane // nathanel.titane@gmail.com // All Rights Reserved
1 0 43.3013 16 -25 -0.866025 0 0.5 0 1 0 -0.5 0 -0.866025 32828.dat
1 0 0 18 -50 -0.5 0.866025 0 0 0 1 0.866025 0.5 0 11090.dat
0 STEP
1 0 43.3013 8 -25 -0.866025 0 0.5 0 1 0 -0.5 0 -0.866025 4073.dat
1 0 43.3013 0 -25 -0.866025 0 0.5 0 1 0 -0.5 0 -0.866025 32828.dat
0 STEP
1 0 0 2 -50 -0.353553 0.866025 -0.353553 -0.707107 0 0.707107 0.612373 0.5 0.612372 11090.dat
0 STEP
1 0 0 42 -50 -1 0 0 0 -1 0 0 0 1 48729b.dat
1 4 -22.2703 -7.8995 -51.4268 -0.353553 -0.353553 0.866025 0.707107 -0.707107 0 0.612373 0.612372 0.5 16-laser-pod.ldr
0 NOFILE
0 FILE 07-01-shin.ldr
0 Author: Nathanel Titane // nathanel.titane@gmail.com // All Rights Reserved
1 0 0 0 -10 0 0 1 0 1 0 -1 0 0 3021.dat
1 0 0 0 -50 1 0 0 0 1 0 0 0 1 32803.dat
0 STEP
1 71 0 8 -10 1 0 0 0 1 0 0 0 1 18677.dat
1 71 0 8 10 1 0 0 0 1 0 0 0 1 18677.dat
0 STEP
1 72 -10 16 -10 1 0 0 0 1 0 0 0 1 4073.dat
1 72 -10 16 10 1 0 0 0 1 0 0 0 1 4073.dat
0 STEP
1 72 0 -24 0 0 0 -1 0 1 0 1 0 0 48169.dat
1 72 0 -24 -40 0 0 1 0 1 0 -1 0 0 92013.dat
1 72 -20 -14 0 0 -1 0 0 0 -1 1 0 0 4073.dat
1 72 20 -14 0 0 1 0 0 0 1 1 0 0 4073.dat
0 STEP
1 0 0 -32 -20 0 0 1 0 1 0 -1 0 0 3022.dat
1 72 0 -40 -10 -1 0 0 0 1 0 0 0 -1 3069b.dat
1 72 0 -40 -30 -1 0 0 0 1 0 0 0 -1 3069b.dat
0 STEP
1 72 0 -24 10 -1 0 0 0 1 0 0 0 -1 85984.dat
1 72 0 -24 -50 1 0 0 0 1 0 0 0 1 85984.dat
0 STEP
1 0 10 18 10 0 0.707107 0.707107 0 0.707107 -0.707107 -1 0 0 6558.dat
0 STEP
1 0 2.9289 25.0711 30 0.707107 0 -0.707107 0.707107 0 0.707107 0 -1 0 43857.dat
0 STEP
1 0 -4.1421 32.1421 10 0 0.965926 0.258819 0 0.258819 -0.965926 -1 0 0 6558.dat
0 STEP
1 72 -15.3543 35.3495 -10 0.965926 -0.258819 0 0.258819 0.965926 0 0 0 1 11458.dat
1 72 -15.3543 35.3495 10 0.965926 -0.258819 0 0.258819 0.965926 0 0 0 1 11458.dat
1 71 -22.943 25.0339 -10 0.965926 -0.258819 0 0.258819 0.965926 0 0 0 1 98138.dat
1 71 -22.943 25.0339 10 0.965926 -0.258819 0 0.258819 0.965926 0 0 0 1 98138.dat
0 STEP
1 72 -17.4249 43.0769 10 -0.965926 -0.258819 0 -0.258819 0.965926 0 0 0 -1 4590.dat
1 72 -17.4249 43.0769 -10 -0.965926 -0.258819 0 -0.258819 0.965926 0 0 0 -1 4590.dat
1 71 -19.4954 50.8043 0 0.965926 -0.258819 0 0.258819 0.965926 0 0 0 1 2476.dat
0 STEP
1 232 -21.566 58.5318 0 0.258819 0 -0.965926 -0.965926 0 -0.258819 0 1 0 14-wheel.ldr
0 STEP
1 4 0 -14 -80 1 0 0 0 0.258819 0.965926 0 -0.965926 0.258819 08-foot.ldr
0 NOFILE
0 FILE 07-02-shin.ldr
0 Author: Nathanel Titane // nathanel.titane@gmail.com // All Rights Reserved
1 0 0 0 -10 0 0 1 0 1 0 -1 0 0 3021.dat
1 0 0 0 -50 1 0 0 0 1 0 0 0 1 32803.dat
0 STEP
1 71 0 8 -10 -1 0 0 0 1 0 0 0 -1 18677.dat
1 71 0 8 10 -1 0 0 0 1 0 0 0 -1 18677.dat
0 STEP
1 72 10 16 -10 1 0 0 0 1 0 0 0 1 4073.dat
1 72 10 16 10 1 0 0 0 1 0 0 0 1 4073.dat
0 STEP
1 72 0 -24 0 0 0 -1 0 1 0 1 0 0 48169.dat
1 72 0 -24 -40 0 0 1 0 1 0 -1 0 0 92013.dat
1 72 -20 -14 0 0 -1 0 0 0 -1 1 0 0 4073.dat
1 72 20 -14 0 0 1 0 0 0 1 1 0 0 4073.dat
0 STEP
1 0 0 -32 -20 0 0 1 0 1 0 -1 0 0 3022.dat
1 72 0 -40 -10 -1 0 0 0 1 0 0 0 -1 3069b.dat
1 72 0 -40 -30 -1 0 0 0 1 0 0 0 -1 3069b.dat
0 STEP
1 72 0 -24 10 -1 0 0 0 1 0 0 0 -1 85984.dat
1 72 0 -24 -50 1 0 0 0 1 0 0 0 1 85984.dat
0 STEP
1 0 -10 18 10 0 -0.707107 0.707107 0 0.707107 0.707107 -1 0 0 6558.dat
0 STEP
1 0 -2.9289 25.0711 30 0.707107 0 0.707107 -0.707107 0 0.707107 0 -1 0 43857.dat
0 STEP
1 0 4.1421 32.1421 10 0 -0.965926 0.258819 0 0.258819 0.965926 -1 0 0 6558.dat
0 STEP
1 72 15.3543 35.3495 10 -0.965926 0.258819 0 0.258819 0.965926 0 0 0 -1 11458.dat
1 72 15.3543 35.3495 -10 -0.965926 0.258819 0 0.258819 0.965926 0 0 0 -1 11458.dat
1 71 22.943 25.0339 10 -0.965926 0.258819 0 0.258819 0.965926 0 0 0 -1 98138.dat
1 71 22.943 25.0339 -10 -0.965926 0.258819 0 0.258819 0.965926 0 0 0 -1 98138.dat
0 STEP
1 72 17.4249 43.0769 -10 -0.965926 0.258819 0 0.258819 0.965926 0 0 0 -1 4590.dat
1 72 17.4249 43.0769 10 -0.965926 0.258819 0 0.258819 0.965926 0 0 0 -1 4590.dat
1 71 19.4954 50.8043 0 -0.965926 0.258819 0 0.258819 0.965926 0 0 0 -1 2476.dat
0 STEP
1 232 21.566 58.5317 0 -0.258819 0 0.965926 -0.965926 0 -0.258819 0 -1 0 14-wheel.ldr
0 STEP
1 4 0 -14 -80 1 0 0 0 0.258819 0.965926 0 -0.965926 0.258819 08-foot.ldr
0 NOFILE
0 FILE 08-foot.ldr
0 Author: Nathanel Titane // nathanel.titane@gmail.com // All Rights Reserved
1 72 0 20 -20 0 -1 0 -1 0 0 0 0 -1 50923.dat
1 0 0 0 -40 -1 0 0 0 1 0 0 0 -1 92907.dat
1 71 0 0 -50 0 0 -1 0 -1 0 -1 0 0 4274.dat
0 STEP
1 71 40 20 -20 0 -1 0 -1 0 0 0 0 -1 30374.dat
1 0 30 20 -40 0 -1 0 -1 0 0 0 0 -1 87994.dat
0 STEP
1 0 -28 20 -30 0 1 0 0 0 -1 -1 0 0 35480.dat
1 71 -36 20 -40 0 1 0 -1 0 0 0 0 1 98138.dat
0 STEP
1 0 28 20 -30 0 -1 0 0 0 1 -1 0 0 35480.dat
1 71 36 20 -40 0 -1 0 1 0 0 0 0 1 98138.dat
0 STEP
1 71 40 20 0 0 -1 0 -1 0 0 0 0 -1 30374.dat
0 STEP
1 72 -5 20 20 0 1 0 -1 0 0 0 0 1 41677.dat
1 72 5 20 20 0 1 0 -1 0 0 0 0 1 41677.dat
1 0 0 0 40 1 0 0 0 1 0 0 0 1 92907.dat
1 0 0 20 40 1 0 0 0 1 0 0 0 1 32062.dat
1 0 -30 20 20 0 1 0 -1 0 0 0 0 1 87994.dat
1 71 0 0 50 0 0 1 0 -1 0 1 0 0 4274.dat
0 STEP
1 0 -28 20 10 0 1 0 0 0 1 1 0 0 35480.dat
1 71 -20 20 0 0 1 0 0 0 1 1 0 0 85861.dat
1 71 -36 20 20 0 1 0 1 0 0 0 0 -1 98138.dat
0 STEP
1 0 28 20 10 0 -1 0 0 0 -1 1 0 0 35480.dat
1 71 20 20 0 0 -1 0 0 0 -1 1 0 0 85861.dat
1 71 36 20 20 0 -1 0 -1 0 0 0 0 -1 98138.dat
0 STEP
1 0 -36 20 -9.9999 0 1 0 0 0 -1 -1 0 0 35480.dat
1 71 -44 20 0 0 1 0 1 0 0 0 0 -1 24246.dat
1 71 -44 20 -20 0 1 0 -1 0 0 0 0 1 24246.dat
0 STEP
1 0 36 20 -9.9999 0 -1 0 0 0 1 -1 0 0 35480.dat
1 71 44 20 0 0 -1 0 -1 0 0 0 0 -1 24246.dat
1 71 44 20 -20 0 -1 0 1 0 0 0 0 1 24246.dat
0 NOFILE
0 FILE 10-01-arm.ldr
0 Author: Nathanel Titane // nathanel.titane@gmail.com // All Rights Reserved
1 15 0 0 0 1 0 0 0 1 0 0 0 1 11203.dat
1 4 0 -8 0 1 0 0 0 1 0 0 0 1 3022.dat
0 STEP
1 0 0 -16 10 -1 0 0 0 1 0 0 0 -1 99781.dat
1 0 0 -16 -10 1 0 0 0 1 0 0 0 1 99781.dat
1 15 0 -6 24 -1 0 0 0 0 -1 0 -1 0 85984.dat
1 15 0 -6 -24 1 0 0 0 0 -1 0 1 0 85984.dat
0 STEP
1 72 0 -40 20 0 0 -1 0 1 0 1 0 0 48170.dat
1 72 0 -40 -20 0 0 1 0 1 0 -1 0 0 48169.dat
0 STEP
1 0 -10 -48 0 0 0 1 0 1 0 -1 0 0 93274.dat
1 0 10 -48 0 0 0 1 0 1 0 -1 0 0 3023.dat
1 0 0 -56 0 0 0 -1 0 1 0 1 0 0 3022.dat
0 STEP
1 72 -32 -28 -10 0 1 0 -1 0 0 0 0 1 3839b.dat
1 72 -32 -28 10 0 1 0 1 0 0 0 0 -1 3839b.dat
1 72 -32 -28 30 0 1 0 1 0 0 0 0 -1 48336.dat
1 72 -45.5564 -28 62.7279 0 0.707107 -0.707107 -1 0 0 0 0.707107 0.707107 60470.dat
0 STEP
1 15 -51.2132 -28 57.0711 0 0.707107 -0.707107 -1 0 0 0 0.707107 0.707107 3069b.dat
1 15 -40 -28 30 0 1 0 -1 0 0 0 0 1 3069b.dat
1 15 -40 -28 10 0 1 0 -1 0 0 0 0 1 3069b.dat
1 15 -40 -28 -10 0 1 0 -1 0 0 0 0 1 3069b.dat
1 15 -24 -28 -30 0 1 0 -1 0 0 0 0 1 85984.dat
0 STEP
1 15 -10 -64 10 -1 0 0 0 1 0 0 0 -1 28192.dat
1 15 10 -64 10 -1 0 0 0 1 0 0 0 -1 28192.dat
1 15 -10 -64 -10 1 0 0 0 1 0 0 0 1 28192.dat
1 15 10 -64 -10 1 0 0 0 1 0 0 0 1 28192.dat
0 STEP
1 0 0 -30 60 0.866025 0 -0.5 0 1 0 0.5 0 0.866025 47455.dat
1 0 0 -30 -80 0 -1 0 0 0 -1 1 0 0 47455.dat
0 STEP
1 15 -30 -50.7055 -157.2741 0 -1 0 0.965926 0 0.258819 -0.258819 0 0.965926 11-01-forearm.ldr
0 NOFILE
0 FILE 10-02-arm.ldr
0 Author: Nathanel Titane // nathanel.titane@gmail.com // All Rights Reserved
1 15 0 0 0 1 0 0 0 1 0 0 0 1 11203.dat
1 4 0 -8 0 1 0 0 0 1 0 0 0 1 3022.dat
0 STEP
1 0 0 -16 10 -1 0 0 0 1 0 0 0 -1 99781.dat
1 0 0 -16 -10 1 0 0 0 1 0 0 0 1 99781.dat
1 15 0 -6 24 -1 0 0 0 0 -1 0 -1 0 85984.dat
1 15 0 -6 -24 1 0 0 0 0 -1 0 1 0 85984.dat
0 STEP
1 72 0 -40 20 0 0 -1 0 1 0 1 0 0 48170.dat
1 72 0 -40 -20 0 0 1 0 1 0 -1 0 0 48169.dat
0 STEP
1 0 10 -48 0 0 0 -1 0 1 0 1 0 0 93274.dat
1 0 -10 -48 0 0 0 -1 0 1 0 1 0 0 3023.dat
1 0 0 -56 0 0 0 1 0 1 0 -1 0 0 3022.dat
0 STEP
1 72 32 -28 -10 0 -1 0 1 0 0 0 0 1 3839b.dat
1 72 32 -28 10 0 -1 0 -1 0 0 0 0 -1 3839b.dat
1 72 32 -28 30 0 -1 0 -1 0 0 0 0 -1 48336.dat
1 72 45.5564 -28 62.7279 0 -0.707107 0.707107 1 0 0 0 0.707107 0.707107 60470.dat
0 STEP
1 15 51.2132 -28 57.0711 0 -0.707107 0.707107 1 0 0 0 0.707107 0.707107 3069b.dat
1 15 40 -28 30 0 -1 0 1 0 0 0 0 1 3069b.dat
1 15 40 -28 10 0 -1 0 1 0 0 0 0 1 3069b.dat
1 15 40 -28 -10 0 -1 0 1 0 0 0 0 1 3069b.dat
1 15 24 -28 -30 0 -1 0 1 0 0 0 0 1 85984.dat
0 STEP
1 15 -10 -64 10 -1 0 0 0 1 0 0 0 -1 28192.dat
1 15 10 -64 10 -1 0 0 0 1 0 0 0 -1 28192.dat
1 15 -10 -64 -10 1 0 0 0 1 0 0 0 1 28192.dat
1 15 10 -64 -10 1 0 0 0 1 0 0 0 1 28192.dat
0 STEP
1 0 0 -30 60 -0.866025 0 -0.5 0 1 0 0.5 0 -0.866025 47455.dat
1 0 0 -30 -80 0 1 0 0 0 1 1 0 0 47455.dat
0 STEP
1 15 30 -50.7055 -157.2741 0 1 0 -0.965926 0 0.258819 0.258819 0 0.965926 11-02-forearm.ldr
0 NOFILE
0 FILE 11-01-forearm.ldr
0 Author: Nathanel Titane // nathanel.titane@gmail.com // All Rights Reserved
1 72 0 0 20 0 0 1 0 1 0 -1 0 0 11203.dat
0 STEP
1 71 -10 -8 40 0 0 -1 0 1 0 1 0 0 18677.dat
1 71 10 -8 40 0 0 -1 0 1 0 1 0 0 18677.dat
1 71 0 -8 10 1 0 0 0 1 0 0 0 1 99781.dat
0 STEP
1 47 -10 2 -4 1 0 0 0 0 -1 0 1 0 54200.dat
1 40 10 2 -4 1 0 0 0 0 -1 0 1 0 54200.dat
0 STEP
1 0 -10 -16 40 0 0 1 0 1 0 -1 0 0 99780.dat
1 0 10 -16 40 0 0 -1 0 1 0 1 0 0 99780.dat
0 STEP
1 0 -10 -16 0 0 0 1 0 1 0 -1 0 0 99207.dat
0 STEP
1 72 0 -40 40 0 0 -1 0 1 0 1 0 0 48170.dat
1 72 0 -40 10 1 0 0 0 1 0 0 0 1 3004.dat
1 0 -10 -40 -10 1 0 0 0 1 0 0 0 1 2921.dat
0 STEP
1 0 10 -48 30 -1 0 0 0 1 0 0 0 -1 2420.dat
1 72 0 -56 30 -1 0 0 0 1 0 0 0 -1 3069b.dat
1 72 0 -40 50 -1 0 0 0 1 0 0 0 -1 85984.dat
0 STEP
1 0 -10 -48 0 0 0 1 0 1 0 -1 0 0 11458.dat
0 STEP
1 1 0 -54 -10 1 0 0 0 -1 0 0 0 -1 43093.dat
1 0 10 -54 -10 1 0 0 0 1 0 0 0 1 6536.dat
1 0 10 -34 -20 0 0 -1 0 1 0 1 0 0 6628.dat
0 STEP
1 0 10 -16 0 0 0 -1 0 1 0 1 0 0 99207.dat
0 STEP
1 71 0 -56 10 1 0 0 0 1 0 0 0 1 99563.dat
0 STEP
1 72 -32 -18 10 0 1 0 -1 0 0 0 0 1 2420.dat
1 71 -40 -18 10 0 1 0 0 0 -1 -1 0 0 98138.dat
1 72 -40 -38 30 0 1 0 1 0 0 0 0 -1 27263.dat
1 72 -24 -28 -10 0 1 0 -1 0 0 0 0 1 85984.dat
1 72 -24 -18 50 0 1 0 1 0 0 0 0 -1 54200.dat
0 STEP
1 72 32 -18 10 0 -1 0 0 0 -1 1 0 0 2420.dat
1 71 40 -18 10 0 -1 0 0 0 -1 1 0 0 98138.dat
1 72 40 -38 30 0 -1 0 0 0 1 -1 0 0 27263.dat
1 72 24 -28 -10 0 -1 0 1 0 0 0 0 1 85984.dat
1 72 24 -18 50 0 -1 0 -1 0 0 0 0 -1 54200.dat
0 STEP
1 0 10 2 50 -1 0 0 0 0.866025 -0.5 0 -0.5 -0.866025 6558.dat
0 STEP
1 0 30 7 58.6603 0 -1 0 0.866025 0 0.5 -0.5 0 0.866025 43857.dat
0 STEP
1 0 10 12 67.3205 -1 0 0 0 -0 -1 0 -1 0 6558.dat
0 STEP
1 72 -10 18.0001 77.3205 0 0 1 -0 1 0 -1 -0 0 11458.dat
1 72 10 18.0001 77.3205 0 0 1 -0 1 0 -1 -0 0 11458.dat
1 71 -10 10 87.3205 0 0 1 -0 1 0 -1 -0 0 98138.dat
1 71 10 10 87.3205 0 0 1 -0 1 0 -1 -0 0 98138.dat
1 71 0 26.0001 77.3206 0 0 1 -0 1 0 -1 -0 0 2476.dat
0 STEP
1 72 0 34.0001 77.3205 0 1 0 -1 0 0 0 0 1 14-wheel.ldr
0 STEP
1 72 10 -38 -50 -1 0 0 0 -1 0 0 0 1 12-01-hand.ldr
0 NOFILE
0 FILE 11-02-forearm.ldr
0 Author: Nathanel Titane // nathanel.titane@gmail.com // All Rights Reserved
1 72 0 0 20 0 0 1 0 1 0 -1 0 0 11203.dat
0 STEP
1 71 -10 -8 40 0 0 -1 0 1 0 1 0 0 18677.dat
1 71 10 -8 40 0 0 -1 0 1 0 1 0 0 18677.dat
1 71 0 -8 10 1 0 0 0 1 0 0 0 1 99781.dat
0 STEP
1 47 10 2 -4 1 0 0 0 0 -1 0 1 0 54200.dat
1 40 -10 2 -4 1 0 0 0 0 -1 0 1 0 54200.dat
0 STEP
1 0 -10 -16 40 0 0 1 0 1 0 -1 0 0 99780.dat
1 0 10 -16 40 0 0 -1 0 1 0 1 0 0 99780.dat
0 STEP
1 0 -10 -16 0 0 0 1 0 1 0 -1 0 0 99207.dat
0 STEP
1 72 0 -40 40 0 0 -1 0 1 0 1 0 0 48170.dat
1 72 0 -40 10 1 0 0 0 1 0 0 0 1 3004.dat
1 0 10 -40 -10 1 0 0 0 1 0 0 0 1 2921.dat
0 STEP
1 0 -10 -48 30 0 0 1 0 1 0 -1 0 0 2420.dat
1 72 0 -56 30 -1 0 0 0 1 0 0 0 -1 3069b.dat
1 72 0 -40 50 -1 0 0 0 1 0 0 0 -1 85984.dat
0 STEP
1 0 10 -48 0 0 0 1 0 1 0 -1 0 0 11458.dat
0 STEP
1 1 0 -54 -10 -1 0 0 0 -1 0 0 0 1 43093.dat
1 0 -10 -54 -10 1 0 0 0 1 0 0 0 1 6536.dat
1 0 -10 -34 -20 0 0 -1 0 1 0 1 0 0 6628.dat
0 STEP
1 0 10 -16 0 0 0 -1 0 1 0 1 0 0 99207.dat
0 STEP
1 71 0 -56 10 1 0 0 0 1 0 0 0 1 99563.dat
0 STEP
1 72 -32 -18 10 0 1 0 -1 0 0 0 0 1 2420.dat
1 71 -40 -18 10 0 1 0 0 0 -1 -1 0 0 98138.dat
1 72 -40 -38 30 0 1 0 1 0 0 0 0 -1 27263.dat
1 72 -24 -28 -10 0 1 0 -1 0 0 0 0 1 85984.dat
1 72 -24 -18 50 0 1 0 1 0 0 0 0 -1 54200.dat
0 STEP
1 72 32 -18 10 0 -1 0 0 0 -1 1 0 0 2420.dat
1 71 40 -18 10 0 -1 0 0 0 -1 1 0 0 98138.dat
1 72 40 -38 30 0 -1 0 0 0 1 -1 0 0 27263.dat
1 72 24 -28 -10 0 -1 0 1 0 0 0 0 1 85984.dat
1 72 24 -18 50 0 -1 0 -1 0 0 0 0 -1 54200.dat
0 STEP
1 0 -10 2 50 1 0 0 0 -0.866025 -0.5 0 0.5 -0.866025 6558.dat
0 STEP
1 0 -30 7 58.6603 0 1 0 -0.866025 0 0.5 0.5 0 0.866025 43857.dat
0 STEP
1 0 -10 12 67.3205 1 0 0 0 0 -1 0 1 0 6558.dat
0 STEP
1 72 -10 18 77.3205 0 0 1 -0 1 0 -1 -0 0 11458.dat
1 72 10 18 77.3205 0 0 1 -0 1 0 -1 -0 0 11458.dat
1 71 -10 10 87.3205 0 0 1 -0 1 0 -1 -0 0 98138.dat
1 71 10 10 87.3205 0 0 1 -0 1 0 -1 -0 0 98138.dat
1 71 0 26.0001 77.3205 0 0 1 -0 1 0 -1 -0 0 2476.dat
0 STEP
1 72 0 34.0001 77.3205 0 -1 0 -1 0 -0 0 0 -1 14-wheel.ldr
0 STEP
1 72 -10 -38 -50 -1 0 0 0 -1 0 0 0 1 12-02-hand.ldr
0 NOFILE
0 FILE 12-01-hand.ldr
0 Author: Nathanel Titane // nathanel.titane@gmail.com // All Rights Reserved
1 0 -10 0 0 0 0 1 0 1 0 -1 0 0 36840.dat
1 0 10 0 0 0 0 -1 0 1 0 1 0 0 36840.dat
0 STEP
1 71 0 -8 0 -1 0 0 0 1 0 0 0 -1 14704.dat
0 STEP
1 71 0 -16 -10 -1 0 0 0 1 0 0 0 -1 33909.dat
1 71 0 -24 -20 -1 0 0 0 1 0 0 0 -1 99563.dat
1 71 0 -8 -20 1 0 0 0 1 0 0 0 1 48336.dat
0 STEP
1 0 0 -6 -40 0 0 1 0.258819 0.965926 0 -0.965926 0.258819 0 48729b.dat
1 0 -10 -6 -40 0 0 -1 -0.258819 0.965926 0 0.965926 0.258819 0 48729b.dat
1 0 10 -6 -40 0 0 1 0.258819 0.965926 0 -0.965926 0.258819 0 48729b.dat
0 STEP
1 0 -32 -2 0 0 1 0 -0.990268 0 -0.139173 -0.139173 0 0.990268 26047.dat
1 0 -30 0.7835 -19.8054 -1 0 0 0 0.139173 -0.990268 0 -0.990268 -0.139173 48729b.dat
0 STEP
1 0 32 -2 0 0 -1 0 0.990268 0 -0.139173 0.139173 0 0.990268 26047.dat
1 0 30 0.7835 -19.8054 -1 0 0 0 0.139173 -0.990268 0 -0.990268 -0.139173 48729b.dat
0 STEP
1 4 0 22 -186 0 0 1 1 0 0 0 1 0 18-missile-launcher.ldr
0 NOFILE
0 FILE 12-02-hand.ldr
0 Author: Nathanel Titane // nathanel.titane@gmail.com // All Rights Reserved
1 0 -10 0 0 0 0 1 0 1 0 -1 0 0 36840.dat
1 0 10 0 0 0 0 -1 0 1 0 1 0 0 36840.dat
0 STEP
1 71 0 -8 0 -1 0 0 0 1 0 0 0 -1 14704.dat
0 STEP
1 71 0 -16 -10 -1 0 0 0 1 0 0 0 -1 33909.dat
1 71 0 -24 -20 -1 0 0 0 1 0 0 0 -1 99563.dat
1 71 0 -8 -20 1 0 0 0 1 0 0 0 1 48336.dat
0 STEP
1 0 0 -6 -40 0 0 -1 0.707107 0.707107 0 0.707107 -0.707107 0 48729b.dat
1 0 -10 -6 -40 0 0 -1 0.965926 0.258819 0 0.258819 -0.965926 0 48729b.dat
1 0 10 -6 -40 0 0 1 -0.5 0.866025 0 -0.866025 -0.5 0 48729b.dat
0 STEP
1 0 -32 -2 0 0 1 0 -0.866025 0 -0.5 -0.5 0 0.866025 26047.dat
1 0 -30 8 -17.3205 -1 0 0 0 0.5 -0.866025 0 -0.866025 -0.5 48729b.dat
0 STEP
1 0 32 -2 0 0 -1 0 0.866025 0 -0.5 0.5 0 0.866025 26047.dat
1 0 30 8 -17.3205 -1 0 0 0 0.5 -0.866025 0 -0.866025 -0.5 48729b.dat
0 NOFILE
0 FILE 13-hood.ldr
0 Author: Nathanel Titane // nathanel.titane@gmail.com // All Rights Reserved
1 0 0 1.1962 5.6795 1 0 0 0 0.866025 -0.5 0 0.5 0.866025 48336.dat
1 0 0 -5.732 1.6795 -1 0 0 0 0.866025 0.5 0 0.5 -0.866025 60470.dat
1 0 0 -26.5167 -10.3205 1 0 0 0 0.866025 -0.5 0 0.5 0.866025 3937.dat
1 71 0 -26.5167 -10.3205 1 0 0 0 0.866025 -0.5 0 0.5 0.866025 3938.dat
0 STEP
1 0 0 -16 40 1 0 0 0 1 0 0 0 1 48336.dat
1 0 0 -8 40 -1 0 0 0 1 0 0 0 -1 48336.dat
1 0 -10 -24 40 0 0 -1 0 1 0 1 0 0 2555.dat
1 0 10 -24 40 0 0 -1 0 1 0 1 0 0 2555.dat
0 STEP
1 0 0 -50 38 1 0 0 0 0 -1 0 1 0 48336.dat
1 72 0 -50 38 -1 0 0 0 0 1 0 1 0 85984.dat
0 STEP
1 0 -10 11.3753 -16.4366 0 0 -1 0.965926 -0.258819 0 -0.258819 -0.965926 0 2555.dat
1 0 10 11.3753 -16.4366 0 0 -1 0.965926 -0.258819 0 -0.258819 -0.965926 0 2555.dat
1 0 0 9.3048 -24.164 1 0 0 0 -0.258819 0.965926 0 -0.965926 -0.258819 3710.dat
0 STEP
1 71 0 7.2342 -31.8914 1 0 0 0 -0.258819 0.965926 0 -0.965926 -0.258819 3938.dat
1 72 0 7.2342 -31.8914 1 0 0 0 -0.258819 0.965926 0 -0.965926 -0.258819 3937.dat
1 71 0 1.0226 -55.0736 -1 0 0 0 -0.258819 -0.965926 0 -0.965926 0.258819 48336.dat
