0 FILE 00-instructions.ldr
0 Name: 00-instructions.ldr
0 Author: Nathanel Titane // nathanel.titane@gmail.com // All Rights Reserved
0
0 // LPUB[3D] FRONT COVER PAGE /////////////////////////////////////////////////
0
0 !LPUB PAGE DOCUMENT_TITLE_FRONT COLOR "#666666"
0 !LPUB PAGE DOCUMENT_TITLE_FRONT CONTENT GLOBAL "MODEL // GAT-X105 STRIKE // AILE PACK"
0 !LPUB PAGE DOCUMENT_TITLE_FRONT DISPLAY GLOBAL TRUE
0 !LPUB PAGE DOCUMENT_TITLE_FRONT FONT "Noto Sans,72,-1,0,75,0,0,0,0,0,Bold"
0 !LPUB PAGE DOCUMENT_TITLE_FRONT MARGINS 0.2500 0.1000
0 !LPUB PAGE DOCUMENT_TITLE_FRONT PLACEMENT GLOBAL TOP_LEFT PAGE INSIDE OFFSET 0.0000 0.0000

0 !LPUB PAGE DOCUMENT_AUTHOR_FRONT CONTENT GLOBAL "MODEL DESIGN AND INSTRUCTIONS // NATHANEL TITANE"
0 !LPUB PAGE DOCUMENT_AUTHOR_FRONT COLOR "#666666"
0 !LPUB PAGE DOCUMENT_AUTHOR_FRONT DISPLAY GLOBAL TRUE
0 !LPUB PAGE DOCUMENT_AUTHOR_FRONT FONT "Noto Sans,18,-1,0,75,0,0,0,0,0,Bold"
0 !LPUB PAGE DOCUMENT_AUTHOR_FRONT MARGINS 0.3000 1.0000
0 !LPUB PAGE DOCUMENT_AUTHOR_FRONT PLACEMENT TOP_LEFT PAGE INSIDE OFFSET 0.0000 0.0000

0 !LPUB PAGE MODEL_PARTS COLOR "#666666"
0 !LPUB PAGE MODEL_PARTS CONTENT GLOBAL "278 PIECES"
0 !LPUB PAGE MODEL_PARTS DISPLAY GLOBAL TRUE
0 !LPUB PAGE MODEL_PARTS FONT "Noto Sans,72,-1,0,75,0,0,0,0,0,Bold"
0 !LPUB PAGE MODEL_PARTS MARGINS 0.2500 0.1000
0 !LPUB PAGE MODEL_PARTS PLACEMENT GLOBAL BOTTOM_LEFT PAGE INSIDE OFFSET 0.0000 0.0000

0 !LPUB PAGE PUBLISH_DESCRIPTION COLOR "#666666"
0 !LPUB PAGE PUBLISH_DESCRIPTION CONTENT GLOBAL "LEGO // LINUX - Where Lego and Linux Meet"
0 !LPUB PAGE PUBLISH_DESCRIPTION DISPLAY GLOBAL TRUE
0 !LPUB PAGE PUBLISH_DESCRIPTION FONT "Noto Sans,36,-1,0,75,0,0,0,0,0,Bold"
0 !LPUB PAGE PUBLISH_DESCRIPTION MARGINS 0.2000 0.2000
0 !LPUB PAGE PUBLISH_DESCRIPTION PLACEMENT GLOBAL BOTTOM_RIGHT PAGE INSIDE OFFSET 0.0000 0.0000
0
0 // LPUB[3D] BACK COVER PAGE //////////////////////////////////////////////////
0
0 // LPUB[3D] DOCUMENT DISCLAIMER
0 !LPUB PAGE LEGO_DISCLAIMER COLOR "#666666"
0 !LPUB PAGE LEGO_DISCLAIMER CONTENT GLOBAL "LEGO® // REGISTERED TRADEMARK OF THE LEGO GROUP"
0 !LPUB PAGE LEGO_DISCLAIMER DISPLAY GLOBAL TRUE
0 !LPUB PAGE LEGO_DISCLAIMER FONT "Noto Sans,36,-1,0,75,0,0,0,0,0,Bold"
0 !LPUB PAGE LEGO_DISCLAIMER PLACEMENT GLOBAL CENTER PAGE INSIDE OFFSET 0.0000 -0.2500
0
0 // LPUB[3D] PAGE DOCUMENT AUTHOR
0 !LPUB PAGE DOCUMENT_AUTHOR_BACK COLOR "#666666"
0 !LPUB PAGE DOCUMENT_AUTHOR_BACK CONTENT GLOBAL "MODEL DESIGN AND INSTRUCTIONS // NATHANEL TITANE"
0 !LPUB PAGE DOCUMENT_AUTHOR_BACK DISPLAY GLOBAL TRUE
0 !LPUB PAGE DOCUMENT_AUTHOR_BACK FONT "Noto Sans,36,-1,0,75,0,0,0,0,0,Bold"
0 !LPUB PAGE DOCUMENT_AUTHOR_BACK PLACEMENT CENTER PAGE INSIDE OFFSET 0.0000 -0.2000
0
0 // LPUB[3D] PAGE PUBLICATION COPYRIGHT
0 !LPUB PAGE PUBLISH_COPYRIGHT_BACK COLOR "#666666"
0 !LPUB PAGE PUBLISH_COPYRIGHT_BACK CONTENT GLOBAL "COPYRIGHT // ALL RIGHTS RESERVED"
0 !LPUB PAGE PUBLISH_COPYRIGHT_BACK DISPLAY GLOBAL TRUE
0 !LPUB PAGE PUBLISH_COPYRIGHT_BACK FONT "Noto Sans,36,-1,0,75,0,0,0,0,0,Bold"
0 !LPUB PAGE PUBLISH_COPYRIGHT_BACK PLACEMENT GLOBAL CENTER PAGE INSIDE OFFSET 0.0000 -0.1500
0
0 // LPUB[3D] PAGE PUBLICATION EMAIL
0 !LPUB PAGE PUBLISH_EMAIL_BACK COLOR "#666666"
0 !LPUB PAGE PUBLISH_EMAIL_BACK CONTENT GLOBAL "CONTACT // NATHANEL.TITANE@GMAIL.COM // INFO@LEGOLINUX.COM"
0 !LPUB PAGE PUBLISH_EMAIL_BACK DISPLAY GLOBAL TRUE
0 !LPUB PAGE PUBLISH_EMAIL_BACK FONT "Noto Sans,18,-1,0,75,0,0,0,0,0,Bold"
0 !LPUB PAGE PUBLISH_EMAIL_BACK PLACEMENT GLOBAL CENTER PAGE INSIDE OFFSET 0.0000 -0.0500
0
0 // LPUB[3D] PAGE PUBLICATION URL
0 !LPUB PAGE PUBLISH_URL_BACK COLOR "#666666"
0 !LPUB PAGE PUBLISH_URL_BACK CONTENT GLOBAL "WEB // HTTPS://LEGOLINUX.COM/MODELS/MOBILE-SUITS/GAT-X105-STRIKE-PACK-AILE"
0 !LPUB PAGE PUBLISH_URL_BACK DISPLAY GLOBAL TRUE
0 !LPUB PAGE PUBLISH_URL_BACK FONT "Noto Sans,18,-1,0,75,0,0,0,0,0,Bold"
0 !LPUB PAGE PUBLISH_URL_BACK PLACEMENT GLOBAL CENTER PAGE INSIDE OFFSET 0.0000 -0.0250
0
0 // LPUB[3D] PAGE LOGO
0 !LPUB PAGE DOCUMENT_LOGO_BACK DISPLAY GLOBAL TRUE
0 !LPUB PAGE DOCUMENT_LOGO_BACK FILE GLOBAL "/media/internal/Lego/lpub3d/instructions/logo.png"
0 !LPUB PAGE DOCUMENT_LOGO_BACK PLACEMENT CENTER PAGE INSIDE OFFSET 0.0000 0.45000
0 !LPUB PAGE DOCUMENT_LOGO_BACK SCALE GLOBAL  1.0000
0
0 // LPUB[3D] CONFIGURATION ////////////////////////////////////////////////////
0
0 // LPUB[3D] PAGE WATERMARK
0 !LPUB PAGE PUBLISH_EMAIL CONTENT GLOBAL "CONTACT // NATHANEL.TITANE@GMAIL.COM // INFO@LEGOLINUX.COM"
0 !LPUB PAGE PUBLISH_EMAIL COLOR "#666666"
0 !LPUB PAGE PUBLISH_EMAIL DISPLAY GLOBAL TRUE
0 !LPUB PAGE PUBLISH_EMAIL FONT "Noto Sans,18,-1,0,75,0,0,0,0,0,Bold"
0 !LPUB PAGE PUBLISH_EMAIL MARGINS 0.0000 0.1500
0 !LPUB PAGE PUBLISH_EMAIL PLACEMENT GLOBAL BOTTOM PAGE INSIDE OFFSET 0.0000 0.0000
0 !LPUB PAGE DOCUMENT_AUTHOR CONTENT GLOBAL "MODEL DESIGN AND INSTRUCTIONS // NATHANEL TITANE"
0 !LPUB PAGE DOCUMENT_AUTHOR COLOR "#666666"
0 !LPUB PAGE DOCUMENT_AUTHOR DISPLAY GLOBAL TRUE
0 !LPUB PAGE DOCUMENT_AUTHOR FONT "Noto Sans,18,-1,0,75,0,0,0,0,0,Bold"
0 !LPUB PAGE DOCUMENT_AUTHOR MARGINS 0.0000 0.2000
0 !LPUB PAGE DOCUMENT_AUTHOR PLACEMENT GLOBAL TOP PAGE INSIDE OFFSET 0.0000 0.0000
0
0 // LPUB[3D] STEPS HIGHLIGHT
0 !LPUB HIGHLIGHT_STEP ENABLED GLOBAL TRUE
0 !LPUB HIGHLIGHT_STEP COLOR GLOBAL "#7137C8"
0
0 // LPUB[3D] STEP FADE
0 !LPUB FADE_STEP OPACITY GLOBAL "50"
0 !LPUB FADE_STEP COLOR GLOBAL "Trans_Black"
0 !LPUB FADE_STEP ENABLED GLOBAL TRUE
0 !LPUB FINAL_MODEL_ENABLED GLOBAL TRUE
0
0 // LPUB[3D] SUBMODEL PREVIEW
0 !LPUB SUBMODEL_DISPLAY SHOW GLOBAL TRUE
0 !LPUB SUBMODEL_DISPLAY BACKGROUND COLOR "#DDDDDD"
0 !LPUB SUBMODEL_DISPLAY MARGINS 0.1500 0.7500
0 !LPUB SUBMODEL_DISPLAY BORDER SQUARE 0 Black 0.031 MARGINS 0.050 0.050
0 !LPUB SUBMODEL_DISPLAY PLACEMENT GLOBAL LEFT PAGE INSIDE
0 !LPUB SUBMODEL_DISPLAY CAMERA_ANGLES 30.0000 45.0000
0
0 // LPUB[3D] ASSEMBLIES
0 !LPUB ASSEM CAMERA_ANGLES 30.0000 45.0000
0 !LPUB ASSEM MARGINS 0.5000 0.5000
0 !LPUB ASSEM MODEL_SCALE 1.0000
0 !LPUB ASSEM PLACEMENT CENTER PAGE INSIDE OFFSET 0.0000 0.0000
0
0 // LPUB[3D] BILL OF MATERIALS
0 !LPUB BOM BACKGROUND COLOR "#DDDDDD"
0 !LPUB BOM BORDER SQUARE 0 #666666 0.025 MARGINS 0.050 0.050
0 !LPUB BOM CONSTRAIN HEIGHT 13.0000
0 !LPUB BOM CONSTRAIN SQUARE
0 !LPUB BOM PLACEMENT CENTER PAGE INSIDE OFFSET 0.0000 0.0000
0
0 // LPUB[3D] CALLOUTS
0 !LPUB CALLOUT BORDER SQUARE 0 #666666 0.025 MARGINS 0.050 0.050
0 !LPUB CALLOUT MARGINS 0.1250 0.1250
0 !LPUB CALLOUT PLACEMENT RIGHT PAGE INSIDE OFFSET 0.0000 0.0000
0
0 // LPUB[3D] PAGE
0 !LPUB PAGE DOCUMENT_COVER_IMAGE DISPLAY GLOBAL TRUE
0 !LPUB PAGE DOCUMENT_COVER_IMAGE FILE GLOBAL "../renders/flat/flat.png"
0 !LPUB PAGE DOCUMENT_COVER_IMAGE FILL GLOBAL ASPECT
0 !LPUB PAGE DOCUMENT_COVER_IMAGE MARGINS GLOBAL 0.0000 0.0000
0 !LPUB PAGE DOCUMENT_COVER_IMAGE PLACEMENT GLOBAL CENTER PAGE INSIDE OFFSET 0.0000 0.0000
0 !LPUB PAGE DOCUMENT_COVER_IMAGE SCALE GLOBAL 1.0000
0
0 // LPUB[3D] PAGE NUMBER
0 !LPUB PAGE NUMBER FONT "Noto Sans,36,-1,0,75,0,0,0,0,0,Bold"
0 !LPUB PAGE NUMBER FONT_COLOR "#666666"
0 !LPUB PAGE NUMBER MARGINS 0.1250 0.1250
0 !LPUB PAGE NUMBER PLACEMENT BOTTOM_RIGHT PAGE INSIDE OFFSET 0.0000 0.0000
0
0 // LPUB[3D] PAGE SETUP
0 !LPUB PAGE BORDER GLOBAL NONE 0 MARGINS 0.000 0.000
0 !LPUB PAGE ENABLE_TEXT_PLACEMENT GLOBAL CENTER PAGE INSIDE OFFSET 0.0000 0.0000
0 !LPUB PAGE TEXT_PLACEMENT GLOBAL TRUE
0 !LPUB PAGE PAGE_FOOTER SIZE GLOBAL 32.0000 0.5000
0 !LPUB PAGE PAGE_HEADER SIZE GLOBAL 32.0000 0.5000
0 !LPUB PAGE MARGINS GLOBAL 0.0000 0.0000
0 !LPUB PAGE ORIENTATION GLOBAL LANDSCAPE
0 !LPUB PAGE SIZE GLOBAL 16.0000 32.0000
0
0 // LPUB[3D] PAGE COLORS
0 !LPUB PAGE SUBMODEL_BACKGROUND_COLOR GLOBAL "#DDDDDD" "#FFE680" "#FFAAAA" "#C6AFE9"
0
0 // LPUB[3D] SUBMODELS
0 !LPUB PAGE SUBMODEL_INSTANCE_COUNT FONT_COLOR "#FF5555"
0 !LPUB PAGE SUBMODEL_INSTANCE_COUNT FONT "Noto Sans,72,-1,0,75,0,0,0,0,0,Bold"
0 !LPUB PAGE SUBMODEL_INSTANCE_COUNT MARGINS 0.0000 0.1250
0 !LPUB PAGE SUBMODEL_INSTANCE_COUNT PLACEMENT BOTTOM_RIGHT PAGE INSIDE OFFSET 0.0000 -0.0500
0
0 // LPUB[3D] PARTS LIST
0 !LPUB PLI BACKGROUND COLOR "#DDDDDD"
0 !LPUB PLI BORDER SQUARE 0 #666666 0.025 MARGINS 0.0500 0.050
0 !LPUB PLI CAMERA_ANGLES 30.0000 45.0000
0 !LPUB PLI CONSTRAIN HEIGHT 5.0000
0 !LPUB PLI MODEL_SCALE  1.0000
0 !LPUB PLI MARGINS 0.1500 0.7500
0 !LPUB PLI PLACEMENT TOP_RIGHT PAGE INSIDE OFFSET 0.0000 0.0000
0 !LPUB PLI INSTANCE_COUNT FONT "Noto Sans,36,-1,0,75,0,0,0,0,0,Bold"
0 !LPUB PLI INSTANCE_COUNT FONT_COLOR "#666666"
0 !LPUB PLI INSTANCE_COUNT MARGINS 0.0125 0.0125
0 !LPUB PLI INSTANCE_COUNT MARGINS 0.0125 0.3000
0
0 // LPUB[3D] STEP NUMBER
0 !LPUB STEP_NUMBER FONT "Noto Sans,72,-1,0,75,0,0,0,0,0,Bold"
0 !LPUB STEP_NUMBER FONT_COLOR "#666666"
0 !LPUB STEP_NUMBER MARGINS 0.1250 0.0000
0 !LPUB STEP_NUMBER PLACEMENT TOP_LEFT PAGE INSIDE OFFSET 0.0000 0.0000
0
0 // LPUB[3D] BEGIN INSTRUCTIONS ///////////////////////////////////////////////
0
0 STEP
0 !LPUB INSERT COVER_PAGE FRONT
0 STEP
0 !LPUB ASSEM MODEL_SCALE LOCAL 0.7500
1 0 0 0 0 1 0 0 0 1 0 0 0 1 00-model.ldr
0 STEP
0
0 // LPUB[3D] DISABLE FINAL MODEL SHOWCASE /////////////////////////////////////
0
0 !LPUB NOSTEP
0
0 // LPUB[3D] BOM PAGES
0 STEP
0 !LPUB INSERT PAGE
0 !LPUB INSERT BOM
0 STEP
0 !LPUB INSERT PAGE
0 !LPUB INSERT BOM
0 STEP
0 !LPUB INSERT PAGE
0 !LPUB INSERT BOM
0 STEP
0 !LPUB INSERT PAGE
0 !LPUB INSERT BOM
0 STEP
0 !LPUB INSERT PAGE
0 !LPUB INSERT BOM
0 STEP
0 !LPUB INSERT PAGE
0 !LPUB INSERT BOM
0 STEP
0 !LPUB INSERT PAGE
0 !LPUB INSERT BOM
0 STEP
0 !LPUB INSERT PAGE
0 !LPUB INSERT BOM
0 STEP
0 !LPUB INSERT PAGE
0 !LPUB INSERT BOM
0 STEP
0 !LPUB INSERT PAGE
0 !LPUB INSERT BOM
0 STEP
0 !LPUB INSERT PAGE
0 !LPUB INSERT BOM
0 STEP
0 !LPUB INSERT PAGE
0 !LPUB INSERT BOM
0 STEP
0
0 !LPUB NOSTEP
0
0 !LPUB INSERT COVER_PAGE BACK
0
0 // LPUB[3D] END INSTRUCTIONS /////////////////////////////////////////////////
0
0 NOFILE
0 FILE 00-model.ldr
0 
0 Name: 00-model.ldr
0 Author: Nathanel Titane // nathanel.titane@gmail.com // All Rights Reserved
1 0 0 -170 56 1 0 0 0 0 -1 0 1 0 10-back-pack-aile.ldr
0 STEP
0 STEP
0 NOFILE
0 FILE 10-back-pack-aile.ldr
0 
0 Name: 10-back-pack-aile.ldr
0 Author: Nathanel Titane // nathanel.titane@gmail.com // All Rights Reserved
1 0 0 0 0 0 0 1 0 1 0 -1 0 0 2434.dat
0 STEP
1 0 0 48 -30 1 0 0 0 1 0 0 0 1 3298.dat
1 0 0 48 -10 -1 0 0 0 1 0 0 0 -1 3747b.dat
1 0 0 72 -40 0 0 -1 0 1 0 1 0 0 3020.dat
0 STEP
1 0 -28 20 0 0 1 0 0 0 -1 -1 0 0 3020.dat
1 0 28 20 0 0 -1 0 0 0 1 -1 0 0 3020.dat
0 STEP
1 0 -52 20 30 0 1 0 1 0 0 0 0 -1 30540.dat
1 0 -52 10 0 0 1 0 0 0 -1 -1 0 0 3039.dat
1 0 -52 20 -30 0 1 0 1 0 0 0 0 -1 30540.dat
0 STEP
1 0 52 20 30 0 -1 0 1 0 0 0 0 1 30540.dat
1 0 52 10 0 0 -1 0 0 0 -1 1 0 0 3039.dat
1 0 52 20 -30 0 -1 0 1 0 0 0 0 1 30540.dat
0 STEP
1 0 -60 10 0 0 1 0 0 0 -1 -1 0 0 2431.dat
1 0 60 10 0 0 -1 0 0 0 1 -1 0 0 2431.dat
0 STEP
1 15 10 80 -10 1 0 0 0 1 0 0 0 1 3665.dat
1 15 -10 80 -10 1 0 0 0 1 0 0 0 1 3665.dat
0 STEP
1 0 -10 80 -50 1 0 0 0 1 0 0 0 1 3665.dat
1 0 10 80 -50 1 0 0 0 1 0 0 0 1 3665.dat
0 STEP
1 0 -10 116 -10 0 -1 0 1 0 0 0 0 1 6558.dat
1 0 10 116 -10 0 -1 0 1 0 0 0 0 1 6558.dat
0 STEP
1 15 0 156 -10 1 0 0 0 -1 0 0 0 -1 3245b.dat
1 15 0 180 -10 -1 0 0 0 -1 0 0 0 1 3660.dat
0 STEP
1 15 0 252 -20 1 0 0 0 -1 0 0 0 -1 30145.dat
1 15 0 324 -10 -1 0 0 0 -1 0 0 0 1 3684a.dat
1 15 -10 324 -10 0 0 1 0 -1 0 1 0 0 54200.dat
1 15 10 324 -10 0 0 -1 0 -1 0 -1 0 0 54200.dat
0 STEP
1 0 -52 64 30 1 0 0 0 1 0 0 0 1 76385.dat
1 0 -52 88 50 0 0 -1 0 1 0 1 0 0 3021.dat
1 0 52 64 30 -1 0 0 0 1 0 0 0 -1 76385.dat
1 0 52 88 50 0 0 -1 0 1 0 1 0 0 3021.dat
0 STEP
1 0 -52 64 50 -1 0 0 0 1 0 0 0 -1 30540.dat
1 0 -62 56 50 0 0 1 0 1 0 -1 0 0 14719.dat
1 0 52 64 50 1 0 0 0 1 0 0 0 1 30540.dat
1 0 62 56 50 -1 0 0 0 1 0 0 0 -1 14719.dat
0 STEP
1 0 -52 88 70 -1 0 0 0 1 0 0 0 -1 85984.dat
1 0 52 88 70 -1 0 0 0 1 0 0 0 -1 85984.dat
0 STEP
1 0 -52 59.899 -20.101 1 0 0 0 0.707107 -0.707107 0 0.707107 0.707107 76385.dat
1 0 -52 74.042 -34.243 -1 0 0 0 0.707107 0.707107 0 0.707107 -0.707107 3004.dat
1 0 -62 68.385 -39.899 1 0 0 0 0.707107 -0.707107 0 0.707107 0.707107 14719.dat
1 0 -52 91.012 -17.272 -1 0 0 0 0.707107 0.707107 0 0.707107 -0.707107 4598.dat
1 0 52 59.899 -20.101 -1 0 0 0 0.707107 0.707107 0 0.707107 -0.707107 76385.dat
1 0 52 74.042 -34.243 1 0 0 0 0.707107 -0.707107 0 0.707107 0.707107 3004.dat
1 0 62 68.385 -39.899 0 0 -1 -0.707107 0.707107 0 0.707107 0.707107 0 14719.dat
1 0 52 91.012 -17.272 -1 0 0 0 0.707107 0.707107 0 0.707107 -0.707107 4598.dat
0 STEP
1 72 -52 82.526 -54.042 1 0 0 0 0.707107 -0.707107 0 0.707107 0.707107 98138.dat
1 72 -52 88.184 -48.385 1 0 0 0 0.707107 -0.707107 0 0.707107 0.707107 3062b.dat
1 72 52 88.184 -48.385 1 0 0 0 0.707107 -0.707107 0 0.707107 0.707107 3062b.dat
1 72 52 82.526 -54.042 1 0 0 0 0.707107 -0.707107 0 0.707107 0.707107 98138.dat
0 STEP
1 0 -62 110.811 -25.756 -1 0 0 0 0.707107 0.707107 0 0.707107 -0.707107 4287.dat
1 0 -42 110.811 -25.756 -1 0 0 0 0.707107 0.707107 0 0.707107 -0.707107 4287.dat
1 0 42 110.811 -25.756 -1 0 0 0 0.707107 0.707107 0 0.707107 -0.707107 4287.dat
1 0 62 110.811 -25.756 -1 0 0 0 0.707107 0.707107 0 0.707107 -0.707107 4287.dat
0 STEP
1 0 -52 96 70 -1 0 0 0 1 0 0 0 -1 3700.dat
1 0 52 96 70 -1 0 0 0 1 0 0 0 -1 3700.dat
0 STEP
1 0 -42 96 40 0 0 1 0 1 0 -1 0 0 32000.dat
1 0 -62 96 40 0 0 1 0 1 0 -1 0 0 32000.dat
1 0 62 96 40 0 0 1 0 1 0 -1 0 0 32000.dat
1 0 42 96 40 0 0 1 0 1 0 -1 0 0 32000.dat
1 0 52 110.811 -51.213 -1 0 0 0 0.707107 -0.707107 0 -0.707107 -0.707107 32000.dat
1 0 52 96.669 -65.355 -1 0 0 0 0.707107 -0.707107 0 -0.707107 -0.707107 32000.dat
1 0 -52 110.811 -51.213 -1 0 0 0 0.707107 -0.707107 0 -0.707107 -0.707107 32000.dat
1 0 -52 96.669 -65.355 -1 0 0 0 0.707107 -0.707107 0 -0.707107 -0.707107 32000.dat
0 STEP
1 0 -52 120 50 0 0 -1 0 1 0 1 0 0 3021.dat
1 0 52 120 50 0 0 -1 0 1 0 1 0 0 3021.dat
1 0 52 120.711 -75.255 1 0 0 0 0.707107 0.707107 0 -0.707107 0.707107 3022.dat
1 0 -52 120.711 -75.255 -1 0 0 0 0.707107 -0.707107 0 -0.707107 -0.707107 3022.dat
0 STEP
1 0 -52 128 70 1 0 0 0 1 0 0 0 1 3245b.dat
1 0 -42 176 70 0 0 1 0 1 0 -1 0 0 3665.dat
1 0 52 128 70 1 0 0 0 1 0 0 0 1 3245b.dat
1 0 42 176 70 0 0 -1 0 1 0 1 0 0 3665.dat
0 STEP
1 72 -52 138 40 1 0 0 0 1 0 0 0 1 30361a.dat
1 72 52 138 40 1 0 0 0 1 0 0 0 1 30361a.dat
1 72 -52 133.439 -87.983 0 0 1 -0.707107 0.707107 0 -0.707107 -0.707107 0 30361a.dat
1 72 52 133.439 -87.983 0 0 1 -0.707107 0.707107 0 -0.707107 -0.707107 0 30361a.dat
1 72 -72 138 40 0 -1 0 0 0 -1 1 0 0 4073.dat
1 72 -32 138 40 0 1 0 0 0 1 1 0 0 4073.dat
1 72 32 138 40 0 -1 0 0 0 -1 1 0 0 4073.dat
1 72 72 138 40 0 1 0 0 0 1 1 0 0 4073.dat
1 72 -52 119.295 -102.125 1 0 0 0 -0.707107 0.707107 0 -0.707107 -0.707107 4073.dat
1 72 -52 147.581 -73.841 -1 0 0 0 0.707107 0.707107 0 0.707107 -0.707107 4073.dat
1 72 52 119.295 -102.125 1 0 0 0 -0.707107 0.707107 0 -0.707107 -0.707107 4073.dat
1 72 52 147.581 -73.841 -1 0 0 0 0.707107 0.707107 0 0.707107 -0.707107 4073.dat
0 STEP
1 0 -32 106 40 0 1 0 0 0 1 1 0 0 3004.dat
1 0 32 106 40 0 -1 0 0 0 1 -1 0 0 3004.dat
0 STEP
1 4 -24 136 40 0 1 0 1 0 0 0 0 -1 4854.dat
1 4 -32 136 70 0 1 0 1 0 0 0 0 -1 2431.dat
1 4 -48 136 10 0 1 0 -1 0 0 0 0 1 30413.dat
1 0 -16 166 40 0 1 0 0 0 -1 -1 0 0 3069b.dat
1 0 -16 146 40 0 1 0 0 0 -1 -1 0 0 3069b.dat
1 0 -16 126 40 0 1 0 0 0 -1 -1 0 0 3069b.dat
0 STEP
1 4 24 136 40 0 -1 0 1 0 0 0 0 1 4854.dat
1 4 32 136 70 0 -1 0 -1 0 0 0 0 -1 2431.dat
1 4 48 136 10 0 -1 0 1 0 0 0 0 1 30413.dat
1 0 16 166 40 0 -1 0 0 0 -1 1 0 0 3069b.dat
1 0 16 146 40 0 -1 0 0 0 -1 1 0 0 3069b.dat
1 0 16 126 40 0 -1 0 0 0 -1 1 0 0 3069b.dat
0 STEP
1 0 -72 106 40 0 -1 0 0 0 1 -1 0 0 3004.dat
1 0 72 106 40 0 1 0 0 0 1 1 0 0 3004.dat
0 STEP
1 4 -80 116 40 0 -1 0 0 0 -1 1 0 0 43713.dat
1 4 -56 116 10 0 -1 0 1 0 0 0 0 1 4865b.dat
1 4 -72 116 70 0 -1 0 -1 0 0 0 0 -1 3069b.dat
1 4 -72 196 40 0 -1 0 0 0 -1 1 0 0 3068b.dat
1 0 -88 126 40 0 -1 0 0 0 -1 1 0 0 3069b.dat
1 0 -88 146 40 0 -1 0 0 0 -1 1 0 0 3069b.dat
1 0 -88 166 40 0 -1 0 0 0 -1 1 0 0 3069b.dat
0 STEP
1 4 80 116 40 0 1 0 0 0 -1 -1 0 0 43713.dat
1 4 56 116 70 0 1 0 1 0 0 0 0 -1 4865b.dat
1 4 72 116 10 0 1 0 -1 0 0 0 0 1 3069b.dat
1 4 72 196 40 0 1 0 0 0 -1 -1 0 0 3068b.dat
1 0 88 126 40 0 1 0 0 0 -1 -1 0 0 3069b.dat
1 0 88 146 40 0 1 0 0 0 -1 -1 0 0 3069b.dat
1 0 88 166 40 0 1 0 0 0 -1 -1 0 0 3069b.dat
0 STEP
1 0 -52 106 80 0 0 -1 -1 0 0 0 1 0 87580.dat
1 0 -52 116 88 -1 0 0 0 0 1 0 1 0 32000.dat
1 0 52 106 80 0 0 -1 -1 0 0 0 1 0 87580.dat
1 0 52 116 88 -1 0 0 0 0 1 0 1 0 32000.dat
0 STEP
1 0 -42 86 88 -1 0 0 0 0 1 0 1 0 42023.dat
1 0 -62 86 88 -1 0 0 0 0 1 0 1 0 42023.dat
1 0 62 86 88 -1 0 0 0 0 1 0 1 0 42023.dat
1 0 42 86 88 -1 0 0 0 0 1 0 1 0 42023.dat
0 STEP
1 0 -52 46 80 0 0 -1 -1 0 0 0 1 0 87079.dat
1 0 52 46 80 0 0 -1 -1 0 0 0 1 0 87079.dat
1 0 -52 -4 80 -1 0 0 0 0 1 0 1 0 3069b.dat
1 0 52 -4 80 1 0 0 0 0 -1 0 1 0 3069b.dat
0 STEP
1 0 -52 126 98 -1 0 0 0 1 0 0 0 -1 32028.dat
1 0 -52 134 98 -1 0 0 0 1 0 0 0 -1 32028.dat
1 0 -52 142 98 -1 0 0 0 1 0 0 0 -1 32028.dat
1 0 52 126 98 -1 0 0 0 1 0 0 0 -1 32028.dat
1 0 52 134 98 -1 0 0 0 1 0 0 0 -1 32028.dat
1 0 52 142 98 -1 0 0 0 1 0 0 0 -1 32028.dat
0 STEP
1 0 -42 150 98 0 0 1 0 1 0 -1 0 0 3665.dat
1 0 42 150 98 0 0 -1 0 1 0 1 0 0 3665.dat
0 STEP
1 0 -52 106 96 0 0 1 1 0 0 0 1 0 4871.dat
1 0 52 106 96 0 0 1 1 0 0 0 1 0 4871.dat
1 0 -22 106 96 0 0 -1 -1 0 0 0 1 0 85984.dat
1 0 22 106 96 0 0 1 1 0 0 0 1 0 85984.dat
0 STEP
1 0 -62 76 112 0 0 1 1 0 0 0 1 0 3024.dat
1 0 -42 76 112 0 0 1 1 0 0 0 1 0 3024.dat
1 0 42 76 112 0 0 1 1 0 0 0 1 0 3024.dat
1 0 62 76 112 0 0 1 1 0 0 0 1 0 3024.dat
0 STEP
1 0 -82 106 88 0 0 -1 -1 0 0 0 1 0 44302a.dat
1 0 -82 106 80 0 0 -1 -1 0 0 0 1 0 3069b.dat
1 0 82 106 88 0 0 -1 -1 0 0 0 1 0 44302a.dat
1 0 82 106 80 0 0 -1 -1 0 0 0 1 0 3069b.dat
0 STEP
1 0 82 76 110 1 0 0 0 1 0 0 0 1 41532.dat
1 0 -82 76 110 1 0 0 0 1 0 0 0 1 41532.dat
0 STEP
1 71 -52 124.953 -51.213 -1 0 0 0 0.707107 0.707107 0 0.707107 -0.707107 3938.dat
1 71 52 124.953 -51.213 -1 0 0 0 0.707107 0.707107 0 0.707107 -0.707107 3938.dat
1 71 52 96.669 -79.497 1 0 0 0 -0.707107 0.707107 0 -0.707107 -0.707107 3938.dat
1 71 -52 96.669 -79.497 1 0 0 0 -0.707107 0.707107 0 -0.707107 -0.707107 3938.dat
0 STEP
1 0 -52 124.953 -51.213 -1 0 0 0 0.707107 0.707107 0 0.707107 -0.707107 3937.dat
1 0 -52 151.823 -66.77 0 0 1 0.707107 0.707107 0 -0.707107 0.707107 0 4854.dat
0 STEP
1 0 -52 150.409 -54.042 1 0 0 0 0.707107 -0.707107 0 0.707107 0.707107 3069b.dat
1 0 -52 164.551 -68.184 1 0 0 0 0.707107 -0.707107 0 0.707107 0.707107 3069b.dat
1 0 -52 178.693 -82.326 1 0 0 0 0.707107 -0.707107 0 0.707107 0.707107 3069b.dat
0 STEP
1 0 -82 134.853 -83.74 0 0 1 0.707107 0.707107 0 -0.707107 0.707107 0 30413.dat
1 0 -22 134.853 -83.74 0 0 -1 -0.707107 0.707107 0 0.707107 0.707107 0 30413.dat
0 STEP
1 4 -52 211.22 -92.225 -1 0 0 0 0.707107 0.707107 0 0.707107 -0.707107 43713.dat
1 4 -52 209.806 -79.497 1 0 0 0 0.707107 -0.707107 0 0.707107 0.707107 3023.dat
1 4 -52 223.949 -93.641 1 0 0 0 0.707107 -0.707107 0 0.707107 0.707107 3069b.dat
0 STEP
1 4 -52 204.149 -85.153 1 0 0 0 0.707107 -0.707107 0 0.707107 0.707107 44567a.dat
1 4 -52 204.1489 -85.1541 1 0 0 0 0.707107 -0.707107 0 0.707107 0.707107 85984.dat
0 STEP
1 4 -22 194.251 -109.196 0 0 -1 -0.707107 0.707107 0 0.707107 0.707107 0 4865b.dat
1 4 -82 194.251 -109.196 0 0 1 0.707107 0.707107 0 -0.707107 0.707107 0 4865b.dat
0 STEP
1 4 -52 247.99 -112.024 0 0 -1 0.707107 -0.707107 0 -0.707107 -0.707107 0 3023.dat
1 4 -52 228.191 -103.539 -1 0 0 0 -0.707107 -0.707107 0 -0.707107 0.707107 30407.dat
0 STEP
1 72 -52 246.576 -99.296 0 0 -1 0.707107 -0.707107 0 -0.707107 -0.707107 0 4073.dat
1 0 -52 273.446 -114.854 -1 0 0 0 -0.707107 -0.707107 0 -0.707107 0.707107 61678.dat
0 STEP
1 0 52 124.953 -51.213 -1 0 0 0 0.707107 0.707107 0 0.707107 -0.707107 3937.dat
1 0 52 151.823 -66.77 0 0 1 0.707107 0.707107 0 -0.707107 0.707107 0 4854.dat
0 STEP
1 0 52 178.693 -82.326 1 0 0 0 0.707107 -0.707107 0 0.707107 0.707107 3069b.dat
1 0 52 164.551 -68.184 1 0 0 0 0.707107 -0.707107 0 0.707107 0.707107 3069b.dat
1 0 52 150.409 -54.042 1 0 0 0 0.707107 -0.707107 0 0.707107 0.707107 3069b.dat
0 STEP
1 0 22 134.853 -83.74 0 0 1 0.707107 0.707107 0 -0.707107 0.707107 0 30413.dat
1 0 82 134.853 -83.74 0 0 -1 -0.707107 0.707107 0 0.707107 0.707107 0 30413.dat
0 STEP
1 4 52 211.22 -92.225 -1 0 0 0 0.707107 0.707107 0 0.707107 -0.707107 43713.dat
1 4 52 209.806 -79.497 1 0 0 0 0.707107 -0.707107 0 0.707107 0.707107 3023.dat
1 4 52 223.949 -93.641 1 0 0 0 0.707107 -0.707107 0 0.707107 0.707107 3069b.dat
0 STEP
1 4 52 204.149 -85.153 1 0 0 0 0.707107 -0.707107 0 0.707107 0.707107 44567a.dat
1 4 52 204.1489 -85.1541 1 0 0 0 0.707107 -0.707107 0 0.707107 0.707107 85984.dat
0 STEP
1 4 82 194.251 -109.196 0 0 -1 -0.707107 0.707107 0 0.707107 0.707107 0 4865b.dat
1 4 22 194.251 -109.196 0 0 1 0.707107 0.707107 0 -0.707107 0.707107 0 4865b.dat
0 STEP
1 4 52 247.99 -112.024 0 0 -1 0.707107 -0.707107 0 -0.707107 -0.707107 0 3023.dat
1 4 52 228.191 -103.539 -1 0 0 0 -0.707107 -0.707107 0 -0.707107 0.707107 30407.dat
0 STEP
1 72 52 246.576 -99.296 0 0 -1 0.707107 -0.707107 0 -0.707107 -0.707107 0 4073.dat
1 0 52 273.446 -114.854 -1 0 0 0 -0.707107 -0.707107 0 -0.707107 0.707107 61678.dat
0 STEP
1 0 -52 96.669 -79.497 1 0 0 0 -0.707107 0.707107 0 -0.707107 -0.707107 3937.dat
1 0 -52 112.226 -106.367 0 0 -1 0.707107 -0.707107 0 -0.707107 -0.707107 0 4854.dat
0 STEP
1 0 -52 99.498 -104.953 -1 0 0 0 -0.707107 -0.707107 0 -0.707107 0.707107 3069b.dat
1 0 -52 113.64 -119.095 -1 0 0 0 -0.707107 -0.707107 0 -0.707107 0.707107 3069b.dat
1 0 -52 127.782 -133.237 -1 0 0 0 -0.707107 -0.707107 0 -0.707107 0.707107 3069b.dat
0 STEP
1 0 -22 129.196 -89.397 0 0 -1 0.707107 -0.707107 0 -0.707107 -0.707107 0 30413.dat
1 0 -82 129.196 -89.397 0 0 1 -0.707107 -0.707107 0 0.707107 -0.707107 0 30413.dat
0 STEP
1 4 -52 137.681 -165.764 1 0 0 0 -0.707107 0.707107 0 -0.707107 -0.707107 43713.dat
1 4 -52 124.953 -164.35 -1 0 0 0 -0.707107 -0.707107 0 -0.707107 0.707107 3023.dat
1 4 -52 139.097 -178.4931 -1 0 0 0 -0.707107 -0.707107 0 -0.707107 0.707107 3069b.dat
0 STEP
1 4 -52 130.609 -158.6931 -1 0 0 0 -0.707107 -0.707107 0 -0.707107 0.707107 44567a.dat
1 4 -52 130.6101 -158.693 -1 0 0 0 -0.707107 -0.707107 0 -0.707107 0.707107 85984.dat
0 STEP
1 4 -82 154.6521 -148.795 0 0 1 -0.707107 -0.707107 0 0.707107 -0.707107 0 4865b.dat
1 4 -22 154.6521 -148.795 0 0 -1 0.707107 -0.707107 0 -0.707107 -0.707107 0 4865b.dat
0 STEP
1 4 -52 157.4801 -202.5341 0 0 1 0.707107 0.707107 0 -0.707107 0.707107 0 3023.dat
1 4 -52 148.9951 -182.735 1 0 0 0 0.707107 -0.707107 0 0.707107 0.707107 30407.dat
0 STEP
1 72 -52 144.7521 -201.1201 0 0 1 0.707107 0.707107 0 -0.707107 0.707107 0 4073.dat
1 0 -52 160.3101 -227.9901 1 0 0 0 0.707107 -0.707107 0 0.707107 0.707107 61678.dat
0 STEP
1 0 52 96.669 -79.497 1 0 0 0 -0.707107 0.707107 0 -0.707107 -0.707107 3937.dat
1 0 52 112.226 -106.3671 0 0 -1 0.707107 -0.707107 0 -0.707107 -0.707107 0 4854.dat
0 STEP
1 0 52 127.782 -133.2371 -1 0 0 0 -0.707107 -0.707107 0 -0.707107 0.707107 3069b.dat
1 0 52 113.64 -119.0951 -1 0 0 0 -0.707107 -0.707107 0 -0.707107 0.707107 3069b.dat
1 0 52 99.498 -104.953 -1 0 0 0 -0.707107 -0.707107 0 -0.707107 0.707107 3069b.dat
0 STEP
1 0 82 129.196 -89.397 0 0 -1 0.707107 -0.707107 0 -0.707107 -0.707107 0 30413.dat
1 0 22 129.196 -89.397 0 0 1 -0.707107 -0.707107 0 0.707107 -0.707107 0 30413.dat
0 STEP
1 4 52 137.681 -165.7642 1 0 0 0 -0.707107 0.707107 0 -0.707107 -0.707107 43713.dat
1 4 52 124.953 -164.3502 -1 0 0 0 -0.707107 -0.707107 0 -0.707107 0.707107 3023.dat
1 4 52 139.097 -178.4932 -1 0 0 0 -0.707107 -0.707107 0 -0.707107 0.707107 3069b.dat
0 STEP
1 4 52 130.609 -158.6931 -1 0 0 0 -0.707107 -0.707107 0 -0.707107 0.707107 44567a.dat
1 4 52 130.6101 -158.693 -1 0 0 0 -0.707107 -0.707107 0 -0.707107 0.707107 85984.dat
0 STEP
1 4 22 154.6521 -148.7951 0 0 1 -0.707107 -0.707107 0 0.707107 -0.707107 0 4865b.dat
1 4 82 154.6521 -148.7951 0 0 -1 0.707107 -0.707107 0 -0.707107 -0.707107 0 4865b.dat
0 STEP
1 4 52 148.9951 -182.7352 1 0 0 0 0.707107 -0.707107 0 0.707107 0.707107 30407.dat
1 4 52 157.4801 -202.5342 0 0 1 0.707107 0.707107 0 -0.707107 0.707107 0 3023.dat
0 STEP
1 0 52 160.3101 -227.9903 1 0 0 0 0.707107 -0.707107 0 0.707107 0.707107 61678.dat
1 72 52 144.7521 -201.1202 0 0 1 0.707107 0.707107 0 -0.707107 0.707107 0 4073.dat
0 STEP
1 0 -120.638 84 60.353 0.258819 0 0.965926 0 -1 0 0.965926 0 -0.258819 10-wing.ldr
0 STEP
1 0 120.638 84 60.353 0.258819 0 -0.965926 0 -1 0 -0.965926 0 -0.258819 10-wing.ldr
0 STEP
1 0 -82 76 186 1 0 0 0 0 -1 0 1 0 18-beam-sabre.ldr
0 STEP
1 0 82 76 186 -1 0 0 0 0 1 0 1 0 18-beam-sabre.ldr
0 NOFILE
0 FILE 10-wing.ldr
0 
0 Name: 10-wing.ldr
0 Author: Nathanel Titane // nathanel.titane@gmail.com // All Rights Reserved
1 0 0 24 -40 -1 0 0 0 1 0 0 0 -1 4287.dat
1 0 0 0 -50 0 0 1 0 1 0 -1 0 0 3010.dat
1 0 0 24 -60 1 0 0 0 1 0 0 0 1 4287.dat
0 STEP
1 0 0 0 0 -1 0 0 0 1 0 0 0 -1 6541.dat
1 0 0 0 -100 0 0 1 0 1 0 -1 0 0 3005.dat
0 STEP
1 0 0 -8 -50 0 0 1 0 1 0 -1 0 0 3666.dat
1 0 0 -32 -10 0 0 1 0 1 0 -1 0 0 52107.dat
1 0 0 -32 -50 0 0 1 0 1 0 -1 0 0 52107.dat
1 0 0 -32 -90 0 0 1 0 1 0 -1 0 0 52107.dat
0 STEP
1 4 0 -40 -50 0 0 1 0 1 0 -1 0 0 6636.dat
0 STEP
1 4 18 -12 -30 0 -1 0 0 0 1 -1 0 0 87079.dat
0 STEP
1 4 18 -12 -110 0 -1 0 0 0 1 -1 0 0 87079.dat
1 0 10 -2 -230 0 -1 0 1 0 0 0 0 1 47397.dat
0 STEP
1 4 18 -22 -180 0 -1 0 0 0 -1 1 0 0 63864.dat
1 4 18 -22 -240 0 -1 0 0 0 -1 1 0 0 63864.dat
1 4 18 -22 -300 0 -1 0 0 0 -1 1 0 0 63864.dat
1 4 2 -22 -350 0 -1 0 1 0 0 0 0 1 29120.dat
0 STEP
1 4 -18 -12 -30 0 1 0 0 0 1 1 0 0 87079.dat
0 STEP
1 4 -18 -12 -110 0 1 0 0 0 1 1 0 0 87079.dat
1 0 -10 -2 -230 0 1 0 -1 0 0 0 0 1 47398.dat
0 STEP
1 4 -18 -22 -180 0 1 0 0 0 -1 -1 0 0 63864.dat
1 4 -18 -22 -240 0 1 0 0 0 -1 -1 0 0 63864.dat
1 4 -18 -22 -300 0 1 0 0 0 -1 -1 0 0 63864.dat
1 4 -2 -22 -350 0 1 0 -1 0 0 0 0 1 29119.dat
0 STEP
1 0 0 10 20 0 1 0 1 0 0 0 0 -1 41532.dat
0 NOFILE
0 FILE 18-beam-sabre.ldr
0 
0 Name: 18-beam-sabre.ldr
0 Author: Nathanel Titane // nathanel.titane@gmail.com // All Rights Reserved
1 15 0 0 0 1 0 0 0 1 0 0 0 1 4073.dat
0 STEP
1 15 0 -20 0 0 1 0 -1 0 0 0 0 1 62462.dat
0 STEP
1 15 0 -40 0 -1 0 0 0 -1 0 0 0 1 3062b.dat
0 NOFILE
