0 FILE 00-instructions.ldr
0 Name: 00-instructions.ldr
0 Author: Nathanel Titane // nathanel.titane@gmail.com // All Rights Reserved
0
0 // LPUB[3D] FRONT COVER PAGE /////////////////////////////////////////////////
0
0 !LPUB PAGE DOCUMENT_TITLE_FRONT COLOR "#666666"
0 !LPUB PAGE DOCUMENT_TITLE_FRONT CONTENT GLOBAL "MODEL // EXO-00 FRAME"
0 !LPUB PAGE DOCUMENT_TITLE_FRONT DISPLAY GLOBAL TRUE
0 !LPUB PAGE DOCUMENT_TITLE_FRONT FONT "Noto Sans,72,-1,0,75,0,0,0,0,0,Bold"
0 !LPUB PAGE DOCUMENT_TITLE_FRONT MARGINS 0.2500 0.1000
0 !LPUB PAGE DOCUMENT_TITLE_FRONT PLACEMENT GLOBAL TOP_LEFT PAGE INSIDE OFFSET 0.0000 0.0000

0 !LPUB PAGE DOCUMENT_AUTHOR_FRONT CONTENT GLOBAL "MODEL DESIGN AND INSTRUCTIONS // NATHANEL TITANE"
0 !LPUB PAGE DOCUMENT_AUTHOR_FRONT COLOR "#666666"
0 !LPUB PAGE DOCUMENT_AUTHOR_FRONT DISPLAY GLOBAL TRUE
0 !LPUB PAGE DOCUMENT_AUTHOR_FRONT FONT "Noto Sans,18,-1,0,75,0,0,0,0,0,Bold"
0 !LPUB PAGE DOCUMENT_AUTHOR_FRONT MARGINS 0.3000 1.0000
0 !LPUB PAGE DOCUMENT_AUTHOR_FRONT PLACEMENT TOP_LEFT PAGE INSIDE OFFSET 0.0000 0.0000

0 !LPUB PAGE MODEL_PARTS COLOR "#666666"
0 !LPUB PAGE MODEL_PARTS CONTENT GLOBAL "348 PIECES"
0 !LPUB PAGE MODEL_PARTS DISPLAY GLOBAL TRUE
0 !LPUB PAGE MODEL_PARTS FONT "Noto Sans,72,-1,0,75,0,0,0,0,0,Bold"
0 !LPUB PAGE MODEL_PARTS MARGINS 0.2500 0.1000
0 !LPUB PAGE MODEL_PARTS PLACEMENT GLOBAL BOTTOM_LEFT PAGE INSIDE OFFSET 0.0000 0.0000

0 !LPUB PAGE PUBLISH_DESCRIPTION COLOR "#666666"
0 !LPUB PAGE PUBLISH_DESCRIPTION CONTENT GLOBAL "LEGO // LINUX - Where Lego and Linux Meet"
0 !LPUB PAGE PUBLISH_DESCRIPTION DISPLAY GLOBAL TRUE
0 !LPUB PAGE PUBLISH_DESCRIPTION FONT "Noto Sans,36,-1,0,75,0,0,0,0,0,Bold"
0 !LPUB PAGE PUBLISH_DESCRIPTION MARGINS 0.2000 0.2000
0 !LPUB PAGE PUBLISH_DESCRIPTION PLACEMENT GLOBAL BOTTOM_RIGHT PAGE INSIDE OFFSET 0.0000 0.0000
0
0 // LPUB[3D] BACK COVER PAGE //////////////////////////////////////////////////
0
0 // LPUB[3D] DOCUMENT DISCLAIMER
0 !LPUB PAGE LEGO_DISCLAIMER COLOR "#666666"
0 !LPUB PAGE LEGO_DISCLAIMER CONTENT GLOBAL "LEGO® // REGISTERED TRADEMARK OF THE LEGO GROUP"
0 !LPUB PAGE LEGO_DISCLAIMER DISPLAY GLOBAL TRUE
0 !LPUB PAGE LEGO_DISCLAIMER FONT "Noto Sans,36,-1,0,75,0,0,0,0,0,Bold"
0 !LPUB PAGE LEGO_DISCLAIMER PLACEMENT GLOBAL CENTER PAGE INSIDE OFFSET 0.0000 -0.2500
0
0 // LPUB[3D] PAGE DOCUMENT AUTHOR
0 !LPUB PAGE DOCUMENT_AUTHOR_BACK COLOR "#666666"
0 !LPUB PAGE DOCUMENT_AUTHOR_BACK CONTENT GLOBAL "MODEL DESIGN AND INSTRUCTIONS // NATHANEL TITANE"
0 !LPUB PAGE DOCUMENT_AUTHOR_BACK DISPLAY GLOBAL TRUE
0 !LPUB PAGE DOCUMENT_AUTHOR_BACK FONT "Noto Sans,36,-1,0,75,0,0,0,0,0,Bold"
0 !LPUB PAGE DOCUMENT_AUTHOR_BACK PLACEMENT CENTER PAGE INSIDE OFFSET 0.0000 -0.2000
0
0 // LPUB[3D] PAGE PUBLICATION COPYRIGHT
0 !LPUB PAGE PUBLISH_COPYRIGHT_BACK COLOR "#666666"
0 !LPUB PAGE PUBLISH_COPYRIGHT_BACK CONTENT GLOBAL "COPYRIGHT // ALL RIGHTS RESERVED"
0 !LPUB PAGE PUBLISH_COPYRIGHT_BACK DISPLAY GLOBAL TRUE
0 !LPUB PAGE PUBLISH_COPYRIGHT_BACK FONT "Noto Sans,36,-1,0,75,0,0,0,0,0,Bold"
0 !LPUB PAGE PUBLISH_COPYRIGHT_BACK PLACEMENT GLOBAL CENTER PAGE INSIDE OFFSET 0.0000 -0.1500
0
0 // LPUB[3D] PAGE PUBLICATION EMAIL
0 !LPUB PAGE PUBLISH_EMAIL_BACK COLOR "#666666"
0 !LPUB PAGE PUBLISH_EMAIL_BACK CONTENT GLOBAL "CONTACT // NATHANEL.TITANE@GMAIL.COM // INFO@LEGOLINUX.COM"
0 !LPUB PAGE PUBLISH_EMAIL_BACK DISPLAY GLOBAL TRUE
0 !LPUB PAGE PUBLISH_EMAIL_BACK FONT "Noto Sans,18,-1,0,75,0,0,0,0,0,Bold"
0 !LPUB PAGE PUBLISH_EMAIL_BACK PLACEMENT GLOBAL CENTER PAGE INSIDE OFFSET 0.0000 -0.0500
0
0 // LPUB[3D] PAGE PUBLICATION URL
0 !LPUB PAGE PUBLISH_URL_BACK COLOR "#666666"
0 !LPUB PAGE PUBLISH_URL_BACK CONTENT GLOBAL "WEB // HTTPS://LEGOLINUX.COM/MODELS/EXO-FRAMES/EXO-00-FRAME"
0 !LPUB PAGE PUBLISH_URL_BACK DISPLAY GLOBAL TRUE
0 !LPUB PAGE PUBLISH_URL_BACK FONT "Noto Sans,18,-1,0,75,0,0,0,0,0,Bold"
0 !LPUB PAGE PUBLISH_URL_BACK PLACEMENT GLOBAL CENTER PAGE INSIDE OFFSET 0.0000 -0.0250
0
0 // LPUB[3D] PAGE LOGO
0 !LPUB PAGE DOCUMENT_LOGO_BACK DISPLAY GLOBAL TRUE
0 !LPUB PAGE DOCUMENT_LOGO_BACK FILE GLOBAL "/media/internal/Lego/lpub3d/instructions/logo.png"
0 !LPUB PAGE DOCUMENT_LOGO_BACK PLACEMENT CENTER PAGE INSIDE OFFSET 0.0000 0.45000
0 !LPUB PAGE DOCUMENT_LOGO_BACK SCALE GLOBAL  1.0000
0
0 // LPUB[3D] CONFIGURATION ////////////////////////////////////////////////////
0
0 // LPUB[3D] PAGE WATERMARK
0 !LPUB PAGE PUBLISH_EMAIL CONTENT GLOBAL "CONTACT // NATHANEL.TITANE@GMAIL.COM // INFO@LEGOLINUX.COM"
0 !LPUB PAGE PUBLISH_EMAIL COLOR "#666666"
0 !LPUB PAGE PUBLISH_EMAIL DISPLAY GLOBAL TRUE
0 !LPUB PAGE PUBLISH_EMAIL FONT "Noto Sans,18,-1,0,75,0,0,0,0,0,Bold"
0 !LPUB PAGE PUBLISH_EMAIL MARGINS 0.0000 0.1500
0 !LPUB PAGE PUBLISH_EMAIL PLACEMENT GLOBAL BOTTOM PAGE INSIDE OFFSET 0.0000 0.0000
0 !LPUB PAGE DOCUMENT_AUTHOR CONTENT GLOBAL "MODEL DESIGN AND INSTRUCTIONS // NATHANEL TITANE"
0 !LPUB PAGE DOCUMENT_AUTHOR COLOR "#666666"
0 !LPUB PAGE DOCUMENT_AUTHOR DISPLAY GLOBAL TRUE
0 !LPUB PAGE DOCUMENT_AUTHOR FONT "Noto Sans,18,-1,0,75,0,0,0,0,0,Bold"
0 !LPUB PAGE DOCUMENT_AUTHOR MARGINS 0.0000 0.2000
0 !LPUB PAGE DOCUMENT_AUTHOR PLACEMENT GLOBAL TOP PAGE INSIDE OFFSET 0.0000 0.0000
0
0 // LPUB[3D] STEPS HIGHLIGHT
0 !LPUB HIGHLIGHT_STEP ENABLED GLOBAL TRUE
0 !LPUB HIGHLIGHT_STEP COLOR GLOBAL "#7137C8"
0
0 // LPUB[3D] STEP FADE
0 !LPUB FADE_STEP OPACITY GLOBAL "50"
0 !LPUB FADE_STEP COLOR GLOBAL "Trans_Black"
0 !LPUB FADE_STEP ENABLED GLOBAL TRUE
0 !LPUB FINAL_MODEL_ENABLED GLOBAL TRUE
0
0 // LPUB[3D] SUBMODEL PREVIEW
0 !LPUB SUBMODEL_DISPLAY SHOW GLOBAL TRUE
0 !LPUB SUBMODEL_DISPLAY BACKGROUND COLOR "#DDDDDD"
0 !LPUB SUBMODEL_DISPLAY MARGINS 0.1500 0.7500
0 !LPUB SUBMODEL_DISPLAY BORDER SQUARE 0 Black 0.031 MARGINS 0.050 0.050
0 !LPUB SUBMODEL_DISPLAY PLACEMENT GLOBAL LEFT PAGE INSIDE
0 !LPUB SUBMODEL_DISPLAY CAMERA_ANGLES 30.0000 45.0000
0
0 // LPUB[3D] ASSEMBLIES
0 !LPUB ASSEM CAMERA_ANGLES 30.0000 45.0000
0 !LPUB ASSEM MARGINS 0.5000 0.5000
0 !LPUB ASSEM MODEL_SCALE 1.0000
0 !LPUB ASSEM PLACEMENT CENTER PAGE INSIDE OFFSET 0.0000 0.0000
0
0 // LPUB[3D] BILL OF MATERIALS
0 !LPUB BOM BACKGROUND COLOR "#DDDDDD"
0 !LPUB BOM BORDER SQUARE 0 #666666 0.025 MARGINS 0.050 0.050
0 !LPUB BOM CONSTRAIN HEIGHT 13.0000
0 !LPUB BOM CONSTRAIN SQUARE
0 !LPUB BOM PLACEMENT CENTER PAGE INSIDE OFFSET 0.0000 0.0000
0
0 // LPUB[3D] CALLOUTS
0 !LPUB CALLOUT BORDER SQUARE 0 #666666 0.025 MARGINS 0.050 0.050
0 !LPUB CALLOUT MARGINS 0.1250 0.1250
0 !LPUB CALLOUT PLACEMENT RIGHT PAGE INSIDE OFFSET 0.0000 0.0000
0
0 // LPUB[3D] PAGE
0 !LPUB PAGE DOCUMENT_COVER_IMAGE DISPLAY GLOBAL TRUE
0 !LPUB PAGE DOCUMENT_COVER_IMAGE FILE GLOBAL "../renders/flat/flat.png"
0 !LPUB PAGE DOCUMENT_COVER_IMAGE FILL GLOBAL ASPECT
0 !LPUB PAGE DOCUMENT_COVER_IMAGE MARGINS GLOBAL 0.0000 0.0000
0 !LPUB PAGE DOCUMENT_COVER_IMAGE PLACEMENT GLOBAL CENTER PAGE INSIDE OFFSET 0.0000 0.0000
0 !LPUB PAGE DOCUMENT_COVER_IMAGE SCALE GLOBAL 1.0000
0
0 // LPUB[3D] PAGE NUMBER
0 !LPUB PAGE NUMBER FONT "Noto Sans,36,-1,0,75,0,0,0,0,0,Bold"
0 !LPUB PAGE NUMBER FONT_COLOR "#666666"
0 !LPUB PAGE NUMBER MARGINS 0.1250 0.1250
0 !LPUB PAGE NUMBER PLACEMENT BOTTOM_RIGHT PAGE INSIDE OFFSET 0.0000 0.0000
0
0 // LPUB[3D] PAGE SETUP
0 !LPUB PAGE BORDER GLOBAL NONE 0 MARGINS 0.000 0.000
0 !LPUB PAGE ENABLE_TEXT_PLACEMENT GLOBAL CENTER PAGE INSIDE OFFSET 0.0000 0.0000
0 !LPUB PAGE TEXT_PLACEMENT GLOBAL TRUE
0 !LPUB PAGE PAGE_FOOTER SIZE GLOBAL 32.0000 0.5000
0 !LPUB PAGE PAGE_HEADER SIZE GLOBAL 32.0000 0.5000
0 !LPUB PAGE MARGINS GLOBAL 0.0000 0.0000
0 !LPUB PAGE ORIENTATION GLOBAL LANDSCAPE
0 !LPUB PAGE SIZE GLOBAL 16.0000 32.0000
0
0 // LPUB[3D] PAGE COLORS
0 !LPUB PAGE SUBMODEL_BACKGROUND_COLOR GLOBAL "#DDDDDD" "#FFE680" "#FFAAAA" "#C6AFE9"
0
0 // LPUB[3D] SUBMODELS
0 !LPUB PAGE SUBMODEL_INSTANCE_COUNT FONT_COLOR "#FF5555"
0 !LPUB PAGE SUBMODEL_INSTANCE_COUNT FONT "Noto Sans,72,-1,0,75,0,0,0,0,0,Bold"
0 !LPUB PAGE SUBMODEL_INSTANCE_COUNT MARGINS 0.0000 0.1250
0 !LPUB PAGE SUBMODEL_INSTANCE_COUNT PLACEMENT BOTTOM_RIGHT PAGE INSIDE OFFSET 0.0000 -0.0500
0
0 // LPUB[3D] PARTS LIST
0 !LPUB PLI BACKGROUND COLOR "#DDDDDD"
0 !LPUB PLI BORDER SQUARE 0 #666666 0.025 MARGINS 0.0500 0.050
0 !LPUB PLI CAMERA_ANGLES 30.0000 45.0000
0 !LPUB PLI CONSTRAIN HEIGHT 5.0000
0 !LPUB PLI MODEL_SCALE  1.0000
0 !LPUB PLI MARGINS 0.1500 0.7500
0 !LPUB PLI PLACEMENT TOP_RIGHT PAGE INSIDE OFFSET 0.0000 0.0000
0 !LPUB PLI INSTANCE_COUNT FONT "Noto Sans,36,-1,0,75,0,0,0,0,0,Bold"
0 !LPUB PLI INSTANCE_COUNT FONT_COLOR "#666666"
0 !LPUB PLI INSTANCE_COUNT MARGINS 0.0125 0.0125
0 !LPUB PLI INSTANCE_COUNT MARGINS 0.0125 0.3000
0
0 // LPUB[3D] STEP NUMBER
0 !LPUB STEP_NUMBER FONT "Noto Sans,72,-1,0,75,0,0,0,0,0,Bold"
0 !LPUB STEP_NUMBER FONT_COLOR "#666666"
0 !LPUB STEP_NUMBER MARGINS 0.1250 0.0000
0 !LPUB STEP_NUMBER PLACEMENT TOP_LEFT PAGE INSIDE OFFSET 0.0000 0.0000
0
0 // LPUB[3D] BEGIN INSTRUCTIONS ///////////////////////////////////////////////
0
0 STEP
0 !LPUB INSERT COVER_PAGE FRONT
0 STEP
0 !LPUB ASSEM MODEL_SCALE LOCAL 0.7500
1 0 0 0 0 1 0 0 0 1 0 0 0 1 00-model.ldr
0 STEP
0
0 // LPUB[3D] DISABLE FINAL MODEL SHOWCASE /////////////////////////////////////
0
0 !LPUB NOSTEP
0
0 // LPUB[3D] BOM PAGES
0 STEP
0 !LPUB INSERT PAGE
0 !LPUB INSERT BOM
0 STEP
0 !LPUB INSERT PAGE
0 !LPUB INSERT BOM
0 STEP
0 !LPUB INSERT PAGE
0 !LPUB INSERT BOM
0 STEP
0 !LPUB INSERT PAGE
0 !LPUB INSERT BOM
0 STEP
0 !LPUB INSERT PAGE
0 !LPUB INSERT BOM
0 STEP
0 !LPUB INSERT PAGE
0 !LPUB INSERT BOM
0 STEP
0 !LPUB INSERT PAGE
0 !LPUB INSERT BOM
0 STEP
0 !LPUB INSERT PAGE
0 !LPUB INSERT BOM
0 STEP
0 !LPUB INSERT PAGE
0 !LPUB INSERT BOM
0 STEP
0 !LPUB INSERT PAGE
0 !LPUB INSERT BOM
0 STEP
0 !LPUB INSERT PAGE
0 !LPUB INSERT BOM
0 STEP
0 !LPUB INSERT PAGE
0 !LPUB INSERT BOM
0 STEP
0
0 !LPUB NOSTEP
0
0 !LPUB INSERT COVER_PAGE BACK
0
0 // LPUB[3D] END INSTRUCTIONS /////////////////////////////////////////////////
0
0 NOFILE
0 FILE 00-model.ldr
0 Name: 00-model.ldr
0 Author: Nathanel Titane // nathanel.titane@gmail.com // All Rights Reserved
0 !LEOCAD PIECE PIVOT  0 10 40 1 0 0 0 1 0 0 0 1
1 0 0 50 30 1 0 0 0 0 -1 0 1 0 04-waist.ldr
0 STEP
0 !LEOCAD PIECE PIVOT  0 10 -50 1 0 0 0 1 0 0 0 1
1 0 0 -40.8845 36.7183 -1 0 0 0 0.258819 -0.965926 0 -0.965926 -0.258819 05-spine.ldr
0 NOFILE
0 FILE 01-foot.ldr
0 Name: 01-foot.ldr
0 Author: Nathanel Titane // nathanel.titane@gmail.com // All Rights Reserved
1 72 0 -16 20 1 0 0 0 1 0 0 0 1 3004.dat
1 72 0 -40 20 1 0 0 0 1 0 0 0 1 32000.dat
0 STEP
1 72 0 -24 0 1 0 0 0 1 0 0 0 1 3004.dat
1 72 -10 -48 20 1 0 0 0 1 0 0 0 1 28192.dat
1 72 10 -48 20 1 0 0 0 1 0 0 0 1 28192.dat
0 STEP
1 71 0 0 0 1 0 0 0 1 0 0 0 1 14704.dat
1 71 0 22 22 -1 0 0 0 0 1 0 1 0 99207.dat
1 71 0 22 14 1 0 0 0 0 -1 0 1 0 2540.dat
0 STEP
1 72 0 22 -10 1 0 0 0 0 -1 0 1 0 3937.dat
0 !LEOCAD PIECE PIVOT  0 10 0 1 0 0 0 1 0 0 0 1
1 71 0 31.6593 -2.5882 1 0 0 0 -0.965926 -0.258819 0 0.258819 -0.965926 3938.dat
1 72 0 39.3867 -4.6587 -1 0 0 0 -0.965926 0.258819 0 0.258819 0.965926 48336.dat
1 72 0 39.3867 -4.6587 -1 0 0 0 -0.965926 0.258819 0 0.258819 0.965926 85984.dat
0 STEP
1 0 0 52 22 0 0 -1 -1 0 0 0 1 0 92280.dat
1 0 0 52 30 0 0 -1 -1 0 0 0 1 0 3023.dat
0 STEP
1 72 0 82 6 1 0 0 0 0 -1 0 1 0 50950.dat
1 0 0 92 30 0 0 1 1 0 0 0 1 0 60478.dat
0 STEP
1 0 -10 22 30 -1 0 0 0 0 1 0 1 0 49668.dat
1 0 10 22 30 -1 0 0 0 0 1 0 1 0 49668.dat
1 0 0 -40 30 -1 0 0 0 0 1 0 1 0 33909.dat
0 STEP
1 71 -16 42 16 0 0 -1 -0.642788 0.766045 0 0.766045 0.642788 0 48729b.dat
1 71 16 42 16 0 0 1 0.642788 0.766044 0 -0.766044 0.642788 0 48729b.dat
0 NOFILE
0 FILE 02-01-shin.ldr
0 Name: 02-01-shin.ldr
0 Author: Nathanel Titane // nathanel.titane@gmail.com // All Rights Reserved
1 72 0 0 0 1 0 0 0 1 0 0 0 1 32064.dat
1 0 0 10 10 0 0 1 0 1 0 -1 0 0 32062.dat
1 0 0 10 30 0 1 0 0 0 -1 -1 0 0 32174.dat
0 STEP
1 72 0 24 0 -1 0 0 0 1 0 0 0 -1 32803.dat
1 297 0 24 -30 -1 0 0 0 1 0 0 0 -1 3022.dat
1 72 -10 32 -40 -1 0 0 0 1 0 0 0 -1 3024.dat
1 72 10 32 -40 -1 0 0 0 1 0 0 0 -1 3024.dat
0 STEP
1 72 0 0 -30 0 0 1 0 1 0 -1 0 0 48170.dat
1 0 0 10 -70 0 0 1 0 1 0 -1 0 0 47455.dat
0 STEP
1 72 0 -8 -10 1 0 0 0 1 0 0 0 1 33909.dat
1 72 0 -8 -40 1 0 0 0 1 0 0 0 1 99563.dat
0 STEP
1 72 0 0 -130 0 0 1 0 1 0 -1 0 0 48169.dat
1 72 0 24 -140 1 0 0 0 1 0 0 0 1 32803.dat
1 297 0 24 -110 1 0 0 0 1 0 0 0 1 3022.dat
1 72 10 32 -100 1 0 0 0 1 0 0 0 1 3024.dat
1 72 -10 32 -100 1 0 0 0 1 0 0 0 1 3024.dat
0 STEP
1 72 0 0 -100 1 0 0 0 1 0 0 0 1 3700.dat
1 0 0 10 -170 0 0 -1 0 1 0 1 0 0 6628.dat
0 STEP
1 72 0 -8 -110 -1 0 0 0 1 0 0 0 -1 33909.dat
1 72 0 -8 -140 1 0 0 0 1 0 0 0 1 99563.dat
0 STEP
1 0 18 -10 30 0 -1 0 1 0 0 0 0 1 4032.dat
1 0 26 -10 30 0 -1 0 1 0 0 0 0 1 14769.dat
0 STEP
1 0 -18 -10 30 0 1 0 0 0 -1 -1 0 0 12-01-wheel.ldr
0 STEP
0 !LEOCAD PIECE PIVOT  0 4 -20 1 0 0 0 1 0 0 0 1
1 0 0 19.0401 -198.2832 1 0 0 0 -0.965926 0.258819 0 -0.258819 -0.965926 01-foot.ldr
0 NOFILE
0 FILE 02-02-shin.ldr
0 Name: 02-02-shin.ldr
0 Author: Nathanel Titane // nathanel.titane@gmail.com // All Rights Reserved
1 72 0 0 0 1 0 0 0 1 0 0 0 1 32064.dat
1 0 0 10 10 0 0 1 0 1 0 -1 0 0 32062.dat
1 0 0 10 30 0 1 0 0 0 -1 -1 0 0 32174.dat
0 STEP
1 72 0 24 0 -1 0 0 0 1 0 0 0 -1 32803.dat
1 297 0 24 -30 -1 0 0 0 1 0 0 0 -1 3022.dat
1 72 -10 32 -40 -1 0 0 0 1 0 0 0 -1 3024.dat
1 72 10 32 -40 -1 0 0 0 1 0 0 0 -1 3024.dat
0 STEP
1 72 0 0 -30 0 0 1 0 1 0 -1 0 0 48170.dat
1 0 0 10 -70 0 0 1 0 1 0 -1 0 0 47455.dat
0 STEP
1 72 0 -8 -10 1 0 0 0 1 0 0 0 1 33909.dat
1 72 0 -8 -40 1 0 0 0 1 0 0 0 1 99563.dat
0 STEP
1 72 0 0 -130 0 0 1 0 1 0 -1 0 0 48169.dat
1 72 0 24 -140 1 0 0 0 1 0 0 0 1 32803.dat
1 297 0 24 -110 1 0 0 0 1 0 0 0 1 3022.dat
1 72 10 32 -100 1 0 0 0 1 0 0 0 1 3024.dat
1 72 -10 32 -100 1 0 0 0 1 0 0 0 1 3024.dat
0 STEP
1 72 0 0 -100 1 0 0 0 1 0 0 0 1 3700.dat
1 0 0 10 -170 0 0 -1 0 1 0 1 0 0 6628.dat
0 STEP
1 72 0 -8 -110 -1 0 0 0 1 0 0 0 -1 33909.dat
1 72 0 -8 -140 1 0 0 0 1 0 0 0 1 99563.dat
0 STEP
1 0 -18 -10 30 0 1 0 1 0 0 0 0 -1 4032.dat
1 0 -26 -10 30 0 1 0 1 0 0 0 0 -1 14769.dat
0 STEP
1 0 18 -10 30 0 -1 0 0 0 -1 1 0 0 12-02-wheel.ldr
0 STEP
0 !LEOCAD PIECE PIVOT  0 4 -20 1 0 0 0 1 0 0 0 1
1 0 0 19.0401 -198.2832 1 0 0 0 -0.965926 0.258819 0 -0.258819 -0.965926 01-foot.ldr
0 NOFILE
0 FILE 03-01-thigh.ldr
0 Name: 03-01-thigh.ldr
0 Author: Nathanel Titane // nathanel.titane@gmail.com // All Rights Reserved
1 72 0 0 0 1 0 0 0 1 0 0 0 1 85943.dat
1 0 0 10 -30 -1 0 0 0 1 0 0 0 -1 32062.dat
1 0 0 10 -30 0 1 0 0 0 -1 -1 0 0 53585.dat
0 STEP
1 0 0 10 10 0 1 0 0 0 -1 -1 0 0 2780.dat
1 72 0 0 20 1 0 0 0 1 0 0 0 1 3700.dat
0 STEP
1 72 0 24 0 1 0 0 0 1 0 0 0 1 32803.dat
1 297 0 24 30 1 0 0 0 1 0 0 0 1 3022.dat
1 72 0 24 60 -1 0 0 0 1 0 0 0 -1 32803.dat
0 STEP
1 72 0 0 50 0 0 -1 0 1 0 1 0 0 48170.dat
1 0 0 10 90 0.965926 0 -0.258819 0 1 0 0.258819 0 0.965926 47455.dat
0 STEP
1 72 0 -8 30 1 0 0 0 1 0 0 0 1 33909.dat
1 72 0 -8 60 1 0 0 0 1 0 0 0 1 99563.dat
1 72 0 -8 0 1 0 0 0 1 0 0 0 1 99563.dat
0 STEP
0 !LEOCAD PIECE PIVOT  0 30 30 1 0 0 0 1 0 0 0 1
1 0 0 -20 -60 1 0 0 0 1 0 0 0 1 02-01-shin.ldr
0 NOFILE
0 FILE 03-02-thigh.ldr
0 Name: 03-02-thigh.ldr
0 Author: Nathanel Titane // nathanel.titane@gmail.com // All Rights Reserved
1 72 0 0 0 1 0 0 0 1 0 0 0 1 85943.dat
1 0 0 10 -30 -1 0 0 0 1 0 0 0 -1 32062.dat
1 0 0 10 -30 0 1 0 0 0 -1 -1 0 0 53585.dat
0 STEP
1 0 0 10 10 0 1 0 0 0 -1 -1 0 0 2780.dat
1 72 0 0 20 1 0 0 0 1 0 0 0 1 3700.dat
0 STEP
1 72 0 24 0 1 0 0 0 1 0 0 0 1 32803.dat
1 297 0 24 30 1 0 0 0 1 0 0 0 1 3022.dat
1 72 0 24 60 -1 0 0 0 1 0 0 0 -1 32803.dat
0 STEP
1 72 0 0 50 0 0 -1 0 1 0 1 0 0 48170.dat
1 0 0 10 90 -0.965926 0 -0.258819 0 1 0 0.258819 0 -0.965926 47455.dat
0 STEP
1 72 0 -8 30 1 0 0 0 1 0 0 0 1 33909.dat
1 72 0 -8 60 1 0 0 0 1 0 0 0 1 99563.dat
1 72 0 -8 0 1 0 0 0 1 0 0 0 1 99563.dat
0 STEP
0 !LEOCAD PIECE PIVOT  0 30 30 1 0 0 0 1 0 0 0 1
1 0 0 -20 -60 1 0 0 0 1 0 0 0 1 02-02-shin.ldr
0 NOFILE
0 FILE 04-waist.ldr
0 Name: 04-waist.ldr
0 Author: Nathanel Titane // nathanel.titane@gmail.com // All Rights Reserved
1 0 0 10 40 0 -1 0 0 0 1 -1 0 0 47455.dat
1 0 0 0 0 -1 0 0 0 1 0 0 0 -1 48172.dat
0 STEP
1 297 0 -8 0 -1 0 0 0 1 0 0 0 -1 3022.dat
1 0 0 -32 0 -1 0 0 0 1 0 0 0 -1 3003.dat
0 STEP
1 0 0 24 0 -1 0 0 0 1 0 0 0 -1 3022.dat
1 0 -10 32 0 0 0 1 0 1 0 -1 0 0 32064.dat
1 0 10 32 0 0 0 1 0 1 0 -1 0 0 32064.dat
0 STEP
1 72 0 48 -30 1 0 0 0 1 0 0 0 1 32803.dat
1 72 10 56 10 1 0 0 0 1 0 0 0 1 3024.dat
1 72 -10 56 10 1 0 0 0 1 0 0 0 1 3024.dat
1 72 0 24 -30 1 0 0 0 1 0 0 0 1 3004.dat
1 72 0 0 -30 1 0 0 0 1 0 0 0 1 3004.dat
1 72 0 -24 -30 1 0 0 0 1 0 0 0 1 3004.dat
0 STEP
1 72 0 -24 -20 1 0 0 0 1 0 0 0 1 15068.dat
1 72 0 -40 10 1 0 0 0 1 0 0 0 1 99563.dat
0 STEP
1 0 0 42 0 1 0 0 0 -1 0 0 0 -1 3705.dat
1 0 30 42 0 0 -1 0 -0.258819 0 0.965926 -0.965926 0 -0.258819 32474.dat
1 0 -30.0001 42 0 0 1 0 -0.258819 0 -0.965926 -0.965926 0 0.258819 32474.dat
0 STEP
0 !LEOCAD PIECE PIVOT  0 0 -20 1 0 0 0 1 0 0 0 1
1 0 32.0467 61.292 -5.1693 0 -0.99863 0.052336 -0.258819 0.050553 0.964602 -0.965926 -0.013545 -0.258464 32174.dat
0 !LEOCAD PIECE PIVOT  0 0 -20 1 0 0 0 1 0 0 0 1
1 0 -32.0468 61.2919 -5.1693 0 0.99863 -0.052336 0.258819 0.050552 0.964602 0.965926 -0.013545 -0.258464 32174.dat
1 0 -23.1073 81.0896 -10.4741 0.99863 0.000001 0.052335 0.050551 0.258819 -0.964602 -0.013547 0.965926 0.258464 32062.dat
1 0 23.1072 81.0896 -10.4741 -0.99863 0.000001 -0.052335 0.050551 -0.258819 -0.964602 -0.013546 -0.965926 0.258464 32062.dat
0 STEP
1 0 19.1607 100.6343 -15.711 0 -0.99863 -0.052336 0.258819 0.050553 -0.964602 0.965926 -0.013545 0.258464 41677.dat
1 0 9.1743 101.1398 -15.8465 0 -0.99863 -0.052336 0.258819 0.050553 -0.964602 0.965926 -0.013545 0.258464 41677.dat
1 0 -19.1608 100.6344 -15.7111 0 0.99863 0.052335 -0.258819 0.050552 -0.964602 -0.965926 -0.013545 0.258464 41677.dat
1 0 -9.1744 101.14 -15.8465 0 0.99863 0.052335 -0.258819 0.050552 -0.964602 -0.965926 -0.013545 0.258464 41677.dat
1 0 -24.154 100.3816 -15.6434 0.99863 0.000001 0.052335 0.050551 0.258819 -0.964602 -0.013547 0.965926 0.258464 32062.dat
1 0 24.1539 100.3816 -15.6434 -0.99863 0.000001 -0.052335 0.050551 -0.258819 -0.964602 -0.013546 -0.965926 0.258464 32062.dat
0 STEP
0 !LEOCAD PIECE PIVOT  0 0 -20 1 0 0 0 1 0 0 0 1
1 0 35.1869 119.1681 -20.6772 0 -0.99863 -0.052336 0.258819 0.050553 -0.964602 0.965926 -0.013545 0.258464 32174.dat
0 !LEOCAD PIECE PIVOT  0 0 -20 1 0 0 0 1 0 0 0 1
1 0 -35.187 119.1682 -20.6772 0 0.99863 0.052335 -0.258819 0.050552 -0.964602 -0.965926 -0.013545 0.258464 32174.dat
0 STEP
0 !LEOCAD PIECE PIVOT  0 10 90 1 0 0 0 1 0 0 0 1
1 0 -83.2937 0 -86.9333 0.965926 0 0.258819 0 1 0 -0.258819 0 0.965926 03-01-thigh.ldr
0 STEP
0 !LEOCAD PIECE PIVOT  0 10 90 1 0 0 0 1 0 0 0 1
1 0 83.2937 0 -86.9333 0.965926 0 -0.258819 0 1 0 0.258819 0 0.965926 03-02-thigh.ldr
0 STEP
1 0 0 140.5245 -26.3996 1 0 0 0 0.965926 0.258819 0 -0.258819 0.965926 11-gyroscope.ldr
0 NOFILE
0 FILE 05-spine.ldr
0 Name: 05-spine.ldr
0 Author: Nathanel Titane // nathanel.titane@gmail.com // All Rights Reserved
1 0 0 0 0 0 0 1 0 1 0 -1 0 0 47432.dat
1 0 0 10 70 0 -1 0 0 0 1 -1 0 0 47455.dat
0 STEP
1 297 0 24 10 1 0 0 0 1 0 0 0 1 3022.dat
1 72 0 24 -20 1 0 0 0 1 0 0 0 1 32803.dat
1 72 10 32 20 1 0 0 0 1 0 0 0 1 3024.dat
1 72 -10 32 20 1 0 0 0 1 0 0 0 1 3024.dat
0 STEP
1 297 0 -8 10 1 0 0 0 1 0 0 0 1 3022.dat
1 0 0 -16 10 0 0 -1 0 1 0 1 0 0 92582.dat
1 72 0 -8 -20 1 0 0 0 1 0 0 0 1 99563.dat
0 STEP
0 !LEOCAD PIECE PIVOT  40 10 0 1 0 0 0 1 0 0 0 1
1 0 0 -26.0489 90.012 0 0 -1 0.965926 -0.258819 0 -0.258819 -0.965926 0 48171.dat
1 72 0 -32.2605 66.8298 1 0 0 0 -0.258819 0.965926 0 -0.965926 -0.258819 11203.dat
1 72 0 -23.9783 97.7394 1 0 0 0 -0.258819 0.965926 0 -0.965926 -0.258819 33909.dat
1 0 40 -28.6371 80.3528 -1 0 0 0 -0.258819 -0.965926 0 -0.965926 0.258819 47455.dat
1 0 -40 -28.6371 80.3528 1 0 0 0 -0.258819 0.965926 0 -0.965926 -0.258819 47455.dat
0 STEP
0 !LEOCAD PIECE PIVOT  40 0 0 1 0 0 0 1 0 0 0 1
1 0 78.6371 -16.0489 87.3326 -0.965926 0 0.258819 -0.25 -0.258819 -0.933013 0.066987 -0.965926 0.25 06-01-shoulder.ldr
0 STEP
0 !LEOCAD PIECE PIVOT  -40 0 0 1 0 0 0 1 0 0 0 1
1 0 -78.6371 -16.0489 87.3326 -0.965926 0 -0.258819 0.25 -0.258819 -0.933013 -0.066987 -0.965926 0.25 06-02-shoulder.ldr
0 STEP
0 !LEOCAD PIECE PIVOT  0 2 -20 1 0 0 0 1 0 0 0 1
1 0 0 -42 22 -1 0 0 0 0 -1 0 -1 0 10-seat.ldr
0 NOFILE
0 FILE 06-01-shoulder.ldr
0 Name: 06-01-shoulder.ldr
0 Author: Nathanel Titane // nathanel.titane@gmail.com // All Rights Reserved
1 72 0 0 0 1 0 0 0 1 0 0 0 1 47452.dat
0 STEP
1 72 0 24 0 1 0 0 0 1 0 0 0 1 11203.dat
1 72 0 -8 0 1 0 0 0 1 0 0 0 1 3068b.dat
0 STEP
0 !LEOCAD PIECE PIVOT  0 10 40 1 0 0 0 1 0 0 0 1
1 7 -80 44.641 -10 0.866025 0 0.5 0.5 0 -0.866025 0 1 0 07-01-arm.ldr
0 NOFILE
0 FILE 06-02-shoulder.ldr
0 Name: 06-02-shoulder.ldr
0 Author: Nathanel Titane // nathanel.titane@gmail.com // All Rights Reserved
1 72 0 0 0 -1 0 0 0 1 0 0 0 -1 47452.dat
0 STEP
1 72 0 24 0 -1 0 0 0 1 0 0 0 -1 11203.dat
1 72 0 -8 0 -1 0 0 0 1 0 0 0 -1 3068b.dat
0 !LEOCAD PIECE PIVOT  0 10 40 1 0 0 0 1 0 0 0 1
1 7 80 44.641 -10 0.866025 0 -0.5 -0.5 0 -0.866025 0 1 0 07-02-arm.ldr
0 NOFILE
0 FILE 07-01-arm.ldr
0 Name: 07-01-arm.ldr
0 Author: Nathanel Titane // nathanel.titane@gmail.com // All Rights Reserved
1 72 0 0 0 0 0 -1 0 1 0 1 0 0 48170.dat
1 0 0 10 40 0.866025 0 -0.5 0 1 0 0.5 0 0.866025 47455.dat
0 STEP
1 297 0 24 -20 -1 0 0 0 1 0 0 0 -1 3022.dat
1 72 0 24 10 -1 0 0 0 1 0 0 0 -1 32803.dat
1 72 0 24 -50 1 0 0 0 1 0 0 0 1 32803.dat
0 STEP
1 72 0 0 -40 0 0 1 0 1 0 -1 0 0 48169.dat
0 STEP
1 72 0 -8 -20 1 0 0 0 1 0 0 0 1 33909.dat
1 72 0 -8 10 1 0 0 0 1 0 0 0 1 99563.dat
1 72 0 -8 -50 1 0 0 0 1 0 0 0 1 99563.dat
0 STEP
0 !LEOCAD PIECE PIVOT  0 10 50 1 0 0 0 1 0 0 0 1
1 0 -10 -15 -143.3013 0 1 0 -0.866025 0 0.5 0.5 0 0.866025 08-01-forearm.ldr
0 NOFILE
0 FILE 07-02-arm.ldr
0 Name: 07-02-arm.ldr
0 Author: Nathanel Titane // nathanel.titane@gmail.com // All Rights Reserved
1 72 0 0 0 0 0 -1 0 1 0 1 0 0 48170.dat
1 0 0 10 40 -0.866025 0 -0.5 0 1 0 0.5 0 -0.866025 47455.dat
0 STEP
1 297 0 24 -20 -1 0 0 0 1 0 0 0 -1 3022.dat
1 72 0 24 10 -1 0 0 0 1 0 0 0 -1 32803.dat
1 72 0 24 -50 1 0 0 0 1 0 0 0 1 32803.dat
0 STEP
1 72 0 0 -40 0 0 1 0 1 0 -1 0 0 48169.dat
0 STEP
1 72 0 -8 -20 1 0 0 0 1 0 0 0 1 33909.dat
1 72 0 -8 10 1 0 0 0 1 0 0 0 1 99563.dat
1 72 0 -8 -50 1 0 0 0 1 0 0 0 1 99563.dat
0 STEP
0 !LEOCAD PIECE PIVOT  0 10 50 1 0 0 0 1 0 0 0 1
1 7 10 -15 -143.3013 0 -1 0 0.866025 0 0.5 -0.5 0 0.866025 08-02-forearm.ldr
0 NOFILE
0 FILE 08-01-forearm.ldr
0 Name: 08-01-forearm.ldr
0 Author: Nathanel Titane // nathanel.titane@gmail.com // All Rights Reserved
1 72 0 0 0 0 0 -1 0 1 0 1 0 0 47454.dat
1 0 0 10 50 0.5 0 -0.866025 0 1 0 0.866025 0 0.5 47455.dat
1 0 0 10 -50 0 0 -1 0 1 0 1 0 0 6628.dat
0 STEP
1 297 0 24 10 1 0 0 0 1 0 0 0 1 3022.dat
1 72 0 24 -20 1 0 0 0 1 0 0 0 1 32803.dat
1 72 10 32 20 1 0 0 0 1 0 0 0 1 3024.dat
1 72 -10 32 20 1 0 0 0 1 0 0 0 1 3024.dat
0 STEP
1 72 0 -8 10 -1 0 0 0 1 0 0 0 -1 33909.dat
1 72 0 -8 -20 1 0 0 0 1 0 0 0 1 99563.dat
0 STEP
0 !LEOCAD PIECE PIVOT  0 4 20 1 0 0 0 1 0 0 0 1
1 0 0 6 -80 1 0 0 0 1 0 0 0 1 09-01-hand.ldr
0 NOFILE
0 FILE 08-02-forearm.ldr
0 Name: 08-02-forearm.ldr
0 Author: Nathanel Titane // nathanel.titane@gmail.com // All Rights Reserved
1 72 0 0 0 0 0 -1 0 1 0 1 0 0 47454.dat
1 0 0 10 50 -0.5 0 -0.866025 0 1 0 0.866025 0 -0.5 47455.dat
1 0 0 10 -50 0 0 -1 0 1 0 1 0 0 6628.dat
0 STEP
1 297 0 24 10 1 0 0 0 1 0 0 0 1 3022.dat
1 72 0 24 -20 1 0 0 0 1 0 0 0 1 32803.dat
1 72 10 32 20 1 0 0 0 1 0 0 0 1 3024.dat
1 72 -10 32 20 1 0 0 0 1 0 0 0 1 3024.dat
0 STEP
1 72 0 -8 10 -1 0 0 0 1 0 0 0 -1 33909.dat
1 72 0 -8 -20 1 0 0 0 1 0 0 0 1 99563.dat
0 STEP
0 !LEOCAD PIECE PIVOT  0 4 20 1 0 0 0 1 0 0 0 1
1 0 0 6 -80 1 0 0 0 1 0 0 0 1 09-02-hand.ldr
0 NOFILE
0 FILE 09-01-hand.ldr
0 Name: 09-01-hand.ldr
0 Author: Nathanel Titane // nathanel.titane@gmail.com // All Rights Reserved
1 71 0 0 0 -1 0 0 0 1 0 0 0 -1 14704.dat
1 72 0 8 -10 1 0 0 0 1 0 0 0 1 15068.dat
0 STEP
1 71 0 8 -20 -1 0 0 0 1 0 0 0 -1 99781.dat
1 0 0 16 -20 1 0 0 0 1 0 0 0 1 48336.dat
0 STEP
1 0 10 18 2 -0.866025 0 -0.5 0.5 0 -0.866025 0 -1 0 26047.dat
1 0 10 18 10 0.866025 0 0.5 -0.5 0 0.866025 0 -1 0 24246.dat
1 0 -10 18 -6 -1 0 0 0 0 -1 0 -1 0 54200.dat
0 STEP
1 0 20 35.3205 0 -0.482963 0.129409 0.866025 -0.836516 0.224144 -0.5 -0.258819 -0.965926 0 48729b.dat
0 STEP
1 0 10 18 -40 0 0 1 -0.707107 0.707107 0 -0.707107 -0.707107 0 48729b.dat
1 0 -2 18 -40 0 0 -1 0.5 0.866025 0 0.866025 -0.5 0 48729b.dat
1 0 -10 18 -40 0 0 -1 0.258819 0.965926 0 0.965926 -0.258819 0 48729b.dat
0 NOFILE
0 FILE 09-02-hand.ldr
0 Name: 09-02-hand.ldr
0 Author: Nathanel Titane // nathanel.titane@gmail.com // All Rights Reserved
1 71 0 0 0 -1 0 0 0 1 0 0 0 -1 14704.dat
1 72 0 8 -10 1 0 0 0 1 0 0 0 1 15068.dat
0 STEP
1 71 0 8 -20 -1 0 0 0 1 0 0 0 -1 99781.dat
1 0 0 16 -20 1 0 0 0 1 0 0 0 1 48336.dat
0 STEP
1 0 -10 18 2 -0.866025 0 0.5 -0.5 0 -0.866025 0 -1 0 26047.dat
1 0 -10 18 10 0.866025 0 -0.5 0.5 0 0.866025 0 -1 0 24246.dat
1 0 10 18 -6 -1 0 0 0 0 -1 0 -1 0 54200.dat
0 STEP
1 0 -20 35.3205 0 -0.482963 -0.12941 -0.866025 0.836516 0.224144 -0.5 0.258819 -0.965926 0 48729b.dat
0 STEP
1 0 10 18 -40 0 0 1 -0.258819 0.965926 0 -0.965926 -0.258819 0 48729b.dat
1 0 2 18 -40 0 0 1 -0.5 0.866025 0 -0.866025 -0.5 0 48729b.dat
1 0 -10 18 -40 0 0 -1 0.707107 0.707107 0 0.707107 -0.707107 0 48729b.dat
0 NOFILE
0 FILE 10-seat.ldr
0 Name: 10-seat.ldr
0 Author: Nathanel Titane // nathanel.titane@gmail.com // All Rights Reserved
1 0 0 0 0 1 0 0 0 1 0 0 0 1 60471.dat
1 297 0 8 0 1 0 0 0 1 0 0 0 1 3023.dat
1 72 0 8 20 -1 0 0 0 1 0 0 0 -1 32803.dat
0 STEP
1 0 0 0 20 -1 0 0 0 1 0 0 0 -1 48336.dat
1 0 0 -8 10 -1 0 0 0 1 0 0 0 -1 3068b.dat
0 STEP
0 !LEOCAD PIECE PIVOT  0 2 40 1 0 0 0 1 0 0 0 1
1 0 0 -37.7396 44.9763 -1 0 0 0 0.173648 0.984808 0 0.984808 -0.173648 30350b.dat
0 STEP
1 297 0 -46.1985 54.5913 -1 0 0 0 0.173648 0.984808 0 0.984808 -0.173648 3022.dat
1 72 -10 -16.6543 49.3818 -1 0 0 0 0.173648 0.984808 0 0.984808 -0.173648 3024.dat
1 72 10 -16.6543 49.3818 -1 0 0 0 0.173648 0.984808 0 0.984808 -0.173648 3024.dat
0 STEP
1 72 0 -47.5877 46.7128 0 0 -1 -0.984808 0.173648 0 0.173648 0.984808 0 4871.dat
1 72 -30 -57.4358 48.4493 -1 0 0 0 0.173648 0.984808 0 0.984808 -0.173648 54200.dat
1 72 30 -57.4358 48.4493 -1 0 0 0 0.173648 0.984808 0 0.984808 -0.173648 54200.dat
1 72 -30 -37.7396 44.9763 1 0 0 0 0.173648 -0.984808 0 0.984808 0.173648 54200.dat
1 72 30 -37.7396 44.9763 1 0 0 0 0.173648 -0.984808 0 0.984808 0.173648 54200.dat
0 NOFILE
0 FILE 11-gyroscope.ldr
0 Name: 11-gyroscope.ldr
0 Author: Nathanel Titane // nathanel.titane@gmail.com // All Rights Reserved
1 71 0 0 0 0 0 1 0 1 0 -1 0 0 98585.dat
1 0 40 0 0 0 -1 0 1 0 0 0 0 1 30374.dat
0 STEP
1 0 -18 0 0 0 1 0 0 0 -1 -1 0 0 4073.dat
1 0 18 0 0 0 -1 0 0 0 1 -1 0 0 4073.dat
0 STEP
1 72 -26 0 0 0 1 0 0 0 -1 -1 0 0 43898.dat
1 72 26 0 0 0 -1 0 0 0 1 -1 0 0 43898.dat
0 STEP
1 0 -36 0 0 0 1 0 0 0 -1 -1 0 0 32474.dat
1 0 36 0 0 0 -1 0 0 0 1 -1 0 0 32474.dat
0 NOFILE
0 FILE 12-01-wheel.ldr
0 Name: 12-01-wheel.ldr
0 Author: Nathanel Titane // nathanel.titane@gmail.com // All Rights Reserved
1 0 0 0 0 1 0 0 0 1 0 0 0 1 4032.dat
1 0 0 -8 0 1 0 0 0 1 0 0 0 1 15535.dat
1 0 0 -10 0 0 1 0 1 0 0 0 0 -1 32073.dat
0 STEP
1 0 0 -18 0 0.707107 0 -0.707107 0 1 0 0.707107 0 0.707107 15646.dat
0 STEP
1 0 24.7487 -18 17.6777 0.707107 -0.707107 0 0 0 1 -0.707107 -0.707107 0 25893.dat
1 0 21.0884 -37.3185 21.3379 -0.183013 -0.707107 0.683013 -0.965926 0 -0.25882 0.183013 -0.707107 -0.683013 25893.dat
0 !LEOCAD PIECE PIVOT  -10 0 0 1 0 0 0 1 0 0 0 1
1 72 28.5754 -27.6593 25.1647 -0.183013 -0.707107 0.683013 -0.965926 0 -0.25882 0.183013 -0.707107 -0.683013 35480.dat
0 !LEOCAD PIECE PIVOT  -10 0 0 1 0 0 0 1 0 0 0 1
1 72 34.2323 -27.6593 30.8216 -0.183013 -0.707107 0.683013 -0.965926 0 -0.25882 0.183013 -0.707107 -0.683013 35480.dat
1 179 41.7193 -18 34.6482 -0.683013 -0.707107 -0.183012 0.258819 0 -0.965926 0.683013 -0.707107 0.183012 24246.dat
1 179 38.0591 -37.3186 38.3085 0.683013 -0.707107 0.183012 -0.258819 0 0.965926 -0.683013 -0.707107 -0.183012 24246.dat
0 STEP
1 0 17.6777 -18 -24.7487 -0.707107 -0.707107 0 0 0 1 -0.707107 0.707107 0 25893.dat
1 0 21.3379 -37.3185 -21.0884 0.183013 -0.707107 -0.683013 -0.965926 0 -0.25882 0.183013 0.707107 -0.683013 25893.dat
0 !LEOCAD PIECE PIVOT  -10 0 0 1 0 0 0 1 0 0 0 1
1 72 25.1647 -27.6593 -28.5754 0.183013 -0.707107 -0.683013 -0.965926 0 -0.25882 0.183013 0.707107 -0.683013 35480.dat
0 !LEOCAD PIECE PIVOT  -10 0 0 1 0 0 0 1 0 0 0 1
1 72 30.8216 -27.6593 -34.2323 0.183013 -0.707107 -0.683013 -0.965926 0 -0.25882 0.183013 0.707107 -0.683013 35480.dat
1 179 34.6482 -18 -41.7193 0.683013 -0.707107 0.183012 0.258819 0 -0.965926 0.683013 0.707107 0.183012 24246.dat
1 179 38.3085 -37.3186 -38.0591 -0.683013 -0.707107 -0.183012 -0.258819 0 0.965926 -0.683013 0.707107 -0.183012 24246.dat
0 STEP
1 0 -24.7487 -18 -17.6777 -0.704416 0.707107 -0.061628 -0.087155 0 0.996195 0.704416 0.707107 0.061628 25893.dat
1 0 -21.0884 -37.3185 -21.3379 0.183013 0.707107 -0.683013 -0.965926 0 -0.258819 -0.183013 0.707107 0.683013 25893.dat
0 !LEOCAD PIECE PIVOT  -10 0 0 1 0 0 0 1 0 0 0 1
1 72 -28.5754 -27.6593 -25.1647 0.183013 0.707107 -0.683013 -0.965926 0 -0.258819 -0.183013 0.707107 0.683013 35480.dat
0 !LEOCAD PIECE PIVOT  -10 0 0 1 0 0 0 1 0 0 0 1
1 72 -34.2323 -27.6593 -30.8216 0.183013 0.707107 -0.683013 -0.965926 0 -0.258819 -0.183013 0.707107 0.683013 35480.dat
1 179 -41.7193 -18 -34.6482 0.683013 0.707107 0.183012 0.258819 0 -0.965926 -0.683013 0.707107 -0.183012 24246.dat
1 179 -38.0591 -37.3186 -38.3085 -0.683013 0.707107 -0.183012 -0.258819 0 0.965926 0.683013 0.707107 0.183012 24246.dat
0 STEP
1 0 -17.6777 -18 24.7487 0.707107 0.707107 0 0 0 1 0.707107 -0.707107 0 25893.dat
1 0 -21.3379 -37.3185 21.0884 -0.183013 0.707107 0.683013 -0.965926 0 -0.258819 -0.183013 -0.707107 0.683013 25893.dat
0 !LEOCAD PIECE PIVOT  -10 0 0 1 0 0 0 1 0 0 0 1
1 72 -25.1647 -27.6593 28.5754 -0.183013 0.707107 0.683013 -0.965926 0 -0.258819 -0.183013 -0.707107 0.683013 35480.dat
0 !LEOCAD PIECE PIVOT  -10 0 0 1 0 0 0 1 0 0 0 1
1 72 -30.8216 -27.6593 34.2323 -0.183013 0.707107 0.683013 -0.965926 0 -0.258819 -0.183013 -0.707107 0.683013 35480.dat
1 179 -34.6482 -18 41.7193 -0.683013 0.707107 -0.183012 0.258819 0 -0.965926 -0.683013 -0.707107 -0.183012 24246.dat
1 179 -38.3085 -37.3186 38.0591 0.683013 0.707107 0.183012 -0.258819 0 0.965926 0.683013 -0.707107 0.183012 24246.dat
0 STEP
1 0 0 -38 0 0 0 1 0 -1 0 1 0 0 15646.dat
0 STEP
1 0 0 -38 30 -1 0 0 0 0 -1 0 -1 0 25893.dat
1 0 5.1764 -18.6815 30 0.258819 0 -0.965926 0.965926 0 0.258819 0 -1 0 25893.dat
0 !LEOCAD PIECE PIVOT  -10 0 0 1 0 0 0 1 0 0 0 1
1 72 2.5882 -28.3407 38 0.258819 0 -0.965926 0.965926 0 0.258819 0 -1 0 35480.dat
0 !LEOCAD PIECE PIVOT  -10 0 0 1 0 0 0 1 0 0 0 1
1 72 2.5882 -28.3407 46 0.258819 0 -0.965926 0.965926 0 0.258819 0 -1 0 35480.dat
1 179 0 -38 54 0.965926 0 0.258819 -0.258819 0 0.965926 0 -1 0 24246.dat
1 179 5.1764 -18.6815 54 -0.965926 0 -0.258819 0.258819 0 -0.965926 0 -1 0 24246.dat
0 STEP
1 0 -30 -38 0 0 1 0 0 0 -1 -1 0 0 25893.dat
1 0 -30 -18.6815 5.1764 0 1 0 0.965926 0 0.258819 0.258819 0 -0.965926 25893.dat
0 !LEOCAD PIECE PIVOT  -10 0 0 1 0 0 0 1 0 0 0 1
1 72 -38 -28.3407 2.5882 0 1 0 0.965926 0 0.258819 0.258819 0 -0.965926 35480.dat
0 !LEOCAD PIECE PIVOT  -10 0 0 1 0 0 0 1 0 0 0 1
1 72 -46 -28.3407 2.5882 0 1 0 0.965926 0 0.258819 0.258819 0 -0.965926 35480.dat
1 179 -54 -38 0 0 1 0 -0.258819 0 0.965926 0.965926 0 0.258819 24246.dat
1 179 -54 -18.6815 5.1764 0 1 0 0.258819 0 -0.965926 -0.965926 0 -0.258819 24246.dat
0 STEP
1 0 0 -38 -30 1 0 0 0 0 -1 0 1 0 25893.dat
1 0 -5.1764 -18.6815 -30 -0.258819 0 0.965926 0.965926 0 0.258819 0 1 0 25893.dat
0 !LEOCAD PIECE PIVOT  -10 0 0 1 0 0 0 1 0 0 0 1
1 72 -2.5882 -28.3407 -38 -0.258819 0 0.965926 0.965926 0 0.258819 0 1 0 35480.dat
0 !LEOCAD PIECE PIVOT  -10 0 0 1 0 0 0 1 0 0 0 1
1 72 -2.5882 -28.3407 -46 -0.258819 0 0.965926 0.965926 0 0.258819 0 1 0 35480.dat
1 179 0 -38 -54 -0.965926 0 -0.258819 -0.258819 0 0.965926 0 1 0 24246.dat
1 179 -5.1764 -18.6815 -54 0.965926 0 0.258819 0.258819 0 -0.965926 0 1 0 24246.dat
0 STEP
1 0 30 -38 0 0 -1 0 0 0 -1 1 0 0 25893.dat
1 0 30 -18.6815 -5.1764 0 -1 0 0.965926 0 0.258819 -0.258819 0 0.965926 25893.dat
0 !LEOCAD PIECE PIVOT  -10 0 0 1 0 0 0 1 0 0 0 1
1 72 38 -28.3407 -2.5882 0 -1 0 0.965926 0 0.258819 -0.258819 0 0.965926 35480.dat
0 !LEOCAD PIECE PIVOT  -10 0 0 1 0 0 0 1 0 0 0 1
1 72 46 -28.3407 -2.5882 0 -1 0 0.965926 0 0.258819 -0.258819 0 0.965926 35480.dat
1 179 54 -38 0 0 -1 0 -0.258819 0 0.965926 -0.965926 0 -0.258819 24246.dat
1 179 54 -18.6815 -5.1764 0 -1 0 0.258819 0 -0.965926 0.965926 0 0.258819 24246.dat
0 STEP
1 0 0 -56 0 1 0 0 0 1 0 0 0 1 4032.dat
1 0 0 -64 0 1 0 0 0 1 0 0 0 1 14769.dat
0 NOFILE
0 FILE 12-02-wheel.ldr
0 Name: 12-02-wheel.ldr
0 Author: Nathanel Titane // nathanel.titane@gmail.com // All Rights Reserved
1 0 0 0 0 1 0 0 0 1 0 0 0 1 4032.dat
1 0 0 -8 0 1 0 0 0 1 0 0 0 1 15535.dat
1 0 0 -10 0 0 1 0 1 0 0 0 0 -1 32073.dat
0 STEP
1 0 0 -18 0 0.707107 0 -0.707107 0 1 0 0.707107 0 0.707107 15646.dat
0 STEP
1 0 17.6776 -18 24.7488 0.707107 -0.707107 0 0 0 1 -0.707107 -0.707107 0 25893.dat
1 0 21.3378 -37.3185 21.0885 0.183013 -0.707107 0.683013 -0.965926 0 0.258819 -0.183013 -0.707107 -0.683013 25893.dat
0 !LEOCAD PIECE PIVOT  -10 0 0 1 0 0 0 1 0 0 0 1
1 72 25.1646 -27.6593 28.5755 0.183013 -0.707107 0.683013 -0.965926 0 0.258819 -0.183013 -0.707107 -0.683013 35480.dat
0 !LEOCAD PIECE PIVOT  -10 0 0 1 0 0 0 1 0 0 0 1
1 72 30.8215 -27.6593 34.2324 0.183013 -0.707107 0.683013 -0.965926 0 0.258819 -0.183013 -0.707107 -0.683013 35480.dat
1 179 34.6482 -18 41.7193 -0.683013 -0.707107 0.183012 -0.258819 0 -0.965926 0.683013 -0.707107 -0.183012 24246.dat
1 179 38.3086 -37.3186 38.0591 0.683013 -0.707107 -0.183012 0.258819 0 0.965926 -0.683013 -0.707107 0.183012 24246.dat
0 STEP
1 0 24.7488 -18 -17.6776 -0.707107 -0.707107 0 0 0 1 -0.707107 0.707107 0 25893.dat
1 0 21.0885 -37.3185 -21.3378 -0.183013 -0.707107 -0.683013 -0.965926 0 0.258819 -0.183013 0.707107 -0.683013 25893.dat
0 !LEOCAD PIECE PIVOT  -10 0 0 1 0 0 0 1 0 0 0 1
1 72 28.5755 -27.6593 -25.1646 -0.183013 -0.707107 -0.683013 -0.965926 0 0.258819 -0.183013 0.707107 -0.683013 35480.dat
0 !LEOCAD PIECE PIVOT  -10 0 0 1 0 0 0 1 0 0 0 1
1 72 34.2324 -27.6593 -30.8215 -0.183013 -0.707107 -0.683013 -0.965926 0 0.258819 -0.183013 0.707107 -0.683013 35480.dat
1 179 41.7193 -18 -34.6482 0.683013 -0.707107 -0.183012 -0.258819 0 -0.965926 0.683013 0.707107 -0.183012 24246.dat
1 179 38.0591 -37.3186 -38.3086 -0.683013 -0.707107 0.183012 0.258819 0 0.965926 -0.683013 0.707107 0.183012 24246.dat
0 STEP
1 0 -17.7045 -17.1285 -24.7219 -0.704416 0.707107 -0.061628 -0.087155 0 0.996195 0.704416 0.707107 0.061628 25893.dat
1 0 -21.3647 -36.447 -21.0616 -0.183012 0.707107 -0.683013 -0.965926 0 0.258818 0.183012 0.707107 0.683013 25893.dat
0 !LEOCAD PIECE PIVOT  -10 0 0 1 0 0 0 1 0 0 0 1
1 72 -25.1915 -26.7878 -28.5486 -0.183012 0.707107 -0.683013 -0.965926 0 0.258818 0.183012 0.707107 0.683013 35480.dat
0 !LEOCAD PIECE PIVOT  -10 0 0 1 0 0 0 1 0 0 0 1
1 72 -30.8484 -26.7878 -34.2055 -0.183012 0.707107 -0.683013 -0.965926 0 0.258818 0.183012 0.707107 0.683013 35480.dat
1 179 -34.6751 -17.1284 -41.6924 0.683013 0.707107 -0.183013 -0.25882 0 -0.965926 -0.683013 0.707107 0.183013 24246.dat
1 179 -38.3355 -36.447 -38.0322 -0.683013 0.707107 0.183013 0.25882 0 0.965926 0.683013 0.707107 -0.183013 24246.dat
0 STEP
1 0 -24.7488 -18 17.6776 0.707107 0.707107 0 0 0 1 0.707107 -0.707107 0 25893.dat
1 0 -21.0885 -37.3185 21.3378 0.183012 0.707107 0.683013 -0.965926 0 0.258818 0.183012 -0.707107 0.683013 25893.dat
0 !LEOCAD PIECE PIVOT  -10 0 0 1 0 0 0 1 0 0 0 1
1 72 -28.5755 -27.6593 25.1646 0.183012 0.707107 0.683013 -0.965926 0 0.258818 0.183012 -0.707107 0.683013 35480.dat
0 !LEOCAD PIECE PIVOT  -10 0 0 1 0 0 0 1 0 0 0 1
1 72 -34.2324 -27.6593 30.8215 0.183012 0.707107 0.683013 -0.965926 0 0.258818 0.183012 -0.707107 0.683013 35480.dat
1 179 -41.7193 -18 34.6482 -0.683013 0.707107 0.183013 -0.25882 0 -0.965926 -0.683013 -0.707107 0.183013 24246.dat
1 179 -38.0591 -37.3186 38.3086 0.683013 0.707107 -0.183013 0.25882 0 0.965926 0.683013 -0.707107 -0.183013 24246.dat
0 STEP
1 0 0 -38 0 0 0 1 0 -1 0 1 0 0 15646.dat
0 STEP
1 0 0 -38 30 -1 0 0 0 0 -1 0 -1 0 25893.dat
1 0 -5.1763 -18.6815 30 -0.258819 0 -0.965926 0.965926 0 -0.258819 0 -1 0 25893.dat
0 !LEOCAD PIECE PIVOT  -10 0 0 1 0 0 0 1 0 0 0 1
1 72 -2.5882 -28.3407 38 -0.258819 0 -0.965926 0.965926 0 -0.258819 0 -1 0 35480.dat
0 !LEOCAD PIECE PIVOT  -10 0 0 1 0 0 0 1 0 0 0 1
1 72 -2.5882 -28.3407 46 -0.258819 0 -0.965926 0.965926 0 -0.258819 0 -1 0 35480.dat
1 179 0 -38 54 0.965926 0 -0.258819 0.258819 0 0.965926 0 -1 0 24246.dat
1 179 -5.1763 -18.6815 54 -0.965926 0 0.258819 -0.258819 0 -0.965926 0 -1 0 24246.dat
0 STEP
1 0 -30 -38 0 0 1 0 0 0 -1 -1 0 0 25893.dat
1 0 -30 -18.6815 -5.1763 0 1 0 0.965926 0 -0.258819 -0.258819 0 -0.965926 25893.dat
0 !LEOCAD PIECE PIVOT  -10 0 0 1 0 0 0 1 0 0 0 1
1 72 -38 -28.3407 -2.5882 0 1 0 0.965926 0 -0.258819 -0.258819 0 -0.965926 35480.dat
0 !LEOCAD PIECE PIVOT  -10 0 0 1 0 0 0 1 0 0 0 1
1 72 -46 -28.3407 -2.5882 0 1 0 0.965926 0 -0.258819 -0.258819 0 -0.965926 35480.dat
1 179 -54 -38 0 0 1 0 0.258819 0 0.965926 0.965926 0 -0.258819 24246.dat
1 179 -54 -18.6815 -5.1763 0 1 0 -0.258819 0 -0.965926 -0.965926 0 0.258819 24246.dat
0 STEP
1 0 0 -38 -30 1 0 0 0 0 -1 0 1 0 25893.dat
1 0 5.1763 -18.6815 -30 0.258819 0 0.965926 0.965926 0 -0.258819 0 1 0 25893.dat
0 !LEOCAD PIECE PIVOT  -10 0 0 1 0 0 0 1 0 0 0 1
1 72 2.5882 -28.3407 -38 0.258819 0 0.965926 0.965926 0 -0.258819 0 1 0 35480.dat
0 !LEOCAD PIECE PIVOT  -10 0 0 1 0 0 0 1 0 0 0 1
1 72 2.5882 -28.3407 -46 0.258819 0 0.965926 0.965926 0 -0.258819 0 1 0 35480.dat
1 179 0 -38 -54 -0.965926 0 0.258819 0.258819 0 0.965926 0 1 0 24246.dat
1 179 5.1763 -18.6815 -54 0.965926 0 -0.258819 -0.258819 0 -0.965926 0 1 0 24246.dat
0 STEP
1 0 30 -38 0 0 -1 0 0 0 -1 1 0 0 25893.dat
1 0 30 -18.6815 5.1763 0 -1 0 0.965926 0 -0.258819 0.258819 0 0.965926 25893.dat
0 !LEOCAD PIECE PIVOT  -10 0 0 1 0 0 0 1 0 0 0 1
1 72 38 -28.3407 2.5882 0 -1 0 0.965926 0 -0.258819 0.258819 0 0.965926 35480.dat
0 !LEOCAD PIECE PIVOT  -10 0 0 1 0 0 0 1 0 0 0 1
1 72 46 -28.3407 2.5882 0 -1 0 0.965926 0 -0.258819 0.258819 0 0.965926 35480.dat
1 179 54 -38 0 0 -1 0 0.258819 0 0.965926 -0.965926 0 0.258819 24246.dat
1 179 54 -18.6815 5.1763 0 -1 0 -0.258819 0 -0.965926 0.965926 0 -0.258819 24246.dat
0 STEP
1 0 0 -56 0 1 0 0 0 1 0 0 0 1 4032.dat
1 0 0 -64 0 1 0 0 0 1 0 0 0 1 14769.dat
0 NOFILE
