0 FILE 00-instructions.ldr
0 Name: 00-instructions.ldr
0 Author: Nathanel Titane // nathanel.titane@gmail.com // All Rights Reserved
0
0 // LPUB[3D] FRONT COVER PAGE /////////////////////////////////////////////////
0
0 !LPUB PAGE DOCUMENT_TITLE_FRONT COLOR "#666666"
0 !LPUB PAGE DOCUMENT_TITLE_FRONT CONTENT GLOBAL "MODEL // MS-06F ZAKU II"
0 !LPUB PAGE DOCUMENT_TITLE_FRONT DISPLAY GLOBAL TRUE
0 !LPUB PAGE DOCUMENT_TITLE_FRONT FONT "Noto Sans,72,-1,0,75,0,0,0,0,0,Bold"
0 !LPUB PAGE DOCUMENT_TITLE_FRONT MARGINS 0.2500 0.1000
0 !LPUB PAGE DOCUMENT_TITLE_FRONT PLACEMENT GLOBAL TOP_LEFT PAGE INSIDE OFFSET 0.0000 0.0000

0 !LPUB PAGE DOCUMENT_AUTHOR_FRONT CONTENT GLOBAL "MODEL DESIGN AND INSTRUCTIONS // NATHANEL TITANE"
0 !LPUB PAGE DOCUMENT_AUTHOR_FRONT COLOR "#666666"
0 !LPUB PAGE DOCUMENT_AUTHOR_FRONT DISPLAY GLOBAL TRUE
0 !LPUB PAGE DOCUMENT_AUTHOR_FRONT FONT "Noto Sans,18,-1,0,75,0,0,0,0,0,Bold"
0 !LPUB PAGE DOCUMENT_AUTHOR_FRONT MARGINS 0.3000 1.0000
0 !LPUB PAGE DOCUMENT_AUTHOR_FRONT PLACEMENT TOP_LEFT PAGE INSIDE OFFSET 0.0000 0.0000

0 !LPUB PAGE MODEL_PARTS COLOR "#666666"
0 !LPUB PAGE MODEL_PARTS CONTENT GLOBAL "1172 PIECES"
0 !LPUB PAGE MODEL_PARTS DISPLAY GLOBAL TRUE
0 !LPUB PAGE MODEL_PARTS FONT "Noto Sans,72,-1,0,75,0,0,0,0,0,Bold"
0 !LPUB PAGE MODEL_PARTS MARGINS 0.2500 0.1000
0 !LPUB PAGE MODEL_PARTS PLACEMENT GLOBAL BOTTOM_LEFT PAGE INSIDE OFFSET 0.0000 0.0000

0 !LPUB PAGE PUBLISH_DESCRIPTION COLOR "#666666"
0 !LPUB PAGE PUBLISH_DESCRIPTION CONTENT GLOBAL "LEGO // LINUX - Where Lego and Linux Meet"
0 !LPUB PAGE PUBLISH_DESCRIPTION DISPLAY GLOBAL TRUE
0 !LPUB PAGE PUBLISH_DESCRIPTION FONT "Noto Sans,36,-1,0,75,0,0,0,0,0,Bold"
0 !LPUB PAGE PUBLISH_DESCRIPTION MARGINS 0.2000 0.2000
0 !LPUB PAGE PUBLISH_DESCRIPTION PLACEMENT GLOBAL BOTTOM_RIGHT PAGE INSIDE OFFSET 0.0000 0.0000
0
0 // LPUB[3D] BACK COVER PAGE //////////////////////////////////////////////////
0
0 // LPUB[3D] DOCUMENT DISCLAIMER
0 !LPUB PAGE LEGO_DISCLAIMER COLOR "#666666"
0 !LPUB PAGE LEGO_DISCLAIMER CONTENT GLOBAL "LEGO® // REGISTERED TRADEMARK OF THE LEGO GROUP"
0 !LPUB PAGE LEGO_DISCLAIMER DISPLAY GLOBAL TRUE
0 !LPUB PAGE LEGO_DISCLAIMER FONT "Noto Sans,36,-1,0,75,0,0,0,0,0,Bold"
0 !LPUB PAGE LEGO_DISCLAIMER PLACEMENT GLOBAL CENTER PAGE INSIDE OFFSET 0.0000 -0.2500
0
0 // LPUB[3D] PAGE DOCUMENT AUTHOR
0 !LPUB PAGE DOCUMENT_AUTHOR_BACK COLOR "#666666"
0 !LPUB PAGE DOCUMENT_AUTHOR_BACK CONTENT GLOBAL "MODEL DESIGN AND INSTRUCTIONS // NATHANEL TITANE"
0 !LPUB PAGE DOCUMENT_AUTHOR_BACK DISPLAY GLOBAL TRUE
0 !LPUB PAGE DOCUMENT_AUTHOR_BACK FONT "Noto Sans,36,-1,0,75,0,0,0,0,0,Bold"
0 !LPUB PAGE DOCUMENT_AUTHOR_BACK PLACEMENT CENTER PAGE INSIDE OFFSET 0.0000 -0.2000
0
0 // LPUB[3D] PAGE PUBLICATION COPYRIGHT
0 !LPUB PAGE PUBLISH_COPYRIGHT_BACK COLOR "#666666"
0 !LPUB PAGE PUBLISH_COPYRIGHT_BACK CONTENT GLOBAL "COPYRIGHT // ALL RIGHTS RESERVED"
0 !LPUB PAGE PUBLISH_COPYRIGHT_BACK DISPLAY GLOBAL TRUE
0 !LPUB PAGE PUBLISH_COPYRIGHT_BACK FONT "Noto Sans,36,-1,0,75,0,0,0,0,0,Bold"
0 !LPUB PAGE PUBLISH_COPYRIGHT_BACK PLACEMENT GLOBAL CENTER PAGE INSIDE OFFSET 0.0000 -0.1500
0
0 // LPUB[3D] PAGE PUBLICATION EMAIL
0 !LPUB PAGE PUBLISH_EMAIL_BACK COLOR "#666666"
0 !LPUB PAGE PUBLISH_EMAIL_BACK CONTENT GLOBAL "CONTACT // NATHANEL.TITANE@GMAIL.COM // INFO@LEGOLINUX.COM"
0 !LPUB PAGE PUBLISH_EMAIL_BACK DISPLAY GLOBAL TRUE
0 !LPUB PAGE PUBLISH_EMAIL_BACK FONT "Noto Sans,18,-1,0,75,0,0,0,0,0,Bold"
0 !LPUB PAGE PUBLISH_EMAIL_BACK PLACEMENT GLOBAL CENTER PAGE INSIDE OFFSET 0.0000 -0.0500
0
0 // LPUB[3D] PAGE PUBLICATION URL
0 !LPUB PAGE PUBLISH_URL_BACK COLOR "#666666"
0 !LPUB PAGE PUBLISH_URL_BACK CONTENT GLOBAL "WEB // HTTPS://LEGOLINUX.COM/MODELS/MECHANICORE-SYSTEM/MS-06F-ZAKU-II"
0 !LPUB PAGE PUBLISH_URL_BACK DISPLAY GLOBAL TRUE
0 !LPUB PAGE PUBLISH_URL_BACK FONT "Noto Sans,18,-1,0,75,0,0,0,0,0,Bold"
0 !LPUB PAGE PUBLISH_URL_BACK PLACEMENT GLOBAL CENTER PAGE INSIDE OFFSET 0.0000 -0.0250
0
0 // LPUB[3D] PAGE LOGO
0 !LPUB PAGE DOCUMENT_LOGO_BACK DISPLAY GLOBAL TRUE
0 !LPUB PAGE DOCUMENT_LOGO_BACK FILE GLOBAL "/media/internal/Lego/lpub3d/instructions/logo.png"
0 !LPUB PAGE DOCUMENT_LOGO_BACK PLACEMENT CENTER PAGE INSIDE OFFSET 0.0000 0.45000
0 !LPUB PAGE DOCUMENT_LOGO_BACK SCALE GLOBAL  1.0000
0
0 // LPUB[3D] CONFIGURATION ////////////////////////////////////////////////////
0
0 // LPUB[3D] PAGE WATERMARK
0 !LPUB PAGE PUBLISH_EMAIL CONTENT GLOBAL "CONTACT // NATHANEL.TITANE@GMAIL.COM // INFO@LEGOLINUX.COM"
0 !LPUB PAGE PUBLISH_EMAIL COLOR "#666666"
0 !LPUB PAGE PUBLISH_EMAIL DISPLAY GLOBAL TRUE
0 !LPUB PAGE PUBLISH_EMAIL FONT "Noto Sans,18,-1,0,75,0,0,0,0,0,Bold"
0 !LPUB PAGE PUBLISH_EMAIL MARGINS 0.0000 0.1500
0 !LPUB PAGE PUBLISH_EMAIL PLACEMENT GLOBAL BOTTOM PAGE INSIDE OFFSET 0.0000 0.0000
0 !LPUB PAGE DOCUMENT_AUTHOR CONTENT GLOBAL "MODEL DESIGN AND INSTRUCTIONS // NATHANEL TITANE"
0 !LPUB PAGE DOCUMENT_AUTHOR COLOR "#666666"
0 !LPUB PAGE DOCUMENT_AUTHOR DISPLAY GLOBAL TRUE
0 !LPUB PAGE DOCUMENT_AUTHOR FONT "Noto Sans,18,-1,0,75,0,0,0,0,0,Bold"
0 !LPUB PAGE DOCUMENT_AUTHOR MARGINS 0.0000 0.2000
0 !LPUB PAGE DOCUMENT_AUTHOR PLACEMENT GLOBAL TOP PAGE INSIDE OFFSET 0.0000 0.0000
0
0 // LPUB[3D] STEPS HIGHLIGHT
0 !LPUB HIGHLIGHT_STEP ENABLED GLOBAL TRUE
0 !LPUB HIGHLIGHT_STEP COLOR GLOBAL "#7137C8"
0
0 // LPUB[3D] STEP FADE
0 !LPUB FADE_STEP OPACITY GLOBAL "50"
0 !LPUB FADE_STEP COLOR GLOBAL "Trans_Black"
0 !LPUB FADE_STEP ENABLED GLOBAL TRUE
0 !LPUB FINAL_MODEL_ENABLED GLOBAL TRUE
0
0 // LPUB[3D] SUBMODEL PREVIEW
0 !LPUB SUBMODEL_DISPLAY SHOW GLOBAL TRUE
0 !LPUB SUBMODEL_DISPLAY BACKGROUND COLOR "#DDDDDD"
0 !LPUB SUBMODEL_DISPLAY MARGINS 0.1500 0.7500
0 !LPUB SUBMODEL_DISPLAY BORDER SQUARE 0 Black 0.031 MARGINS 0.050 0.050
0 !LPUB SUBMODEL_DISPLAY PLACEMENT GLOBAL LEFT PAGE INSIDE
0 !LPUB SUBMODEL_DISPLAY CAMERA_ANGLES 30.0000 45.0000
0
0 // LPUB[3D] ASSEMBLIES
0 !LPUB ASSEM CAMERA_ANGLES 30.0000 45.0000
0 !LPUB ASSEM MARGINS 0.5000 0.5000
0 !LPUB ASSEM MODEL_SCALE 1.0000
0 !LPUB ASSEM PLACEMENT CENTER PAGE INSIDE OFFSET 0.0000 0.0000
0
0 // LPUB[3D] BILL OF MATERIALS
0 !LPUB BOM BACKGROUND COLOR "#DDDDDD"
0 !LPUB BOM BORDER SQUARE 0 #666666 0.025 MARGINS 0.050 0.050
0 !LPUB BOM CONSTRAIN HEIGHT 13.0000
0 !LPUB BOM CONSTRAIN SQUARE
0 !LPUB BOM PLACEMENT CENTER PAGE INSIDE OFFSET 0.0000 0.0000
0
0 // LPUB[3D] CALLOUTS
0 !LPUB CALLOUT BORDER SQUARE 0 #666666 0.025 MARGINS 0.050 0.050
0 !LPUB CALLOUT MARGINS 0.1250 0.1250
0 !LPUB CALLOUT PLACEMENT RIGHT PAGE INSIDE OFFSET 0.0000 0.0000
0
0 // LPUB[3D] PAGE
0 !LPUB PAGE DOCUMENT_COVER_IMAGE DISPLAY GLOBAL TRUE
0 !LPUB PAGE DOCUMENT_COVER_IMAGE FILE GLOBAL "../renders/flat/flat.png"
0 !LPUB PAGE DOCUMENT_COVER_IMAGE FILL GLOBAL ASPECT
0 !LPUB PAGE DOCUMENT_COVER_IMAGE MARGINS GLOBAL 0.0000 0.0000
0 !LPUB PAGE DOCUMENT_COVER_IMAGE PLACEMENT GLOBAL CENTER PAGE INSIDE OFFSET 0.0000 0.0000
0 !LPUB PAGE DOCUMENT_COVER_IMAGE SCALE GLOBAL 1.0000
0
0 // LPUB[3D] PAGE NUMBER
0 !LPUB PAGE NUMBER FONT "Noto Sans,36,-1,0,75,0,0,0,0,0,Bold"
0 !LPUB PAGE NUMBER FONT_COLOR "#666666"
0 !LPUB PAGE NUMBER MARGINS 0.1250 0.1250
0 !LPUB PAGE NUMBER PLACEMENT BOTTOM_RIGHT PAGE INSIDE OFFSET 0.0000 0.0000
0
0 // LPUB[3D] PAGE SETUP
0 !LPUB PAGE BORDER GLOBAL NONE 0 MARGINS 0.000 0.000
0 !LPUB PAGE ENABLE_TEXT_PLACEMENT GLOBAL CENTER PAGE INSIDE OFFSET 0.0000 0.0000
0 !LPUB PAGE TEXT_PLACEMENT GLOBAL TRUE
0 !LPUB PAGE PAGE_FOOTER SIZE GLOBAL 32.0000 0.5000
0 !LPUB PAGE PAGE_HEADER SIZE GLOBAL 32.0000 0.5000
0 !LPUB PAGE MARGINS GLOBAL 0.0000 0.0000
0 !LPUB PAGE ORIENTATION GLOBAL LANDSCAPE
0 !LPUB PAGE SIZE GLOBAL 16.0000 32.0000
0
0 // LPUB[3D] PAGE COLORS
0 !LPUB PAGE SUBMODEL_BACKGROUND_COLOR GLOBAL "#DDDDDD" "#FFE680" "#FFAAAA" "#C6AFE9"
0
0 // LPUB[3D] SUBMODELS
0 !LPUB PAGE SUBMODEL_INSTANCE_COUNT FONT_COLOR "#FF5555"
0 !LPUB PAGE SUBMODEL_INSTANCE_COUNT FONT "Noto Sans,72,-1,0,75,0,0,0,0,0,Bold"
0 !LPUB PAGE SUBMODEL_INSTANCE_COUNT MARGINS 0.0000 0.1250
0 !LPUB PAGE SUBMODEL_INSTANCE_COUNT PLACEMENT BOTTOM_RIGHT PAGE INSIDE OFFSET 0.0000 -0.0500
0
0 // LPUB[3D] PARTS LIST
0 !LPUB PLI BACKGROUND COLOR "#DDDDDD"
0 !LPUB PLI BORDER SQUARE 0 #666666 0.025 MARGINS 0.0500 0.050
0 !LPUB PLI CAMERA_ANGLES 30.0000 45.0000
0 !LPUB PLI CONSTRAIN HEIGHT 5.0000
0 !LPUB PLI MODEL_SCALE  1.0000
0 !LPUB PLI MARGINS 0.1500 0.7500
0 !LPUB PLI PLACEMENT TOP_RIGHT PAGE INSIDE OFFSET 0.0000 0.0000
0 !LPUB PLI INSTANCE_COUNT FONT "Noto Sans,36,-1,0,75,0,0,0,0,0,Bold"
0 !LPUB PLI INSTANCE_COUNT FONT_COLOR "#666666"
0 !LPUB PLI INSTANCE_COUNT MARGINS 0.0125 0.0125
0 !LPUB PLI INSTANCE_COUNT MARGINS 0.0125 0.3000
0
0 // LPUB[3D] STEP NUMBER
0 !LPUB STEP_NUMBER FONT "Noto Sans,72,-1,0,75,0,0,0,0,0,Bold"
0 !LPUB STEP_NUMBER FONT_COLOR "#666666"
0 !LPUB STEP_NUMBER MARGINS 0.1250 0.0000
0 !LPUB STEP_NUMBER PLACEMENT TOP_LEFT PAGE INSIDE OFFSET 0.0000 0.0000
0
0 // LPUB[3D] BEGIN INSTRUCTIONS ///////////////////////////////////////////////
0
0 STEP
0 !LPUB INSERT COVER_PAGE FRONT
0 STEP
0 !LPUB ASSEM MODEL_SCALE LOCAL 0.7500
1 0 0 0 0 1 0 0 0 1 0 0 0 1 00-model.ldr
0 STEP
0
0 // LPUB[3D] DISABLE FINAL MODEL SHOWCASE /////////////////////////////////////
0
0 !LPUB NOSTEP
0
0 // LPUB[3D] BOM PAGES
0 STEP
0 !LPUB INSERT PAGE
0 !LPUB INSERT BOM
0 STEP
0 !LPUB INSERT PAGE
0 !LPUB INSERT BOM
0 STEP
0 !LPUB INSERT PAGE
0 !LPUB INSERT BOM
0 STEP
0 !LPUB INSERT PAGE
0 !LPUB INSERT BOM
0 STEP
0 !LPUB INSERT PAGE
0 !LPUB INSERT BOM
0 STEP
0 !LPUB INSERT PAGE
0 !LPUB INSERT BOM
0 STEP
0 !LPUB INSERT PAGE
0 !LPUB INSERT BOM
0 STEP
0 !LPUB INSERT PAGE
0 !LPUB INSERT BOM
0 STEP
0 !LPUB INSERT PAGE
0 !LPUB INSERT BOM
0 STEP
0 !LPUB INSERT PAGE
0 !LPUB INSERT BOM
0 STEP
0 !LPUB INSERT PAGE
0 !LPUB INSERT BOM
0 STEP
0 !LPUB INSERT PAGE
0 !LPUB INSERT BOM
0 STEP
0
0 !LPUB NOSTEP
0
0 !LPUB INSERT COVER_PAGE BACK
0
0 // LPUB[3D] END INSTRUCTIONS /////////////////////////////////////////////////
0
0 NOFILE
0 FILE 00-model.ldr
0 
0 Name: 00-model.ldr
0 Author: Nathanel Titane // nathanel.titane@gmail.com // All Rights Reserved
1 0 0 0 0 1 0 0 0 0 -1 0 1 0 04-waist.ldr
0 STEP
1 0 0 -66 10 1 0 0 0 1 0 0 0 1 07-cockpit.ldr
0 STEP
1 0 -25.4334 -37.0881 -20.8588 0.91704 0.271669 -0.291949 -0.369439 0.854402 -0.365393 0.150176 0.442937 0.883886 10-01-actuator.ldr
1 0 25.4334 -37.0881 -20.8588 0.91704 -0.271669 0.291949 0.369439 0.854402 -0.365393 -0.150176 0.442937 0.883886 10-02-actuator.ldr
0 NOFILE
0 FILE 01-foot.ldr
0 
0 Name: 01-foot.ldr
0 Author: Nathanel Titane // nathanel.titane@gmail.com // All Rights Reserved
1 71 0 0 0 1 0 0 0 1 0 0 0 1 14704.dat
1 71 0 0 20 -1 0 0 0 1 0 0 0 -1 32028.dat
0 STEP
1 72 0 -8 20 -1 0 0 0 1 0 0 0 -1 32028.dat
1 72 0 -16 20 -1 0 0 0 1 0 0 0 -1 32028.dat
1 72 0 -24 20 -1 0 0 0 1 0 0 0 -1 32028.dat
1 72 0 -32 20 -1 0 0 0 1 0 0 0 -1 32028.dat
1 72 0 -40 20 -1 0 0 0 1 0 0 0 -1 32028.dat
0 STEP
1 71 0 -24 0 -1 0 0 0 1 0 0 0 -1 3004.dat
1 72 -10 -48 20 1 0 0 0 1 0 0 0 1 28192.dat
1 72 10 -48 20 1 0 0 0 1 0 0 0 1 28192.dat
0 STEP
1 0 0 22 22 -1 0 0 0 0 1 0 1 0 99207.dat
1 0 0 22 14 1 0 0 0 0 -1 0 1 0 48336.dat
1 0 -10 22 30 -1 0 0 0 0 1 0 1 0 3024.dat
1 0 10 22 30 -1 0 0 0 0 1 0 1 0 3024.dat
0 STEP
1 0 -10 42 22 0 0 1 1 0 0 0 1 0 2555.dat
1 0 10 42 22 0 0 1 1 0 0 0 1 0 2555.dat
1 0 0 42 30 1 0 0 0 0 -1 0 1 0 99780.dat
0 STEP
1 72 -10 80 28 -1 0 0 0 -1 0 0 0 1 4070.dat
1 72 10 80 28 -1 0 0 0 -1 0 0 0 1 4070.dat
1 378 0 70 14 1 0 0 0 0 -1 0 1 0 99563.dat
1 72 0 104 28 -1 0 0 0 -1 0 0 0 1 3004.dat
0 STEP
1 0 0 22 -10 1 0 0 0 0 -1 0 1 0 3937.dat
0 !LEOCAD PIECE PIVOT  0 10 0 1 0 0 0 1 0 0 0 1
1 71 0 31.6593 -2.5882 1 0 0 0 -0.965926 -0.258819 0 0.258819 -0.965926 3938.dat
1 72 0 36.7985 -14.318 0 0 -1 -0.258819 -0.965926 0 -0.965926 0.258819 0 3022.dat
1 72 0 29.0339 -43.2958 -1 0 0 0 -0.965926 0.258819 0 0.258819 0.965926 32803.dat
0 STEP
1 378 0 85.7511 -17.0821 -1 0 0 0 -0.965926 0.258819 0 0.258819 0.965926 3298.dat
1 378 0 57.3925 -30.1889 0 0 1 0.258819 -0.965926 0 0.965926 0.258819 0 3002.dat
1 378 -10 85.7511 -17.0821 0 0 1 0.258819 -0.965926 0 0.965926 0.258819 0 54200.dat
1 378 10 85.7511 -17.0821 0 0 -1 -0.258819 -0.965926 0 -0.965926 0.258819 0 54200.dat
0 STEP
1 0 -10 112 28 0 0 1 0 -1 0 1 0 0 28192.dat
1 0 10 112 28 0 0 -1 0 -1 0 -1 0 0 28192.dat
1 0 -30 88 28 -1 0 0 0 -1 0 0 0 1 3040.dat
1 0 30 88 28 -1 0 0 0 -1 0 0 0 1 3040.dat
0 STEP
1 0 -30 40 28 -1 0 0 0 -1 0 0 0 1 3005.dat
1 0 30 40 28 -1 0 0 0 -1 0 0 0 1 3005.dat
1 0 -30 64 18 0 0 1 0 -1 0 1 0 0 3004.dat
1 0 30 64 18 0 0 1 0 -1 0 1 0 0 3004.dat
1 0 30 40 8 -1 0 0 0 -1 0 0 0 1 3040.dat
1 0 -30 40 8 -1 0 0 0 -1 0 0 0 1 3040.dat
0 STEP
1 0 -30 16 -12 1 0 0 0 -1 0 0 0 -1 3665.dat
1 0 30 16 -12 1 0 0 0 -1 0 0 0 -1 3665.dat
1 72 -30 -8 -12 -1 0 0 0 -1 0 0 0 1 3024.dat
1 72 30 -8 -12 -1 0 0 0 -1 0 0 0 1 3024.dat
0 STEP
1 0 -30 8 28 -1 0 0 0 -1 0 0 0 1 3040.dat
1 0 30 8 28 -1 0 0 0 -1 0 0 0 1 3040.dat
1 72 -30 16 28 -1 0 0 0 -1 0 0 0 1 3024.dat
1 72 30 16 28 -1 0 0 0 -1 0 0 0 1 3024.dat
0 STEP
1 0 -30 -16 8 -1 0 0 0 -1 0 0 0 1 3665.dat
1 0 30 -16 8 -1 0 0 0 -1 0 0 0 1 3665.dat
1 0 -30 -16 28 -1 0 0 0 -1 0 0 0 1 3005.dat
1 0 30 -16 28 -1 0 0 0 -1 0 0 0 1 3005.dat
0 STEP
1 0 0 -40 18 0 0 1 0 -1 0 1 0 0 4871.dat
1 0 0 -48 18 0 0 1 0 -1 0 1 0 0 3068b.dat
0 NOFILE
0 FILE 02-shin.ldr
0 
0 Name: 02-shin.ldr
0 Author: Nathanel Titane // nathanel.titane@gmail.com // All Rights Reserved
1 72 0 0 0 -1 0 0 0 1 0 0 0 -1 85943.dat
0 STEP
1 0 0 10 30 0 1 0 0 0 1 1 0 0 53585.dat
1 0 0 10 30 -1 0 0 0 0 1 0 1 0 3705.dat
0 STEP
1 72 -20 10 30 0 -1 0 0 0 1 -1 0 0 15535.dat
1 72 -28 10 30 0 -1 0 0 0 1 -1 0 0 4032.dat
1 72 -36 10 30 0 -1 0 0 0 1 -1 0 0 2654.dat
0 STEP
1 72 20 10 30 0 1 0 0 0 1 1 0 0 15535.dat
1 72 28 10 30 0 1 0 0 0 1 1 0 0 4032.dat
1 72 36 10 30 0 1 0 0 0 1 1 0 0 2654.dat
0 STEP
1 0 0 -10 30 0 1 0 0 0 -1 -1 0 0 32174.dat
1 0 0 -10 60 0 0 -1 0 1 0 1 0 0 4519.dat
0 STEP
1 0 0 -48.7938 23.1596 -1 0 0 0 0.939693 0.34202 0 0.34202 -0.939693 92907.dat
1 0 0 -52.2141 32.5565 0 1 0 0.34202 0 -0.939693 -0.939693 0 -0.34202 4459.dat
1 0 -30 -30 30 0 1 0 0.34202 0 -0.939693 -0.939693 0 -0.34202 87994.dat
0 STEP
1 0 0 -36.8404 48.7938 1 0 0 0 -0.939693 0.34202 0 -0.34202 -0.939693 6536.dat
1 0 -30 -36.8404 48.7939 0 1 0 -0.939693 0 -0.34202 -0.34202 0 0.939693 87994.dat
0 STEP
1 0 -28 -33.4202 39.3969 0 1 0 0.34202 0 -0.939693 -0.939693 0 -0.34202 35480.dat
1 0 -28 -47.101 76.9846 0 1 0 0.34202 0 -0.939693 -0.939693 0 -0.34202 35480.dat
1 288 -20 -39.3969 26.5798 0 1 0 -0.34202 0 0.939693 0.939693 0 0.34202 29119.dat
1 288 -20 -49.6575 54.7706 0 1 0 -0.34202 0 0.939693 0.939693 0 0.34202 15068.dat
1 71 -20 -59.0545 51.3504 0 1 0 -0.34202 0 0.939693 0.939693 0 0.34202 99781.dat
1 288 -20 -59.9181 82.9614 0 1 0 -0.34202 0 0.939693 0.939693 0 0.34202 29120.dat
0 STEP
1 0 0 -43.6808 67.5877 -1 0 0 0 -0.939693 -0.34202 0 -0.34202 0.939693 6536.dat
1 0 0 -65.8949 70.1442 0 1 0 0.34202 0 -0.939693 -0.939693 0 -0.34202 4459.dat
1 0 0 -69.315 79.5412 1 0 0 0 0.939693 -0.34202 0 0.34202 0.939693 92907.dat
1 0 30 -50.5212 86.3815 0 -1 0 -0.34202 0 -0.939693 0.939693 0 -0.34202 87994.dat
1 0 30 -43.6807 67.5876 0 -1 0 -0.939693 0 0.34202 -0.34202 0 -0.939693 87994.dat
0 STEP
1 0 28 -33.4202 39.3969 0 -1 0 -0.34202 0 -0.939693 0.939693 0 -0.34202 35480.dat
1 0 28 -47.101 76.9846 0 -1 0 -0.34202 0 -0.939693 0.939693 0 -0.34202 35480.dat
1 288 20 -39.3969 26.5798 0 -1 0 0.34202 0 0.939693 -0.939693 0 0.34202 29120.dat
1 288 20 -49.6575 54.7706 0 -1 0 0.34202 0 0.939693 -0.939693 0 0.34202 15068.dat
1 71 20 -59.0545 51.3504 0 -1 0 0.34202 0 0.939693 -0.939693 0 0.34202 99781.dat
1 288 20 -59.9181 82.9614 0 -1 0 0.34202 0 0.939693 -0.939693 0 0.34202 29119.dat
0 STEP
1 288 0 -87.9223 19.5598 -1 0 0 0 0.939693 0.34202 0 0.34202 -0.939693 93606.dat
1 288 0 -70.1442 -5.8948 1 0 0 0 0.939693 -0.34202 0 0.34202 0.939693 32803.dat
0 STEP
1 72 0 -32 0 -1 0 0 0 1 0 0 0 -1 3700.dat
1 0 -10 -8 -10 0 0 1 0 1 0 -1 0 0 92280.dat
1 0 10 -8 -10 0 0 1 0 1 0 -1 0 0 92280.dat
0 STEP
1 71 10 0 -20 0 0 -1 0 1 0 1 0 0 36841.dat
1 71 -10 0 -20 0 0 1 0 1 0 -1 0 0 36841.dat
0 STEP
1 378 0 -48 0 -1 0 0 0 1 0 0 0 -1 99563.dat
1 71 10 -40 0 0 0 -1 0 1 0 1 0 0 79389.dat
1 71 -10 -40 0 0 0 1 0 1 0 -1 0 0 79389.dat
0 STEP
1 0 0 24 0 1 0 0 0 1 0 0 0 1 60470.dat
1 0 -10 24 -50 0 0 -1 0 1 0 1 0 0 60478.dat
1 0 10 24 -50 0 0 -1 0 1 0 1 0 0 60478.dat
1 0 -10 24 -90 0 0 1 0 1 0 -1 0 0 60478.dat
1 0 10 24 -90 0 0 1 0 1 0 -1 0 0 60478.dat
1 0 0 24 -140 -1 0 0 0 1 0 0 0 -1 60470.dat
0 STEP
1 71 0 32 -70 0 0 1 0 1 0 -1 0 0 3020.dat
1 72 0 16 -70 0 0 1 0 1 0 -1 0 0 3020.dat
0 STEP
1 0 0 40 -40 -1 0 0 0 1 0 0 0 -1 48336.dat
1 0 0 40 -100 1 0 0 0 1 0 0 0 1 48336.dat
1 378 0 40 -80 -1 0 0 0 1 0 0 0 -1 32803.dat
1 378 0 40 -60 1 0 0 0 1 0 0 0 1 32803.dat
0 STEP
1 0 -10 -8 -50 0 0 1 0 1 0 -1 0 0 11211.dat
1 0 10 -8 -50 0 0 -1 0 1 0 1 0 0 11211.dat
1 0 0 -8 -80 -1 0 0 0 1 0 0 0 -1 3004.dat
1 0 0 -8 -100 1 0 0 0 1 0 0 0 1 3660.dat
0 STEP
1 72 0 0 -140 -1 0 0 0 1 0 0 0 -1 3700.dat
1 0 0 10 -150 0 0 -1 0 1 0 1 0 0 6628.dat
0 STEP
1 0 -10 -16 -50 0 0 -1 0 1 0 1 0 0 60478.dat
1 0 10 -16 -50 0 0 -1 0 1 0 1 0 0 60478.dat
1 72 0 0 -130 1 0 0 0 1 0 0 0 1 15068.dat
1 72 0 -16 -90 1 0 0 0 1 0 0 0 1 3068b.dat
0 STEP
1 378 0 -40 -70 -1 0 0 0 1 0 0 0 -1 93606.dat
1 71 0 -32 -100 1 0 0 0 1 0 0 0 1 32803.dat
0 STEP
1 71 -10 40 0 0 0 1 0 -1 0 1 0 0 79389.dat
1 378 -48 0 0 0 1 0 -1 0 0 0 0 1 47759.dat
1 378 -56 0 0 0 1 0 -1 0 0 0 0 1 99563.dat
0 STEP
1 71 10 40 0 0 0 -1 0 -1 0 -1 0 0 79389.dat
1 378 48 0 0 0 -1 0 1 0 0 0 0 1 47759.dat
1 378 56 0 0 0 -1 0 1 0 0 0 0 1 99563.dat
0 STEP
1 378 0 72 0 -1 0 0 0 -1 0 0 0 1 99563.dat
1 71 -10 64 0 0 0 1 0 -1 0 1 0 0 4070.dat
1 71 10 64 0 0 0 -1 0 -1 0 -1 0 0 4070.dat
0 STEP
0 STEP
0 STEP
1 0 -10 48 -20 0 0 1 0 1 0 -1 0 0 2555.dat
1 0 10 48 -20 0 0 1 0 1 0 -1 0 0 2555.dat
1 0 -10 56 -20 0 0 1 0 1 0 -1 0 0 3024.dat
1 0 10 56 -20 0 0 1 0 1 0 -1 0 0 3024.dat
1 0 -10 48 -120 0 0 1 0 1 0 -1 0 0 2555.dat
1 0 10 48 -120 0 0 1 0 1 0 -1 0 0 2555.dat
1 0 -10 56 -120 0 0 1 0 1 0 -1 0 0 3024.dat
1 0 10 56 -120 0 0 1 0 1 0 -1 0 0 3024.dat
0 STEP
1 71 -10 32 -140 0 0 1 0 1 0 -1 0 0 3005.dat
1 71 10 32 -140 0 0 -1 0 1 0 1 0 0 3005.dat
0 STEP
1 0 -28 12 -50 0 1 0 1 0 0 0 0 -1 43719.dat
1 0 28 12 -50 0 -1 0 -1 0 0 0 0 -1 43719.dat
0 STEP
1 378 -52 12 -130 0 1 0 1 0 0 0 0 -1 43712.dat
1 72 -44 12 -130 0 1 0 -1 0 0 0 0 1 87580.dat
1 0 -36 12 -130 0 1 0 -1 0 0 0 0 1 87580.dat
1 72 -28 32 -130 0 1 0 -1 0 0 0 0 1 11203.dat
1 72 -28 -8 -130 0 1 0 -1 0 0 0 0 1 11203.dat
0 STEP
1 378 52 12 -130 0 -1 0 -1 0 0 0 0 -1 43712.dat
1 72 44 12 -130 0 -1 0 1 0 0 0 0 1 87580.dat
1 0 36 12 -130 0 -1 0 1 0 0 0 0 1 87580.dat
1 72 28 -8 -130 0 -1 0 1 0 0 0 0 1 11203.dat
1 72 28 32 -130 0 -1 0 1 0 0 0 0 1 11203.dat
0 STEP
1 378 -60 12 -130 0 1 0 0 0 1 1 0 0 35787.dat
1 378 -60 12 -130 0 1 0 0 0 -1 -1 0 0 35787.dat
1 378 60 12 -130 0 -1 0 -1 0 0 0 0 -1 35787.dat
1 378 60 12 -130 0 -1 0 1 0 0 0 0 1 35787.dat
0 STEP
1 0 0 23.4641 -175.3205 1 0 0 0 -0.866025 0.5 0 -0.5 -0.866025 01-foot.ldr
0 NOFILE
0 FILE 03-01-thigh.ldr
0 
0 Name: 03-01-thigh.ldr
0 Author: Nathanel Titane // nathanel.titane@gmail.com // All Rights Reserved
1 72 0 0 0 0 0 -1 0 1 0 1 0 0 92013.dat
1 0 0 24 -40 0 0 -1 0 1 0 1 0 0 3795.dat
0 STEP
1 72 0 0 -40 0 0 -1 0 1 0 1 0 0 3003.dat
1 72 0 0 -70 -1 0 0 0 1 0 0 0 -1 32064.dat
1 72 0 0 -90 -1 0 0 0 1 0 0 0 -1 32064.dat
0 STEP
1 0 0 32 -30 0 0 -1 0 1 0 1 0 0 3021.dat
1 0 -10 32 -70 0 0 1 0 1 0 -1 0 0 36840.dat
1 0 10 32 -70 0 0 -1 0 1 0 1 0 0 36840.dat
0 STEP
1 378 0 32 -90 1 0 0 0 1 0 0 0 1 32803.dat
1 378 0 40 -40 -1 0 0 0 1 0 0 0 -1 11203.dat
1 378 0 32 10 -1 0 0 0 1 0 0 0 -1 32803.dat
0 STEP
1 378 0 -8 10 1 0 0 0 1 0 0 0 1 99563.dat
1 0 -10 -8 -20 0 0 1 0 1 0 -1 0 0 93274.dat
1 0 10 -8 -20 0 0 -1 0 1 0 1 0 0 93274.dat
1 0 0 -8 -70 0 0 -1 0 1 0 1 0 0 3021.dat
0 STEP
1 0 0 -16 -40 0 0 -1 0 1 0 1 0 0 3022.dat
1 0 0 -16 -10 -1 0 0 0 1 0 0 0 -1 48336.dat
1 0 -10 -16 -70 0 0 1 0 1 0 -1 0 0 36841.dat
1 0 10 -16 -70 0 0 -1 0 1 0 1 0 0 36841.dat
0 STEP
1 378 0 -8 -80 1 0 0 0 1 0 0 0 1 15068.dat
1 378 0 -24 -40 -1 0 0 0 1 0 0 0 -1 3068b.dat
1 378 0 -24 -10 -1 0 0 0 1 0 0 0 -1 99563.dat
0 STEP
1 378 -32 12 -20 0 1 0 0 0 1 1 0 0 3020.dat
1 378 -40 12 -20 0 1 0 0 0 1 1 0 0 3022.dat
0 STEP
1 378 -32 12 -40 0 1 0 -1 0 0 0 0 1 15068.dat
1 378 -32 12 0 0 1 0 1 0 0 0 0 -1 15068.dat
0 STEP
1 378 32 12 -40 0 -1 0 0 0 -1 1 0 0 3068b.dat
1 378 32 12 0 0 -1 0 0 0 -1 1 0 0 3068b.dat
0 STEP
1 0 -10 10 -150 0 -1 0 1 0 0 0 0 1 02-shin.ldr
0 STEP
1 0 0 -27.523 13.6235 -1 0 0 0 -0.965926 0.258819 0 0.258819 0.965926 05-side-skirt.ldr
0 NOFILE
0 FILE 03-02-thigh.ldr
0 
0 Name: 03-02-thigh.ldr
0 Author: Nathanel Titane // nathanel.titane@gmail.com // All Rights Reserved
1 72 0 0 0 0 0 -1 0 1 0 1 0 0 92013.dat
1 0 0 24 -40 0 0 -1 0 1 0 1 0 0 3795.dat
0 STEP
1 72 0 0 -40 0 0 -1 0 1 0 1 0 0 3003.dat
1 72 0 0 -70 -1 0 0 0 1 0 0 0 -1 32064.dat
1 72 0 0 -90 -1 0 0 0 1 0 0 0 -1 32064.dat
0 STEP
1 0 0 32 -30 0 0 -1 0 1 0 1 0 0 3021.dat
1 0 -10 32 -70 0 0 1 0 1 0 -1 0 0 36840.dat
1 0 10 32 -70 0 0 -1 0 1 0 1 0 0 36840.dat
0 STEP
1 378 0 32 -90 1 0 0 0 1 0 0 0 1 32803.dat
1 378 0 40 -40 -1 0 0 0 1 0 0 0 -1 11203.dat
1 378 0 32 10 -1 0 0 0 1 0 0 0 -1 32803.dat
0 STEP
1 378 0 -8 10 1 0 0 0 1 0 0 0 1 99563.dat
1 0 -10 -8 -20 0 0 1 0 1 0 -1 0 0 93274.dat
1 0 10 -8 -20 0 0 -1 0 1 0 1 0 0 93274.dat
1 0 0 -8 -70 0 0 -1 0 1 0 1 0 0 3021.dat
0 STEP
1 0 0 -16 -40 0 0 -1 0 1 0 1 0 0 3022.dat
1 0 0 -16 -10 -1 0 0 0 1 0 0 0 -1 48336.dat
1 0 -10 -16 -70 0 0 1 0 1 0 -1 0 0 36841.dat
1 0 10 -16 -70 0 0 -1 0 1 0 1 0 0 36841.dat
0 STEP
1 378 0 -8 -80 1 0 0 0 1 0 0 0 1 15068.dat
1 378 0 -24 -40 -1 0 0 0 1 0 0 0 -1 3068b.dat
1 378 0 -24 -10 -1 0 0 0 1 0 0 0 -1 99563.dat
0 STEP
1 378 32 12 -20 0 -1 0 0 0 -1 1 0 0 3020.dat
1 378 40 12 -20 0 -1 0 0 0 -1 1 0 0 3022.dat
0 STEP
1 378 32 12 -40 0 -1 0 1 0 0 0 0 1 15068.dat
1 378 32 12 0 0 -1 0 -1 0 0 0 0 -1 15068.dat
0 STEP
1 378 -32 12 0 0 1 0 0 0 1 1 0 0 3068b.dat
1 378 -32 12 -40 0 1 0 0 0 1 1 0 0 3068b.dat
0 STEP
1 0 10 10 -150 0 1 0 -1 0 0 0 0 1 02-shin.ldr
0 STEP
1 0 0 -27.523 13.6235 -1 0 0 0 -0.965926 0.258819 0 0.258819 0.965926 05-side-skirt.ldr
0 NOFILE
0 FILE 04-waist.ldr
0 
0 Name: 04-waist.ldr
0 Author: Nathanel Titane // nathanel.titane@gmail.com // All Rights Reserved
1 72 -10 24 0 -1 0 0 0 1 0 0 0 -1 2420.dat
1 72 10 24 0 0 0 1 0 1 0 -1 0 0 2420.dat
0 STEP
1 72 0 0 0 -1 0 0 0 1 0 0 0 -1 85943.dat
1 72 -10 0 -30 0 0 1 0 1 0 -1 0 0 32064.dat
1 72 10 0 -30 0 0 1 0 1 0 -1 0 0 32064.dat
1 72 0 24 -40 1 0 0 0 1 0 0 0 1 99781.dat
0 STEP
1 71 -10 32 0 0 0 1 0 1 0 -1 0 0 3665.dat
1 71 10 32 0 0 0 -1 0 1 0 1 0 0 3665.dat
1 72 0 32 -30 -1 0 0 0 1 0 0 0 -1 3003.dat
0 STEP
1 0 -10 56 0 0 0 1 0 1 0 -1 0 0 87087.dat
1 0 10 56 0 0 0 -1 0 1 0 1 0 0 87087.dat
1 0 -34 66 0 0 1 0 0.965926 0 0.258819 0.258819 0 -0.965926 48729b.dat
1 0 34 66 0 0 -1 0 -0.965926 0 0.258819 -0.258819 0 -0.965926 48729b.dat
0 STEP
1 72 0 56 -20 -1 0 0 0 1 0 0 0 -1 3004.dat
1 72 0 56 -40 1 0 0 0 1 0 0 0 1 3039.dat
0 STEP
1 71 0 80 0 -1 0 0 0 1 0 0 0 -1 48336.dat
1 71 0 80 -40 0 0 1 0 1 0 -1 0 0 3021.dat
0 STEP
1 0 0 88 -30 -1 0 0 0 1 0 0 0 -1 3022.dat
1 288 0 88 -60 1 0 0 0 1 0 0 0 1 32803.dat
1 288 0 88 0 -1 0 0 0 1 0 0 0 -1 32803.dat
0 STEP
1 0 0 10 30 0 -1 0 0 0 -1 1 0 0 15100.dat
1 0 0 10 30 -1 0 0 0 0 -1 0 -1 0 4519.dat
0 STEP
1 0 -25 10 30 0 -1 0 0 0 1 -1 0 0 6632.dat
0 STEP
1 0 -15 30 30 0 -1 0 0 0 1 -1 0 0 41677.dat
1 0 0 30 30 -1 0 0 0 0 -1 0 -1 0 32062.dat
1 0 0 50 30 -1 0 0 0 0 -1 0 -1 0 4519.dat
0 STEP
1 72 0 30 30 0 -1 0 0 0 -1 1 0 0 18654.dat
1 72 0 50 30 0 -1 0 0 0 -1 1 0 0 18654.dat
0 STEP
1 0 15 30 30 0 -1 0 0 0 1 -1 0 0 41677.dat
0 STEP
1 0 25 10 30 0 -1 0 0 0 1 -1 0 0 6632.dat
0 STEP
1 71 -30 30 30 0 -1 0 0 0 1 -1 0 0 4073.dat
1 71 30 30 30 0 1 0 0 0 -1 -1 0 0 4073.dat
0 STEP
1 72 30 0 0 0 0 -1 0 1 0 1 0 0 4070.dat
1 72 -30 0 0 0 0 1 0 1 0 -1 0 0 4070.dat
0 STEP
1 72 -10 -8 0 -1 0 0 0 1 0 0 0 -1 2420.dat
1 72 10 -8 0 0 0 1 0 1 0 -1 0 0 2420.dat
1 72 0 -8 -40 1 0 0 0 1 0 0 0 1 99781.dat
0 STEP
1 71 -20 -16 0 -1 0 0 0 1 0 0 0 -1 14704.dat
1 71 20 -16 0 -1 0 0 0 1 0 0 0 -1 14704.dat
0 STEP
1 71 0 -32 0 -1 0 0 0 1 0 0 0 -1 99780.dat
1 71 -20 -24 0 0 0 1 0 1 0 -1 0 0 15672.dat
1 71 20 -24 0 0 0 -1 0 1 0 1 0 0 15672.dat
0 STEP
1 0 -10 -56 0 0 0 1 0 1 0 -1 0 0 87087.dat
1 0 10 -56 0 0 0 -1 0 1 0 1 0 0 87087.dat
1 0 -34 -46 0 0 1 0 0.965926 0 -0.258819 -0.258819 0 -0.965926 48729b.dat
1 0 34 -46 0 0 -1 0 -0.965926 0 -0.258819 0.258819 0 -0.965926 48729b.dat
1 0 0 -64 0 1 0 0 0 1 0 0 0 1 99563.dat
0 STEP
1 71 0 -32 -20 1 0 0 0 1 0 0 0 1 3039.dat
1 71 0 -40 -20 1 0 0 0 1 0 0 0 1 3794b.dat
1 71 0 -48 -20 0 0 -1 0 1 0 1 0 0 2555.dat
0 STEP
1 71 0 -74 -18 -1 0 0 0 0 -1 0 -1 0 48336.dat
1 0 -10 -73.9999 -10 0 0 1 -1 0 0 0 -1 0 36841.dat
1 0 10 -73.9999 -10 0 0 -1 1 0 0 0 -1 0 36841.dat
0 STEP
1 72 0 -73.9999 -26 -1 0 0 0 0 -1 0 -1 0 32000.dat
1 72 0 -73.9999 14 -1 0 0 0 0 -1 0 -1 0 32000.dat
0 STEP
1 288 0 -94 -2 1 0 0 0 0 1 0 -1 0 772.dat
1 288 -10 -73.9999 22 1 0 0 0 0 1 0 -1 0 28192.dat
1 288 10 -73.9999 22 1 0 0 0 0 1 0 -1 0 28192.dat
0 STEP
1 288 -10 -74 -50 1 0 0 0 0 1 0 -1 0 3665.dat
1 288 10 -74 -50 1 0 0 0 0 1 0 -1 0 3665.dat
0 STEP
1 0 0 10 -30 -1 0 0 0 0 -1 0 -1 0 3706.dat
0 STEP
1 71 -30 10 -30 0 0 1 0.707107 -0.707107 0 0.707107 0.707107 0 42610.dat
1 71 30 10 -30 0 0 -1 -0.707107 -0.707107 0 -0.707107 0.707107 0 42610.dat
0 STEP
1 0 -50 10 -30 0 1 0 0 0 -1 -1 0 0 32474.dat
1 0 50 10 -30 0 -1 0 0 0 -1 1 0 0 32474.dat
0 STEP
1 0 52.3206 58.0137 -2.1399 -0.866026 -0.5 0 0.482963 -0.836516 -0.258819 0.129409 -0.224144 0.965926 06-01-skirt.ldr
1 0 -52.3205 58.0138 -2.1399 -0.866026 0.5 0 -0.482963 -0.836516 -0.258819 -0.129409 -0.224144 0.965926 06-02-skirt.ldr
0 STEP
1 0 -67.794 10 -67.6559 0 0.984808 0.173648 -1 0 0 0 -0.173648 0.984808 03-01-thigh.ldr
1 0 67.794 10 -67.6559 0 -0.984808 -0.173648 1 0 0 0 -0.173648 0.984808 03-02-thigh.ldr
0 STEP
1 0 52.3205 -38.0138 -2.1399 0.866026 -0.5 0 0.482963 0.836516 0.258819 -0.129409 -0.224144 0.965926 06-02-skirt.ldr
1 0 -52.3206 -38.0137 -2.1399 0.866026 0.5 0 -0.482963 0.836516 0.258819 0.129409 -0.224144 0.965926 06-01-skirt.ldr
0 STEP
0 !LEOCAD PIECE PIVOT  0 -54 -20 1 0 0 0 1 0 0 0 1
1 0 0 134.3259 -4.0416 1 0 0 0 0.707107 0.707107 0 -0.707107 0.707107 19-magazine.ldr
0 NOFILE
0 FILE 05-side-skirt.ldr
0 
0 Name: 05-side-skirt.ldr
0 Author: Nathanel Titane // nathanel.titane@gmail.com // All Rights Reserved
1 288 0 0 -10 -1 0 0 0 1 0 0 0 -1 43713.dat
1 71 -10 24 0 -1 0 0 0 1 0 0 0 -1 3024.dat
1 71 10 24 0 -1 0 0 0 1 0 0 0 -1 3024.dat
1 71 0 16 -40 1 0 0 0 1 0 0 0 1 32803.dat
0 STEP
1 0 0 8 -30 1 0 0 0 1 0 0 0 1 33909.dat
1 0 0 8 30 1 0 0 0 1 0 0 0 1 33909.dat
0 STEP
1 72 0 0 -10 1 0 0 0 1 0 0 0 1 33909.dat
1 72 0 0 40 1 0 0 0 1 0 0 0 1 48336.dat
1 0 -10 -8 0 0 0 -1 0 1 0 1 0 0 2555.dat
1 0 10 -8 0 0 0 -1 0 1 0 1 0 0 2555.dat
0 STEP
1 0 -30 -8 -10 0 0 -1 0 1 0 1 0 0 3069b.dat
1 0 30 -8 -10 0 0 -1 0 1 0 1 0 0 3069b.dat
0 STEP
1 0 0 -8 70 -1 0 0 0 1 0 0 0 -1 43719.dat
1 0 0 -16 80 -1 0 0 0 1 0 0 0 -1 3069b.dat
1 0 0 0 50 1 0 0 0 1 0 0 0 1 15068.dat
0 NOFILE
0 FILE 06-01-skirt.ldr
0 
0 Name: 06-01-skirt.ldr
0 Author: Nathanel Titane // nathanel.titane@gmail.com // All Rights Reserved
1 0 0 0 0 0 0 -1 0 1 0 1 0 0 26047.dat
1 0 -12.2475 -8 -7.0711 0.965926 0 0.25882 0 1 0 -0.25882 0 0.965926 41769.dat
0 STEP
1 288 -18.1174 -32 -67.6149 -0.965926 0 -0.25882 0 1 0 0.25882 0 -0.965926 42022.dat
1 0 -8.4582 -8 -70.203 -0.965926 0 -0.25882 0 1 0 0.25882 0 -0.965926 24307.dat
0 STEP
1 0 26.3896 -16 -17.4238 -0.965926 0 -0.25882 0 1 0 0.25882 0 -0.965926 41769.dat
1 0 10.8604 -16 -75.3794 -0.25882 0 0.965926 0 1 0 -0.965926 0 -0.25882 3022.dat
1 288 1.2011 -40 -72.7913 -0.965926 0 -0.25882 0 1 0 0.25882 0 -0.965926 41747.dat
0 STEP
1 71 -8.4582 -32 -70.2031 -0.25882 0 0.965926 0 1 0 -0.965926 0 -0.25882 15068.dat
0 NOFILE
0 FILE 06-02-skirt.ldr
0 
0 Name: 06-02-skirt.ldr
0 Author: Nathanel Titane // nathanel.titane@gmail.com // All Rights Reserved
0 STEP
0 STEP
0 STEP
1 0 0 0 0 0 0 1 0 1 0 -1 0 0 26047.dat
1 0 12.2474 -8 -7.0711 0.965926 0 -0.258818 0 1 0 0.258818 0 0.965926 41770.dat
1 288 18.1173 -32 -67.615 -0.965926 0 0.258818 0 1 0 -0.258818 0 -0.965926 42022.dat
1 0 8.458 -8 -70.2031 -0.965926 0 0.258818 0 1 0 -0.258818 0 -0.965926 24299.dat
1 0 -26.3896 -16 -17.4238 -0.965926 0 0.258818 0 1 0 -0.258818 0 -0.965926 41770.dat
1 0 -10.8605 -16 -75.3794 0.258818 0 0.965926 0 1 0 -0.965926 0 0.258818 3022.dat
1 288 -1.2012 -40 -72.7914 -0.965926 0 0.258818 0 1 0 -0.258818 0 -0.965926 41748.dat
1 71 8.458 -32 -70.2031 -0.258818 0 -0.965926 0 1 0 0.965926 0 -0.258818 15068.dat
0 NOFILE
0 FILE 07-cockpit.ldr
0 
0 Name: 07-cockpit.ldr
0 Author: Nathanel Titane // nathanel.titane@gmail.com // All Rights Reserved
1 72 0 0 0 1 0 0 0 1 0 0 0 1 27168.dat
1 14 -50 -44 0 0 0.984808 0.173648 0 -0.173648 0.984808 1 0 0 2851.dat
1 14 50 -44 0 0 -0.984808 0.173648 0 -0.173648 -0.984808 1 0 0 2851.dat
0 STEP
1 4 -20 -28 32 -1 0 0 0 0 -1 0 -1 0 26601.dat
1 4 20 -28 32 0 0 -1 1 0 0 0 -1 0 26601.dat
1 4 0 2 32 -1 0 0 0 0 -1 0 -1 0 99780.dat
0 STEP
1 71 0 2 40 -1 0 0 0 0 -1 0 -1 0 3023.dat
1 71 0 -48 40 0 0 1 -1 0 0 0 -1 0 3020.dat
0 STEP
1 71 0 -68 48 0 0 1 -1 0 0 0 -1 0 87580.dat
1 71 0 -68 56 0 0 1 -1 0 0 0 -1 0 3022.dat
0 STEP
1 71 -10 -8 48 0 0 1 -1 0 0 0 -1 0 14704.dat
1 71 10 -8 48 0 0 -1 1 0 0 0 -1 0 14704.dat
0 STEP
1 4 0 -38 40 1 0 0 0 0 1 0 -1 0 85984.dat
1 4 0 -8 56 1 0 0 0 0 1 0 -1 0 3068b.dat
0 STEP
1 0 -30 -38 40 0 0 1 -1 0 0 0 -1 0 36841.dat
1 0 30 -38 40 0 0 -1 1 0 0 0 -1 0 36841.dat
0 STEP
1 72 -32 -68 18 0 -1 0 -1 0 0 0 0 -1 99207.dat
1 72 32 -68 18 0 1 0 1 0 0 0 0 -1 99207.dat
1 72 -32 -68 18 0 -1 0 1 0 0 0 0 1 85984.dat
1 72 32 -68 18 0 1 0 -1 0 0 0 0 1 85984.dat
0 STEP
1 72 -30 -68 56 0 0 1 -1 0 0 0 -1 0 32000.dat
1 72 30 -68 56 0 0 1 -1 0 0 0 -1 0 32000.dat
0 STEP
1 0 -30 -58 64 -1 0 0 0 0 -1 0 -1 0 28192.dat
1 0 30 -58 64 -1 0 0 0 0 -1 0 -1 0 28192.dat
0 STEP
1 0 0 -58 64 -1 0 0 0 0 -1 0 -1 0 48336.dat
1 0 -20 -78 64 1 0 0 0 0 1 0 -1 0 60470.dat
1 0 20 -78 64 1 0 0 0 0 1 0 -1 0 60470.dat
0 STEP
1 1 -20 -68 88 -1 0 0 0 0 -1 0 -1 0 87620.dat
1 1 20 -68 88 0 0 -1 1 0 0 0 -1 0 87620.dat
1 1 -30 -58 96 0 0 1 -1 0 0 0 -1 0 27263.dat
1 1 30 -58 96 -1 0 0 0 0 -1 0 -1 0 27263.dat
0 STEP
1 0 -50 -58 46 -1 0 0 0 0 -1 0 -1 0 18651.dat
1 0 -50 -78 46 -1 0 0 0 0 -1 0 -1 0 18651.dat
0 STEP
1 0 50 -58 46 1 0 0 0 0 -1 0 1 0 18651.dat
1 0 50 -78 46 1 0 0 0 0 -1 0 1 0 18651.dat
0 STEP
1 0 -60 -38 66 -1 0 0 0 -1 0 0 0 1 92907.dat
1 0 60 -38 66 -1 0 0 0 -1 0 0 0 1 92907.dat
1 0 -60.0001 -98 46 0 0 1 0 1 0 -1 0 0 18651.dat
1 0 60 -98 46 0 0 1 0 1 0 -1 0 0 18651.dat
1 0 -60 -78 46 0 0 -1 0 1 0 1 0 0 42003.dat
1 0 60 -78 46 0 0 -1 0 1 0 1 0 0 42003.dat
0 STEP
1 0 -55 -78 66 0 1 0 0 0 1 1 0 0 41677.dat
1 0 -65 -78 66 0 1 0 0 0 1 1 0 0 41677.dat
1 0 55 -78 66 0 -1 0 0 0 1 -1 0 0 41677.dat
1 0 65 -78 66 0 -1 0 0 0 1 -1 0 0 41677.dat
1 0 -60 -58 66 1 0 0 0 -1 0 0 0 -1 32062.dat
1 0 60 -58 66 1 0 0 0 -1 0 0 0 -1 32062.dat
0 STEP
1 0 -60 -98 66 1 0 0 0 1 0 0 0 1 92907.dat
1 0 60 -98 66 1 0 0 0 1 0 0 0 1 92907.dat
1 0 -60 -98 16 0 1 0 0 0 1 1 0 0 32174.dat
1 0 60 -98 16 0 1 0 0 0 1 1 0 0 32174.dat
1 0 -60 -78 66 1 0 0 0 0 1 0 -1 0 32062.dat
1 0 60 -78 66 1 0 0 0 0 1 0 -1 0 32062.dat
0 STEP
1 0 -10 -35 67.1962 0 0 1 0.866026 0.5 0 -0.5 0.866026 0 2555.dat
1 0 10 -35 67.1961 0 0 1 0.866026 0.5 0 -0.5 0.866026 0 2555.dat
1 0 -10 -31 74.1243 0 0 1 0.866026 0.5 0 -0.5 0.866026 0 3005.dat
1 0 10 -31 74.1243 0 0 1 0.866026 0.5 0 -0.5 0.866026 0 3005.dat
0 STEP
1 0 0 -10 -32 1 0 0 0 0 -1 0 1 0 08-bottom-hatch.ldr
0 STEP
1 0 -30 -96 32 -1 0 0 0 -1 0 0 0 1 09-01-hatch-hinge.ldr
1 0 30 -96 32 -1 0 0 0 -1 0 0 0 1 09-02-hatch-hinge.ldr
0 STEP
0 !LEOCAD PIECE PIVOT  0 10 -10 1 0 0 0 1 0 0 0 1
1 0 0 -64.664 -51.26 1 0 0 0 -0.087156 -0.996195 0 0.996195 -0.087156 09-03-front-hatch.ldr
0 STEP
1 0 0 -96 42 -1 0 0 0 -1 0 0 0 1 09-04-top-hatch.ldr
0 STEP
1 0 0 -102 21 1 0 0 0 1 0 0 0 1 11-head.ldr
0 STEP
1 0 -60 -118 16 0 -1 0 1 0 0 0 0 1 12-shoulder-joint.ldr
1 0 60 -118 16 0 1 0 -1 0 0 0 0 1 12-shoulder-joint.ldr
0 STEP
0 !LEOCAD PIECE PIVOT  0 10 40 1 0 0 0 1 0 0 0 1
1 0 -129.3424 -89.5454 25.3302 -0.066987 0.868308 0.491481 0.25 0.491481 -0.834234 -0.965926 0.066988 -0.25 13-01-arm.ldr
0 !LEOCAD PIECE PIVOT  0 10 40 1 0 0 0 1 0 0 0 1
1 0 129.3424 -89.5454 25.3302 -0.066987 -0.868308 -0.491481 -0.25 0.491481 -0.834234 0.965926 0.066988 -0.25 13-02-arm.ldr
0 STEP
1 0 0 -68 80 1 0 0 0 0 1 0 -1 0 17-01-back-pack.ldr
0 STEP
0 NOFILE
0 FILE 08-bottom-hatch.ldr
0 
0 Name: 08-bottom-hatch.ldr
0 Author: Nathanel Titane // nathanel.titane@gmail.com // All Rights Reserved
1 71 0 0 0 1 0 0 0 1 0 0 0 1 48336.dat
1 71 0 8 20 -1 0 0 0 1 0 0 0 -1 6134.dat
1 71 0 0 20 -1 0 0 0 1 0 0 0 -1 99781.dat
1 71 0 10 34 1 0 0 0 0 1 0 -1 0 85984.dat
0 STEP
1 0 -10 -8 10 0 0 1 0 1 0 -1 0 0 99781.dat
1 0 10 -8 10 0 0 -1 0 1 0 1 0 0 99781.dat
0 STEP
1 0 -48 2 20 0 1 0 -1 0 0 0 0 1 3005.dat
1 0 48 2 20 0 -1 0 1 0 0 0 0 1 3005.dat
1 0 -24 2 0 0 1 0 0 0 -1 -1 0 0 54200.dat
1 0 24 2 0 0 -1 0 0 0 -1 1 0 0 54200.dat
0 STEP
1 378 -40 2 10 0 1 0 -1 0 0 0 0 1 29119.dat
1 378 40 2 10 0 -1 0 1 0 0 0 0 1 29120.dat
0 STEP
1 288 -20 -16 20 0 0 1 0 1 0 -1 0 0 92946.dat
1 288 20 -16 20 0 0 -1 0 1 0 1 0 0 92946.dat
1 0 0 -40 20 -1 0 0 0 1 0 0 0 -1 3937.dat
0 STEP
1 288 0 -32 0 1 0 0 0 1 0 0 0 1 47759.dat
1 0 0 -40 0 1 0 0 0 1 0 0 0 1 99563.dat
0 STEP
0 !LEOCAD GROUP BEGIN Group #1
0 !LEOCAD PIECE PIVOT  0 10 0 1 0 0 0 1 0 0 0 1
1 71 0 -39.8481 21.7365 -1 0 0 0 0.984808 -0.173648 0 -0.173648 -0.984808 6134.dat
1 0 0 -59.078 4.8187 1 0 0 0 0.984808 0.173648 0 -0.173648 0.984808 99206.dat
1 288 0 -49.463 13.2776 -1 0 0 0 0.984808 -0.173648 0 -0.173648 -0.984808 15068.dat
0 STEP
1 0 -10 -59.0732 -29.7067 -1 0 0 0 0.173648 0.984808 0 0.984808 -0.173648 26604.dat
1 0 10 -59.0732 -29.7067 0 0 -1 -0.984808 0.173648 0 0.173648 0.984808 0 26604.dat
0 STEP
1 288 0 -60.4624 -37.5851 -1 0 0 0 0.173648 0.984808 0 0.984808 -0.173648 99563.dat
1 288 0 -75.0632 -16.7329 -1 0 0 0 0.984808 -0.173648 0 -0.173648 -0.984808 99563.dat
0 STEP
1 0 -44 -57.3367 -19.8586 0 1 0 0.573576 0 -0.819152 -0.819152 0 -0.573576 98100.dat
1 0 44 -57.3367 -19.8586 0 -1 0 0.819152 0 -0.573576 0.573576 0 0.819152 98100.dat
0 !LEOCAD GROUP END
0 NOFILE
0 FILE 09-01-hatch-hinge.ldr
0 
0 Name: 09-01-hatch-hinge.ldr
0 Author: Nathanel Titane // nathanel.titane@gmail.com // All Rights Reserved
1 0 0 0 0 0 0 1 0 1 0 -1 0 0 18649.dat
1 0 0 -8 0 0 0 -1 0 1 0 1 0 0 3069b.dat
0 STEP
1 0 0 8 0 0 0 -1 0 1 0 1 0 0 99780.dat
0 STEP
1 0 0 16 10 -1 0 0 0 1 0 0 0 -1 24201.dat
1 71 0 16 -10 0 0 -1 0 1 0 1 0 0 3024.dat
0 STEP
1 0 0 -19.2132 -37.0711 -1 0 0 0 0.707107 -0.707107 0 -0.707107 -0.707107 60476.dat
1 0 0 -43.2548 -27.1716 0 0 1 -0.707107 0.707107 0 -0.707107 -0.707107 0 15571.dat
1 0 0 -33.3553 -51.2132 -1 0 0 0 0.707107 -0.707107 0 -0.707107 -0.707107 6541.dat
0 STEP
1 71 0 -2.2426 -54.0416 -1 0 0 0 0.707107 -0.707107 0 -0.707107 -0.707107 4081b.dat
1 0 0 -16.3848 -68.1838 1 0 0 0 0.707107 0.707107 0 -0.707107 0.707107 24201.dat
0 STEP
1 0 0 -40.4264 -72.4264 0 1 0 0.707107 0 0.707107 0.707107 0 -0.707107 15100.dat
1 0 -10 -40.4264 -72.4264 1 0 0 0 0.707107 -0.707107 0 0.707107 0.707107 2780.dat
0 NOFILE
0 FILE 09-02-hatch-hinge.ldr
0 
0 Name: 09-02-hatch-hinge.ldr
0 Author: Nathanel Titane // nathanel.titane@gmail.com // All Rights Reserved
1 0 0 0 0 0 0 1 0 1 0 -1 0 0 18649.dat
1 0 0 -8 0 0 0 -1 0 1 0 1 0 0 3069b.dat
0 STEP
1 0 0 8 0 0 0 1 0 1 0 -1 0 0 99780.dat
0 STEP
1 0 0 16 10 -1 0 0 0 1 0 0 0 -1 24201.dat
1 71 0 16 -10 0 0 -1 0 1 0 1 0 0 3024.dat
0 STEP
1 0 0 -19.2132 -37.0711 -1 0 0 0 0.707107 -0.707107 0 -0.707107 -0.707107 60476.dat
1 0 0 -43.2548 -27.1716 0 0 -1 0.707107 0.707107 0 0.707107 -0.707107 0 15571.dat
1 0 0 -33.3553 -51.2132 -1 0 0 0 0.707107 -0.707107 0 -0.707107 -0.707107 6541.dat
0 STEP
1 71 0 -2.2426 -54.0416 -1 0 0 0 0.707107 -0.707107 0 -0.707107 -0.707107 4081b.dat
1 0 0 -16.3848 -68.1838 1 0 0 0 0.707107 0.707107 0 -0.707107 0.707107 24201.dat
0 STEP
1 0 0 -40.4264 -72.4264 0 1 0 0.707107 0 0.707107 0.707107 0 -0.707107 15100.dat
1 0 10 -40.4264 -72.4264 1 0 0 0 0.707107 -0.707107 0 0.707107 0.707107 2780.dat
0 NOFILE
0 FILE 09-03-front-hatch.ldr
0 
0 Name: 09-03-front-hatch.ldr
0 Author: Nathanel Titane // nathanel.titane@gmail.com // All Rights Reserved
1 71 -10 0 0 0 0 1 0 1 0 -1 0 0 18677.dat
1 71 10 0 0 0 0 1 0 1 0 -1 0 0 18677.dat
1 72 0 0 30 -1 0 0 0 1 0 0 0 -1 32803.dat
0 STEP
1 71 0 -8 10 1 0 0 0 1 0 0 0 1 3023.dat
1 71 0 -4 40 -1 0 0 0 0 1 0 1 0 41682.dat
0 STEP
1 71 0 6 48 0 0 1 1 0 0 0 1 0 3021.dat
1 0 0 36 40 0 0 1 1 0 0 0 1 0 3068b.dat
0 STEP
1 0 0 46 48 1 0 0 0 0 -1 0 1 0 32803.dat
1 0 0 -4 56 1 0 0 0 0 -1 0 1 0 11203.dat
0 STEP
1 0 0 -16 20 1 0 0 0 1 0 0 0 1 3795.dat
0 STEP
1 71 -30 -8 40 0 0 -1 0 1 0 1 0 0 18677.dat
1 71 30 -8 40 0 0 -1 0 1 0 1 0 0 18677.dat
1 71 -30 -8 10 1 0 0 0 1 0 0 0 1 24201.dat
1 71 30 -8 10 1 0 0 0 1 0 0 0 1 24201.dat
0 STEP
1 0 30 -16 50 1 0 0 0 1 0 0 0 1 3024.dat
1 0 -30 -16 50 1 0 0 0 1 0 0 0 1 3024.dat
0 STEP
1 0 0 -24 20 1 0 0 0 1 0 0 0 1 3020.dat
1 0 0 -32 20 1 0 0 0 1 0 0 0 1 3022.dat
0 STEP
1 0 0 -16 50 0 0 1 0 1 0 -1 0 0 93273.dat
0 STEP
1 0 -20 -24 20 0 0 1 0 1 0 -1 0 0 15068.dat
1 0 -60 -8 20 0 0 1 0 1 0 -1 0 0 15068.dat
1 0 20 -24 20 0 0 -1 0 1 0 1 0 0 15068.dat
1 0 60 -8 20 0 0 -1 0 1 0 1 0 0 15068.dat
0 STEP
1 0 0 -24 -10 1 0 0 0 1 0 0 0 1 3004.dat
1 0 -20 -16 -10 0 0 1 0 1 0 -1 0 0 29120.dat
1 0 20 -16 -10 0 0 -1 0 1 0 1 0 0 29119.dat
0 STEP
1 288 -60 -8 10 1 0 0 0 1 0 0 0 1 3039.dat
1 288 -60 -8 30 -1 0 0 0 1 0 0 0 -1 3298.dat
1 288 60 -8 10 1 0 0 0 1 0 0 0 1 3039.dat
1 288 60 -8 30 -1 0 0 0 1 0 0 0 -1 3298.dat
0 STEP
1 288 -60 16 30 1 0 0 0 1 0 0 0 1 3747b.dat
1 288 -60 16 60 1 0 0 0 1 0 0 0 1 3003.dat
1 288 60 16 60 1 0 0 0 1 0 0 0 1 3003.dat
1 288 60 16 30 1 0 0 0 1 0 0 0 1 3747b.dat
0 STEP
1 4 -70 40 70 0 0 1 0 1 0 -1 0 0 36840.dat
1 4 -50 40 70 0 0 -1 0 1 0 1 0 0 36840.dat
1 72 -60 40 40 -1 0 0 0 1 0 0 0 -1 11203.dat
1 4 50 40 70 0 0 1 0 1 0 -1 0 0 36840.dat
1 4 70 40 70 0 0 -1 0 1 0 1 0 0 36840.dat
1 72 60 40 40 -1 0 0 0 1 0 0 0 -1 11203.dat
0 STEP
1 71 -60 48 70 1 0 0 0 1 0 0 0 1 3938.dat
0 STEP
1 71 60 48 70 1 0 0 0 1 0 0 0 1 3938.dat
0 STEP
0 !LEOCAD PIECE PIVOT  0 10 0 1 0 0 0 1 0 0 0 1
1 288 -60 48.0381 70.8716 1 0 0 0 0.996195 0.087156 0 -0.087156 0.996195 3937.dat
1 288 60 48.0381 70.8716 1 0 0 0 0.996195 0.087156 0 -0.087156 0.996195 3937.dat
1 288 60 71.9467 68.7798 -1 0 0 0 0.996195 -0.087156 0 -0.087156 -0.996195 3004.dat
1 288 -60 71.9467 68.7798 -1 0 0 0 0.996195 -0.087156 0 -0.087156 -0.996195 3004.dat
0 STEP
1 288 -50 95.8554 66.6881 0 0 1 -0.087156 0.996195 0 -0.996195 -0.087156 0 3665.dat
0 STEP
1 288 50 95.8554 66.6881 0 0 -1 0.087156 0.996195 0 0.996195 -0.087156 0 3665.dat
0 NOFILE
0 FILE 09-04-top-hatch.ldr
0 
0 Name: 09-04-top-hatch.ldr
0 Author: Nathanel Titane // nathanel.titane@gmail.com // All Rights Reserved
1 0 0 0 0 -1 0 0 0 1 0 0 0 -1 48336.dat
1 0 0 0 -30 1 0 0 0 1 0 0 0 1 11203.dat
0 STEP
1 72 0 -8 -10 1 0 0 0 1 0 0 0 1 3068b.dat
1 72 0 -8 -40 1 0 0 0 1 0 0 0 1 99563.dat
0 STEP
1 72 0 8 10 -1 0 0 0 1 0 0 0 -1 33909.dat
1 71 0 16 0 1 0 0 0 1 0 0 0 1 14704.dat
1 72 0 16 20 -1 0 0 0 1 0 0 0 -1 32803.dat
0 STEP
0 NOFILE
0 FILE 10-01-actuator.ldr
0 
0 Name: 10-01-actuator.ldr
0 Author: Nathanel Titane // nathanel.titane@gmail.com // All Rights Reserved
1 0 0 0 0 0 0 -1 0 1 0 1 0 0 15100.dat
1 0 0 10 0 0 -1 0 -1 0 0 0 0 -1 6628.dat
