0 FILE 00-instructions.ldr
0 Name: 00-instructions.ldr
0 Author: Nathanel Titane // nathanel.titane@gmail.com // All Rights Reserved
0
0 // LPUB[3D] FRONT COVER PAGE /////////////////////////////////////////////////
0
0 !LPUB PAGE DOCUMENT_TITLE_FRONT COLOR "#666666"
0 !LPUB PAGE DOCUMENT_TITLE_FRONT CONTENT GLOBAL "MODEL // TACHIKOMA"
0 !LPUB PAGE DOCUMENT_TITLE_FRONT DISPLAY GLOBAL TRUE
0 !LPUB PAGE DOCUMENT_TITLE_FRONT FONT "Noto Sans,72,-1,0,75,0,0,0,0,0,Bold"
0 !LPUB PAGE DOCUMENT_TITLE_FRONT MARGINS 0.2500 0.1000
0 !LPUB PAGE DOCUMENT_TITLE_FRONT PLACEMENT GLOBAL TOP_LEFT PAGE INSIDE OFFSET 0.0000 0.0000

0 !LPUB PAGE DOCUMENT_AUTHOR_FRONT CONTENT GLOBAL "MODEL DESIGN AND INSTRUCTIONS // NATHANEL TITANE"
0 !LPUB PAGE DOCUMENT_AUTHOR_FRONT COLOR "#666666"
0 !LPUB PAGE DOCUMENT_AUTHOR_FRONT DISPLAY GLOBAL TRUE
0 !LPUB PAGE DOCUMENT_AUTHOR_FRONT FONT "Noto Sans,18,-1,0,75,0,0,0,0,0,Bold"
0 !LPUB PAGE DOCUMENT_AUTHOR_FRONT MARGINS 0.3000 1.0000
0 !LPUB PAGE DOCUMENT_AUTHOR_FRONT PLACEMENT TOP_LEFT PAGE INSIDE OFFSET 0.0000 0.0000

0 !LPUB PAGE MODEL_PARTS COLOR "#666666"
0 !LPUB PAGE MODEL_PARTS CONTENT GLOBAL "326 PIECES"
0 !LPUB PAGE MODEL_PARTS DISPLAY GLOBAL TRUE
0 !LPUB PAGE MODEL_PARTS FONT "Noto Sans,72,-1,0,75,0,0,0,0,0,Bold"
0 !LPUB PAGE MODEL_PARTS MARGINS 0.2500 0.1000
0 !LPUB PAGE MODEL_PARTS PLACEMENT GLOBAL BOTTOM_LEFT PAGE INSIDE OFFSET 0.0000 0.0000

0 !LPUB PAGE PUBLISH_DESCRIPTION COLOR "#666666"
0 !LPUB PAGE PUBLISH_DESCRIPTION CONTENT GLOBAL "LEGO // LINUX - Where Lego and Linux Meet"
0 !LPUB PAGE PUBLISH_DESCRIPTION DISPLAY GLOBAL TRUE
0 !LPUB PAGE PUBLISH_DESCRIPTION FONT "Noto Sans,36,-1,0,75,0,0,0,0,0,Bold"
0 !LPUB PAGE PUBLISH_DESCRIPTION MARGINS 0.2000 0.2000
0 !LPUB PAGE PUBLISH_DESCRIPTION PLACEMENT GLOBAL BOTTOM_RIGHT PAGE INSIDE OFFSET 0.0000 0.0000
0
0 // LPUB[3D] BACK COVER PAGE //////////////////////////////////////////////////
0
0 // LPUB[3D] DOCUMENT DISCLAIMER
0 !LPUB PAGE LEGO_DISCLAIMER COLOR "#666666"
0 !LPUB PAGE LEGO_DISCLAIMER CONTENT GLOBAL "LEGO® // REGISTERED TRADEMARK OF THE LEGO GROUP"
0 !LPUB PAGE LEGO_DISCLAIMER DISPLAY GLOBAL TRUE
0 !LPUB PAGE LEGO_DISCLAIMER FONT "Noto Sans,36,-1,0,75,0,0,0,0,0,Bold"
0 !LPUB PAGE LEGO_DISCLAIMER PLACEMENT GLOBAL CENTER PAGE INSIDE OFFSET 0.0000 -0.2500
0
0 // LPUB[3D] PAGE DOCUMENT AUTHOR
0 !LPUB PAGE DOCUMENT_AUTHOR_BACK COLOR "#666666"
0 !LPUB PAGE DOCUMENT_AUTHOR_BACK CONTENT GLOBAL "MODEL DESIGN AND INSTRUCTIONS // NATHANEL TITANE"
0 !LPUB PAGE DOCUMENT_AUTHOR_BACK DISPLAY GLOBAL TRUE
0 !LPUB PAGE DOCUMENT_AUTHOR_BACK FONT "Noto Sans,36,-1,0,75,0,0,0,0,0,Bold"
0 !LPUB PAGE DOCUMENT_AUTHOR_BACK PLACEMENT CENTER PAGE INSIDE OFFSET 0.0000 -0.2000
0
0 // LPUB[3D] PAGE PUBLICATION COPYRIGHT
0 !LPUB PAGE PUBLISH_COPYRIGHT_BACK COLOR "#666666"
0 !LPUB PAGE PUBLISH_COPYRIGHT_BACK CONTENT GLOBAL "COPYRIGHT // ALL RIGHTS RESERVED"
0 !LPUB PAGE PUBLISH_COPYRIGHT_BACK DISPLAY GLOBAL TRUE
0 !LPUB PAGE PUBLISH_COPYRIGHT_BACK FONT "Noto Sans,36,-1,0,75,0,0,0,0,0,Bold"
0 !LPUB PAGE PUBLISH_COPYRIGHT_BACK PLACEMENT GLOBAL CENTER PAGE INSIDE OFFSET 0.0000 -0.1500
0
0 // LPUB[3D] PAGE PUBLICATION EMAIL
0 !LPUB PAGE PUBLISH_EMAIL_BACK COLOR "#666666"
0 !LPUB PAGE PUBLISH_EMAIL_BACK CONTENT GLOBAL "CONTACT // NATHANEL.TITANE@GMAIL.COM // INFO@LEGOLINUX.COM"
0 !LPUB PAGE PUBLISH_EMAIL_BACK DISPLAY GLOBAL TRUE
0 !LPUB PAGE PUBLISH_EMAIL_BACK FONT "Noto Sans,18,-1,0,75,0,0,0,0,0,Bold"
0 !LPUB PAGE PUBLISH_EMAIL_BACK PLACEMENT GLOBAL CENTER PAGE INSIDE OFFSET 0.0000 -0.0500
0
0 // LPUB[3D] PAGE PUBLICATION URL
0 !LPUB PAGE PUBLISH_URL_BACK COLOR "#666666"
0 !LPUB PAGE PUBLISH_URL_BACK CONTENT GLOBAL "WEB // HTTPS://LEGOLINUX.COM/MODELS/THINK-TANKS/TACHIKOMA"
0 !LPUB PAGE PUBLISH_URL_BACK DISPLAY GLOBAL TRUE
0 !LPUB PAGE PUBLISH_URL_BACK FONT "Noto Sans,18,-1,0,75,0,0,0,0,0,Bold"
0 !LPUB PAGE PUBLISH_URL_BACK PLACEMENT GLOBAL CENTER PAGE INSIDE OFFSET 0.0000 -0.0250
0
0 // LPUB[3D] PAGE LOGO
0 !LPUB PAGE DOCUMENT_LOGO_BACK DISPLAY GLOBAL TRUE
0 !LPUB PAGE DOCUMENT_LOGO_BACK FILE GLOBAL "/media/internal/Lego/lpub3d/instructions/logo.png"
0 !LPUB PAGE DOCUMENT_LOGO_BACK PLACEMENT CENTER PAGE INSIDE OFFSET 0.0000 0.45000
0 !LPUB PAGE DOCUMENT_LOGO_BACK SCALE GLOBAL  1.0000
0
0 // LPUB[3D] CONFIGURATION ////////////////////////////////////////////////////
0
0 // LPUB[3D] PAGE WATERMARK
0 !LPUB PAGE PUBLISH_EMAIL CONTENT GLOBAL "CONTACT // NATHANEL.TITANE@GMAIL.COM // INFO@LEGOLINUX.COM"
0 !LPUB PAGE PUBLISH_EMAIL COLOR "#666666"
0 !LPUB PAGE PUBLISH_EMAIL DISPLAY GLOBAL TRUE
0 !LPUB PAGE PUBLISH_EMAIL FONT "Noto Sans,18,-1,0,75,0,0,0,0,0,Bold"
0 !LPUB PAGE PUBLISH_EMAIL MARGINS 0.0000 0.1500
0 !LPUB PAGE PUBLISH_EMAIL PLACEMENT GLOBAL BOTTOM PAGE INSIDE OFFSET 0.0000 0.0000
0 !LPUB PAGE DOCUMENT_AUTHOR CONTENT GLOBAL "MODEL DESIGN AND INSTRUCTIONS // NATHANEL TITANE"
0 !LPUB PAGE DOCUMENT_AUTHOR COLOR "#666666"
0 !LPUB PAGE DOCUMENT_AUTHOR DISPLAY GLOBAL TRUE
0 !LPUB PAGE DOCUMENT_AUTHOR FONT "Noto Sans,18,-1,0,75,0,0,0,0,0,Bold"
0 !LPUB PAGE DOCUMENT_AUTHOR MARGINS 0.0000 0.2000
0 !LPUB PAGE DOCUMENT_AUTHOR PLACEMENT GLOBAL TOP PAGE INSIDE OFFSET 0.0000 0.0000
0
0 // LPUB[3D] STEPS HIGHLIGHT
0 !LPUB HIGHLIGHT_STEP ENABLED GLOBAL TRUE
0 !LPUB HIGHLIGHT_STEP COLOR GLOBAL "#7137C8"
0
0 // LPUB[3D] STEP FADE
0 !LPUB FADE_STEP OPACITY GLOBAL "50"
0 !LPUB FADE_STEP COLOR GLOBAL "Trans_Black"
0 !LPUB FADE_STEP ENABLED GLOBAL TRUE
0 !LPUB FINAL_MODEL_ENABLED GLOBAL TRUE
0
0 // LPUB[3D] SUBMODEL PREVIEW
0 !LPUB SUBMODEL_DISPLAY SHOW GLOBAL TRUE
0 !LPUB SUBMODEL_DISPLAY BACKGROUND COLOR "#DDDDDD"
0 !LPUB SUBMODEL_DISPLAY MARGINS 0.1500 0.7500
0 !LPUB SUBMODEL_DISPLAY BORDER SQUARE 0 Black 0.031 MARGINS 0.050 0.050
0 !LPUB SUBMODEL_DISPLAY PLACEMENT GLOBAL LEFT PAGE INSIDE
0 !LPUB SUBMODEL_DISPLAY CAMERA_ANGLES 30.0000 45.0000
0
0 // LPUB[3D] ASSEMBLIES
0 !LPUB ASSEM CAMERA_ANGLES 30.0000 45.0000
0 !LPUB ASSEM MARGINS 0.5000 0.5000
0 !LPUB ASSEM MODEL_SCALE 1.0000
0 !LPUB ASSEM PLACEMENT CENTER PAGE INSIDE OFFSET 0.0000 0.0000
0
0 // LPUB[3D] BILL OF MATERIALS
0 !LPUB BOM BACKGROUND COLOR "#DDDDDD"
0 !LPUB BOM BORDER SQUARE 0 #666666 0.025 MARGINS 0.050 0.050
0 !LPUB BOM CONSTRAIN HEIGHT 13.0000
0 !LPUB BOM CONSTRAIN SQUARE
0 !LPUB BOM PLACEMENT CENTER PAGE INSIDE OFFSET 0.0000 0.0000
0
0 // LPUB[3D] CALLOUTS
0 !LPUB CALLOUT BORDER SQUARE 0 #666666 0.025 MARGINS 0.050 0.050
0 !LPUB CALLOUT MARGINS 0.1250 0.1250
0 !LPUB CALLOUT PLACEMENT RIGHT PAGE INSIDE OFFSET 0.0000 0.0000
0
0 // LPUB[3D] PAGE
0 !LPUB PAGE DOCUMENT_COVER_IMAGE DISPLAY GLOBAL TRUE
0 !LPUB PAGE DOCUMENT_COVER_IMAGE FILE GLOBAL "../renders/flat/flat.png"
0 !LPUB PAGE DOCUMENT_COVER_IMAGE FILL GLOBAL ASPECT
0 !LPUB PAGE DOCUMENT_COVER_IMAGE MARGINS GLOBAL 0.0000 0.0000
0 !LPUB PAGE DOCUMENT_COVER_IMAGE PLACEMENT GLOBAL CENTER PAGE INSIDE OFFSET 0.0000 0.0000
0 !LPUB PAGE DOCUMENT_COVER_IMAGE SCALE GLOBAL 1.0000
0
0 // LPUB[3D] PAGE NUMBER
0 !LPUB PAGE NUMBER FONT "Noto Sans,36,-1,0,75,0,0,0,0,0,Bold"
0 !LPUB PAGE NUMBER FONT_COLOR "#666666"
0 !LPUB PAGE NUMBER MARGINS 0.1250 0.1250
0 !LPUB PAGE NUMBER PLACEMENT BOTTOM_RIGHT PAGE INSIDE OFFSET 0.0000 0.0000
0
0 // LPUB[3D] PAGE SETUP
0 !LPUB PAGE BORDER GLOBAL NONE 0 MARGINS 0.000 0.000
0 !LPUB PAGE ENABLE_TEXT_PLACEMENT GLOBAL CENTER PAGE INSIDE OFFSET 0.0000 0.0000
0 !LPUB PAGE TEXT_PLACEMENT GLOBAL TRUE
0 !LPUB PAGE PAGE_FOOTER SIZE GLOBAL 32.0000 0.5000
0 !LPUB PAGE PAGE_HEADER SIZE GLOBAL 32.0000 0.5000
0 !LPUB PAGE MARGINS GLOBAL 0.0000 0.0000
0 !LPUB PAGE ORIENTATION GLOBAL LANDSCAPE
0 !LPUB PAGE SIZE GLOBAL 16.0000 32.0000
0
0 // LPUB[3D] PAGE COLORS
0 !LPUB PAGE SUBMODEL_BACKGROUND_COLOR GLOBAL "#DDDDDD" "#FFE680" "#FFAAAA" "#C6AFE9"
0
0 // LPUB[3D] SUBMODELS
0 !LPUB PAGE SUBMODEL_INSTANCE_COUNT FONT_COLOR "#FF5555"
0 !LPUB PAGE SUBMODEL_INSTANCE_COUNT FONT "Noto Sans,72,-1,0,75,0,0,0,0,0,Bold"
0 !LPUB PAGE SUBMODEL_INSTANCE_COUNT MARGINS 0.0000 0.1250
0 !LPUB PAGE SUBMODEL_INSTANCE_COUNT PLACEMENT BOTTOM_RIGHT PAGE INSIDE OFFSET 0.0000 -0.0500
0
0 // LPUB[3D] PARTS LIST
0 !LPUB PLI BACKGROUND COLOR "#DDDDDD"
0 !LPUB PLI BORDER SQUARE 0 #666666 0.025 MARGINS 0.0500 0.050
0 !LPUB PLI CAMERA_ANGLES 30.0000 45.0000
0 !LPUB PLI CONSTRAIN HEIGHT 5.0000
0 !LPUB PLI MODEL_SCALE  1.0000
0 !LPUB PLI MARGINS 0.1500 0.7500
0 !LPUB PLI PLACEMENT TOP_RIGHT PAGE INSIDE OFFSET 0.0000 0.0000
0 !LPUB PLI INSTANCE_COUNT FONT "Noto Sans,36,-1,0,75,0,0,0,0,0,Bold"
0 !LPUB PLI INSTANCE_COUNT FONT_COLOR "#666666"
0 !LPUB PLI INSTANCE_COUNT MARGINS 0.0125 0.0125
0 !LPUB PLI INSTANCE_COUNT MARGINS 0.0125 0.3000
0
0 // LPUB[3D] STEP NUMBER
0 !LPUB STEP_NUMBER FONT "Noto Sans,72,-1,0,75,0,0,0,0,0,Bold"
0 !LPUB STEP_NUMBER FONT_COLOR "#666666"
0 !LPUB STEP_NUMBER MARGINS 0.1250 0.0000
0 !LPUB STEP_NUMBER PLACEMENT TOP_LEFT PAGE INSIDE OFFSET 0.0000 0.0000
0
0 // LPUB[3D] BEGIN INSTRUCTIONS ///////////////////////////////////////////////
0
0 STEP
0 !LPUB INSERT COVER_PAGE FRONT
0 STEP
0 !LPUB ASSEM MODEL_SCALE LOCAL 0.7500
1 0 0 0 0 1 0 0 0 1 0 0 0 1 00-model.ldr
0 STEP
0
0 // LPUB[3D] DISABLE FINAL MODEL SHOWCASE /////////////////////////////////////
0
0 !LPUB NOSTEP
0
0 // LPUB[3D] BOM PAGES
0 STEP
0 !LPUB INSERT PAGE
0 !LPUB INSERT BOM
0 STEP
0 !LPUB INSERT PAGE
0 !LPUB INSERT BOM
0 STEP
0 !LPUB INSERT PAGE
0 !LPUB INSERT BOM
0 STEP
0 !LPUB INSERT PAGE
0 !LPUB INSERT BOM
0 STEP
0 !LPUB INSERT PAGE
0 !LPUB INSERT BOM
0 STEP
0 !LPUB INSERT PAGE
0 !LPUB INSERT BOM
0 STEP
0 !LPUB INSERT PAGE
0 !LPUB INSERT BOM
0 STEP
0 !LPUB INSERT PAGE
0 !LPUB INSERT BOM
0 STEP
0 !LPUB INSERT PAGE
0 !LPUB INSERT BOM
0 STEP
0 !LPUB INSERT PAGE
0 !LPUB INSERT BOM
0 STEP
0 !LPUB INSERT PAGE
0 !LPUB INSERT BOM
0 STEP
0 !LPUB INSERT PAGE
0 !LPUB INSERT BOM
0 STEP
0
0 !LPUB NOSTEP
0
0 !LPUB INSERT COVER_PAGE BACK
0
0 // LPUB[3D] END INSTRUCTIONS /////////////////////////////////////////////////
0
0 NOFILE
0 FILE 00-model.ldr
0 Name: 00-model.ldr
0 Author: Nathanel Titane // nathanel.titane@gmail.com // All Rights Reserved
1 0 0 0 0 1 0 0 0 1 0 0 0 1 01-thorax.ldr
0 STEP
1 0 0 -2 84 1 0 0 0 1 0 0 0 1 02-abdomen.ldr
0 STEP
0 NOFILE
0 FILE 01-thorax.ldr
0 Name: 01-thorax.ldr
0 Author: Nathanel Titane // nathanel.titane@gmail.com // All Rights Reserved
1 0 0 0 0 1 0 0 0 1 0 0 0 1 75937.dat
1 71 0 -8 0 1 0 0 0 1 0 0 0 1 4032.dat
0 STEP
1 0 0 11 -0.0038 0.000026 0.000053 -1 1 -0.000026 0.000026 -0.000026 -1 -0.000053 32062.dat
0 STEP
1 71 0 32 -0.0038 1 0 0 0 -1 -0.000053 0 0.000053 -1 98100.dat
1 71 0 40 -0.0038 1 0 0 0 -1 -0.000053 0 0.000053 -1 98138.dat
0 STEP
1 0 0.0032 6.2427 34.2413 0.000001 0.000012 -1 -0.707098 0.707116 0.000007 0.707116 0.707098 0.000009 2555.dat
1 71 0.0036 18.9708 32.8268 1 0.000012 -0.000026 -0.000026 0.707116 -0.707098 0.00001 0.707098 0.707116 92946.dat
1 71 0.0037 24.6277 38.4836 -0.000025 0.000011 -1 -0.707098 0.707115 0.000025 0.707115 0.707098 -0.00001 14418.dat
0 STEP
1 0 0 -16 0 1 0 0 0 1 0 0 0 1 03-head.ldr
0 STEP
1 0 0 2 -30 0.000013 0.000023 1 -0.866017 0.500015 0 -0.500015 -0.866017 0.000026 04-gatling-gun.ldr
0 STEP
1 0 -21.2129 2 -21.2135 -0.35355 -0.612342 0.707134 -0.866017 0.500015 0 -0.353578 -0.61239 -0.707079 05-01-arm-01.ldr
0 STEP
1 0 21.2129 2.0001 -21.2134 0.353569 0.612374 0.707098 -0.866017 0.500015 0 -0.353559 -0.612359 0.707116 05-02-arm-02.ldr
0 STEP
1 0 -34.2413 6.2427 0.0005 -0.707116 -0.707098 0.000071 -0.707098 0.707116 0.000008 -0.000055 -0.000045 -1 06-foreleg.ldr
0 STEP
1 0 -24.2097 6.2427 24.2149 -0.499999 -0.499978 -0.707123 -0.707098 0.707116 0.000007 0.500014 0.500008 -0.707091 06-foreleg.ldr
0 STEP
1 0 24.2142 6.2427 24.2103 0.500001 0.499995 -0.70711 -0.707097 0.707116 0.000008 0.500013 0.499992 0.707104 06-foreleg.ldr
0 STEP
1 0 34.2413 6.2427 -0.0023 0.707116 0.707098 -0.000018 -0.707098 0.707116 0.000008 0.000018 0.000007 1 06-foreleg.ldr
0 STEP
1 0 -113.1113 -32.3428 -0.0061 -0.000078 0 -1 0 1 0 1 0 -0.000078 07-01-leg.ldr
0 STEP
1 0 -79.9872 -32.3428 79.9764 0.707042 0 -0.707171 0 1 0 0.707171 0 0.707042 07-02-leg.ldr
0 STEP
1 0 79.9743 -32.3428 79.9892 0.70719 0 0.707024 0 1 0 -0.707024 0 0.70719 07-01-leg.ldr
0 STEP
1 0 113.1114 -32.3428 0.0121 0.000131 0 1 0 1 0 -1 0 0.000131 07-02-leg.ldr
0 NOFILE
0 FILE 02-abdomen.ldr
0 Name: 02-abdomen.ldr
0 Author: Nathanel Titane // nathanel.titane@gmail.com // All Rights Reserved
1 71 0 0 0 1 0 0 0 1 0 0 0 1 3700.dat
1 0 -0.0003 10 -10 0.000026 0 -1 0 1 0 1 0 0.000026 6628.dat
0 STEP
1 71 0 24 0 1 0 0 0 1 0 0 0 1 99206.dat
1 71 0 40 20 1 0 0 0 1 0 0 0 1 3660.dat
0 STEP
1 71 9.9989 8 20.0005 -1 0 0.000053 0 1 0 -0.000053 0 -1 4070.dat
1 71 -10.0011 8 20.0005 -1 0 0.000053 0 1 0 -0.000053 0 -1 4070.dat
0 STEP
1 72 -0.0018 17.9996 34.0015 -1 0.000053 0 0 0.000026 -1 -0.000053 -1 -0.000026 11458.dat
1 72 9.9982 17.9994 34.0021 1 0.000053 0.000026 -0.000026 0.000026 1 0.000053 -1 0.000026 54200.dat
0 STEP
1 71 -10.0018 7.9994 40.0021 -0.000026 0.000053 1 -1 0.000026 -0.000026 -0.000026 -1 0.000053 4274.dat
1 43 -10.002 -0.0006 40.0021 0.000053 0.000026 1 0 1 -0.000026 -1 0 0.000053 98138.dat
0 STEP
1 0 0 0 20 1 0 0 0 1 0 0 0 1 3023.dat
0 STEP
1 1 0 -24 20 1 0 0 0 1 0 0 0 1 3039.dat
1 1 -0.0003 -48 19.9992 1 0 0 0 1 0 0 0 1 3937.dat
0 STEP
1 1 -0.0008 48 50 0.000026 0 1 0 1 0 -1 0 0.000026 4854.dat
0 STEP
1 15 0 72 50 0.707116 0 0.707098 0 1 0 -0.707098 0 0.707116 18674.dat
1 15 0 80 50 0.707116 0 0.707098 0 1 0 -0.707098 0 0.707116 2654.dat
0 STEP
1 72 0 56 40 1 0 0 0 1 0 0 0 1 3023.dat
1 72 0 56 60 1 0 0 0 1 0 0 0 1 3069b.dat
0 STEP
1 71 9.9989 56 80.0005 -1 0 0.000053 0 1 0 -0.000053 0 -1 4081b.dat
1 71 -10.0011 56 80.0005 -1 0 0.000053 0 1 0 -0.000053 0 -1 4081b.dat
1 71 -0.0011 56 79.9995 1 0 -0.000105 0 1 0 0.000105 0 1 85984.dat
0 STEP
1 71 -16.0026 57.9998 100.0002 -0.000026 1 0.000053 1 0.000026 0 0 0.000053 -1 60849.dat
1 71 15.9974 57.999 100.0019 -0.000027 -1 0.000053 -1 0.000027 0 0 -0.000053 -1 60849.dat
0 STEP
1 71 -30.0011 48 79.9963 -0.000105 0 -1 0 1 0 1 0 -0.000105 54200.dat
1 71 29.9989 48 79.9963 0.000158 0 1 0 1 0 -1 0 0.000158 54200.dat
0 STEP
1 71 29.9992 0 50.0008 0.000026 0 1 0 1 0 -1 0 0.000026 87552.dat
1 71 -30.0008 0 50.0008 -0.000079 0 -1 0 1 0 1 0 -0.000079 87552.dat
0 STEP
1 71 -30.0008 -8 49.9976 -1 0 0.000052 0 1 0 -0.000052 0 -1 92946.dat
1 71 29.9992 -8 49.9976 -1 0 0.000052 0 1 0 -0.000052 0 -1 92946.dat
0 STEP
1 1 -30 24 20 1 0 0 0 1 0 0 0 1 3665.dat
1 1 -30 0 20 1 0 0 0 1 0 0 0 1 3040.dat
0 STEP
1 1 30 24 20 1 0 0 0 1 0 0 0 1 3665.dat
1 1 30 0 20 1 0 0 0 1 0 0 0 1 3040.dat
0 STEP
1 0 -30 -8 20 1 0 0 0 1 0 0 0 1 3024.dat
1 0 30 -8 20 1 0 0 0 1 0 0 0 1 3024.dat
0 STEP
1 71 -30.0003 -32 29.9992 0.000026 0 1 0 1 0 -1 0 0.000026 11211.dat
1 71 29.9997 -32 29.9992 -0.000079 0 -1 0 1 0 1 0 -0.000079 11211.dat
0 STEP
1 71 -30.0011 -40 40.0005 0.000026 0 1 0 1 0 -1 0 0.000026 4081b.dat
1 1 -30.0003 -32 29.9992 1 0 -0.000105 0 1 0 0.000105 0 1 11477.dat
0 STEP
1 71 29.9989 -40 40.0005 -0.000079 0 -1 0 1 0 1 0 -0.000079 4081b.dat
1 1 29.9997 -32 29.9992 1 0 -0.000105 0 1 0 0.000105 0 1 11477.dat
0 STEP
1 1 -47.9966 7.9983 29.979 -0.000027 1 0.000131 1 0.000027 -0.000079 -0.000079 0.000131 -1 3022.dat
1 1 -39.9961 -12.0015 29.9824 -0.000131 1 -0.000027 0.000105 0.000027 1 1 0.000131 -0.000105 15068.dat
1 1 -39.9971 27.9985 29.9824 0.000131 1 0.000027 -0.000158 0.000027 -1 -1 0.000131 0.000158 15068.dat
0 STEP
1 1 48.0034 8.0008 29.9916 0.000026 -1 -0.000131 1 0.000026 0.000026 -0.000026 -0.000131 1 3022.dat
1 1 40.0029 -11.999 29.9903 0.000131 -1 0.000026 0 0.000026 1 -1 -0.000131 0 15068.dat
1 1 40.0039 28.0011 29.9861 -0.000131 -1 -0.000026 -0.000053 0.000026 -1 1 -0.000131 -0.000053 15068.dat
0 STEP
1 0 -0.0003 -48 19.9992 1 0 0 0 1 0 0 0 1 08-hatch.ldr
0 NOFILE
0 FILE 03-head.ldr
0 Name: 03-head.ldr
0 Author: Nathanel Titane // nathanel.titane@gmail.com // All Rights Reserved
1 0 0 0 0 1 0 0 0 1 0 0 0 1 75937.dat
0 STEP
1 0 0 -24 0 1 0 0 0 1 0 0 0 1 98100.dat
0 STEP
1 0 0 -32 0 1 0 0 0 1 0 0 0 1 85861.dat
0 STEP
1 0 0 -40 0 1 0 0 0 1 0 0 0 1 4740.dat
0 STEP
1 0 0.0004 -2.2425 -34.2428 0 0.000063 1 -0.707135 -0.707079 0.000045 0.707079 -0.707135 0.000045 2555.dat
1 15 0.0009 -7.8991 -39.8999 -0.707098 0.000063 0.707116 -0.500058 -0.707079 -0.499981 0.499955 -0.707135 0.500005 18674.dat
1 15 0.0014 -13.5557 -45.557 -0.707098 0.000064 0.707116 -0.500058 -0.707079 -0.499982 0.499955 -0.707135 0.500006 2654.dat
0 STEP
1 0 -34.2428 -2.2424 -0.0013 0.707079 -0.707135 0.000071 -0.707135 -0.707079 0.000045 0.000019 -0.000082 -1 2555.dat
1 15 -39.8998 -7.8991 -0.002 0.499936 -0.707135 0.500024 -0.500058 -0.707079 -0.499982 0.707111 -0.000082 -0.707103 18674.dat
1 15 -45.557 -13.5557 -0.0026 0.499936 -0.707135 0.500024 -0.500058 -0.707079 -0.499982 0.707111 -0.000082 -0.707103 2654.dat
0 STEP
1 0 34.2429 -2.2424 0.0032 -0.707079 0.707135 -0.000125 -0.707135 -0.707079 0.000045 -0.000057 0.00012 1 2555.dat
1 15 39.8998 -7.8991 0.0041 -0.499898 0.707135 -0.500061 -0.500058 -0.707078 -0.499982 -0.707137 0.00012 0.707076 18674.dat
1 15 45.557 -13.5557 0.005 -0.499898 0.707135 -0.500061 -0.500058 -0.707078 -0.499982 -0.707137 0.00012 0.707076 2654.dat
0 STEP
1 0 -0.0022 -2.2424 34.2429 0.000038 -0.000101 -1 -0.707135 -0.707079 0.000045 -0.707079 0.707135 -0.000098 2555.dat
1 72 -0.003 -7.8991 39.8998 0.707124 -0.000101 -0.707089 -0.500058 -0.707078 -0.499982 -0.499917 0.707135 -0.500043 18674.dat
1 1 -0.0038 -13.5557 45.557 0.707124 -0.000101 -0.707089 -0.500058 -0.707078 -0.499982 -0.499917 0.707135 -0.500043 2654.dat
0 STEP
1 0 -17.9446 -17.5615 -17.9487 0.707159 0.668551 0.230145 0.00001 0.325488 -0.945546 -0.707055 0.668653 0.230165 61252.dat
1 0 -23.293 -20.1654 -23.2979 0.707159 0.668551 0.230145 0.00001 0.325488 -0.945546 -0.707055 0.668653 0.230165 3024.dat
1 1 -25.5941 -10.7099 -25.5999 -0.70717 0.668551 -0.230107 0.00004 0.325488 0.945546 0.707043 0.668653 -0.230202 11477.dat
1 71 -33.245 -3.8584 -33.2497 0.707159 0.668551 0.230145 0.00001 0.325488 -0.945546 -0.707055 0.668653 0.230165 3024.dat
0 STEP
1 0 -17.9491 -17.5615 17.9441 -0.707036 0.668671 0.230171 0.00001 0.325488 -0.945546 -0.707177 -0.668533 -0.230139 61252.dat
1 0 -23.2985 -20.1654 23.2924 -0.707036 0.668671 0.230171 0.00001 0.325488 -0.945546 -0.707177 -0.668533 -0.230139 3024.dat
1 1 -25.6006 -10.7099 25.5934 0.707025 0.668671 -0.230208 0.00004 0.325488 0.945546 0.707189 -0.668534 0.230101 11477.dat
1 71 -33.2505 -3.8584 33.2442 -0.707036 0.668671 0.230171 0.00001 0.325488 -0.945546 -0.707177 -0.668533 -0.230139 3024.dat
0 STEP
1 0 17.9437 -17.5615 17.9496 -0.707196 -0.668516 -0.230133 0.00001 0.325488 -0.945546 0.707018 -0.668689 -0.230177 61252.dat
1 0 23.2918 -20.1654 23.2991 -0.707196 -0.668516 -0.230133 0.00001 0.325488 -0.945546 0.707018 -0.668689 -0.230177 3024.dat
1 1 25.5927 -10.71 25.6012 0.707207 -0.668516 0.230095 0.00004 0.325488 0.945546 -0.707006 -0.668688 0.230214 11477.dat
1 71 33.2434 -3.8584 33.2514 -0.707196 -0.668516 -0.230133 0.00001 0.325488 -0.945546 0.707018 -0.668689 -0.230177 3024.dat
0 STEP
1 0 17.9501 -17.5615 -17.9432 0.706999 -0.668706 -0.230183 0.00001 0.325488 -0.945546 0.707214 0.668498 0.230127 61252.dat
1 0 23.2997 -20.1654 -23.2912 0.706999 -0.668706 -0.230183 0.00001 0.325488 -0.945546 0.707214 0.668498 0.230127 3024.dat
1 1 25.6019 -10.71 -25.592 -0.706988 -0.668706 0.23022 0.00004 0.325488 0.945546 -0.707226 0.668499 -0.230089 11477.dat
1 71 33.2523 -3.8584 -33.2425 0.706999 -0.668706 -0.230183 0.00001 0.325488 -0.945546 0.707214 0.668498 0.230127 3024.dat
0 STEP
1 1 0 -48 0 1 0 0 0 1 0 0 0 1 43898.dat
0 STEP
1 1 0 -72 0 1 0 0 0 1 0 0 0 1 4589.dat
1 71 0 -106 0 1 0 0 0 1 0 0 0 1 30374.dat
0 NOFILE
0 FILE 04-gatling-gun.ldr
0 Name: 04-gatling-gun.ldr
0 Author: Nathanel Titane // nathanel.titane@gmail.com // All Rights Reserved
1 0 0 0 0 1 0 0 0 1 0 0 0 1 48729b.dat
0 STEP
1 71 -0.0021 13 0.0001 -0.000078 -1 0 -1 0.000078 -0.000053 0.000053 0 -1 4274.dat
1 71 0 39.0001 -0.0012 1 0 0 0 -1 -0.000053 0 0.000053 -1 3062b.dat
0 STEP
1 71 0 47 -0.0017 1 0 0 0 -1 -0.000053 0 0.000053 -1 4073.dat
0 STEP
1 71 0 55 -0.0021 1 0 0 0 -1 -0.000053 0 0.000053 -1 98138.dat
0 NOFILE
0 FILE 05-01-arm-01.ldr
0 Name: 05-01-arm-01.ldr
0 Author: Nathanel Titane // nathanel.titane@gmail.com // All Rights Reserved
1 0 0 0 0 1 0 0 0 1 0 0 0 1 48729b.dat
0 STEP
1 71 0 13 0.0014 0.000026 0 1 -0.000105 1 0 -1 -0.000105 0.000026 42446.dat
1 71 -21.0003 22.9995 -0.0003 0.000027 1 0.000028 -0.000105 0.000028 -1 -1 0.000027 0.000105 3070b.dat
0 STEP
1 71 -0.002 13 0 -0.000077 -1 -0.000001 -1 0.000077 -0.000054 0.000054 0.000001 -1 4274.dat
1 1 0 39 -0.0014 1 0 0 0 -1 -0.000052 0 0.000052 -1 3062b.dat
0 STEP
1 1 -0.0001 63.0001 -0.0026 1 0 0 0 -1 -0.000052 0 0.000052 -1 4589.dat
1 71 -0.0001 71.0001 -0.003 1 0 0 0 -1 -0.000052 0 0.000052 -1 85861.dat
0 STEP
1 71 -0.0001 94 -0.0051 1 0 0 0 -1 -0.000052 0 0.000052 -1 48729b.dat
0 NOFILE
0 FILE 05-02-arm-02.ldr
0 Name: 05-02-arm-02.ldr
0 Author: Nathanel Titane // nathanel.titane@gmail.com // All Rights Reserved
1 0 0 0 0 1 0 0 0 1 0 0 0 1 48729b.dat
0 STEP
1 71 -0.002 13 0 -0.000077 -1 -0.000001 -1 0.000077 -0.000054 0.000054 0.000001 -1 4274.dat
1 1 0 39 -0.0014 1 0 0 0 -1 -0.000052 0 0.000052 -1 3062b.dat
0 STEP
1 1 -0.0001 63.0001 -0.0026 1 0 0 0 -1 -0.000052 0 0.000052 -1 4589.dat
1 71 -0.0001 71.0001 -0.003 1 0 0 0 -1 -0.000052 0 0.000052 -1 85861.dat
0 STEP
1 71 -0.0001 94 -0.0051 1 0 0 0 -1 -0.000052 0 0.000052 -1 48729b.dat
0 NOFILE
0 FILE 06-foreleg.ldr
0 Name: 06-foreleg.ldr
0 Author: Nathanel Titane // nathanel.titane@gmail.com // All Rights Reserved
1 71 -10 16 0 1 0 0 0 1 0.000001 0 -0.000001 1 14418.dat
0 STEP
1 1 -10.0003 8 -0.0003 0.000029 0 1 -0.000001 1 0 -1 -0.000001 0.000029 92946.dat
1 71 0 0 0 1 0 0 0 1 0.000001 0 -0.000001 1 2555.dat
0 NOFILE
0 FILE 07-01-leg.ldr
0 Name: 07-01-leg.ldr
0 Author: Nathanel Titane // nathanel.titane@gmail.com // All Rights Reserved
1 71 0 24 0 1 0 0 0 1 0 0 0 1 85861.dat
1 71 0 0 0 0.000026 0 -1 0 1 0 1 0 0.000026 4733.dat
0 STEP
1 71 0 40 -0.0016 1 0 0 0 -0.000079 1 0 -1 -0.000079 4697b.dat
0 STEP
1 71 0 39.9998 -8.0016 1 0 0 0 -0.000079 1 0 -1 -0.000079 85861.dat
1 71 0 39.9996 -16.0016 1 0 0 0 -0.000079 1 0 -1 -0.000079 3062b.dat
0 STEP
1 0 0 39.9989 -42.0016 0.000026 -1 0 0.000026 0 -1 1 0.000026 0.000026 6628.dat
0 STEP
1 71 0 56 -0.0029 1 0 0 0 -1 -0.000053 0 0.000053 -1 85861.dat
1 71 0 80 -0.0042 1 0 0 0 -1 -0.000053 0 0.000053 -1 4733.dat
0 STEP
1 71 0 88 -0.0029 1 0 0 0 -1 -0.000053 0 0.000053 -1 4073.dat
1 71 0 96 -0.0029 1 0 0 0 -1 -0.000053 0 0.000053 -1 4073.dat
0 STEP
1 71 0 120 -0.0042 1 0 0 0 -1 -0.000053 0 0.000053 -1 4733.dat
0 STEP
1 1 0.0107 89.9973 -18.0076 0.000131 0 1 1 0.000132 -0.000131 -0.000132 1 0 63864.dat
0 STEP
1 1 0 9.9991 -34 1 0 0 0 0.000026 -1 0 1 0.000026 3005.dat
1 1 0 9.9991 -34 1 0 -0.000026 -0.000026 0.000026 -1 0 1 0.000026 54200.dat
0 STEP
1 1 0.0003 -8 -20 1 0 -0.000105 0 1 0 0.000105 0 1 4085d.dat
1 1 -0.0003 0 -10 -1 0 0.000053 0 1 0 -0.000053 0 -1 11477.dat
0 STEP
1 1 -0.0078 59.9993 18.0016 -0.000131 0.000053 -1 1 0.000026 -0.000131 0.000026 -1 -0.000053 3710.dat
1 1 -0.0029 19.9995 10.0005 1 0.000053 -0.000053 0.000053 0.000026 1 0.000053 -1 0.000026 11477.dat
1 1 -0.0113 99.9995 10.0026 -1 0.000053 0.000106 -0.000106 0.000026 -1 -0.000053 -1 -0.000026 11477.dat
1 1 -0.0082 59.999 26.0016 -0.000131 0.000053 -1 1 0.000026 -0.000131 0.000026 -1 -0.000053 3069b.dat
0 STEP
1 1 -18.0013 59.9982 -10.0073 0.000026 1 0.000026 -0.000105 0.000026 -1 -1 0.000026 0.000105 41770.dat
0 STEP
1 1 -10.0005 19.9995 -0.0026 -0.000026 1 -0.000026 0.000053 0.000026 1 1 0.000026 -0.000053 11477.dat
1 1 -10.0026 99.9995 -0.0111 0.000026 1 0.000026 -0.000106 0.000026 -1 -1 0.000026 0.000106 11477.dat
0 STEP
1 1 -26.0016 59.9991 -0.0075 -0.000026 1 0.000026 1 0.000026 -0.000131 -0.000131 0.000026 -1 3069b.dat
0 STEP
1 1 18.0024 60.0003 -9.9918 -0.000079 -1 -0.000026 -0.000105 0.000026 -1 1 -0.000079 -0.000105 41769.dat
0 STEP
1 1 10.0005 19.9995 0.0031 0.000079 -1 0.000026 0.000053 0.000026 1 -1 -0.000079 0.000053 11477.dat
1 1 10.0026 99.9995 0.0116 -0.000079 -1 -0.000026 -0.000106 0.000026 -1 1 -0.000079 -0.000106 11477.dat
0 STEP
1 1 26.0016 59.9991 0.0089 0.000026 -1 -0.000079 1 0.000026 -0.000131 0.000131 -0.000079 1 3069b.dat
0 STEP
1 71 0 128 -0.0042 0.000026 0.000053 -1 0 -1 -0.000053 -1 0 -0.000026 2555.dat
0 STEP
1 71 -10 134 -0.0042 -0.000019 0.000056 -1 0.707135 0.707079 0.000026 0.707079 -0.707135 -0.000053 4697b.dat
0 STEP
1 71 -24 134.0002 -0.0046 -0.000019 1 0.00003 0.707135 -0.000007 0.707079 0.707079 0.000034 -0.707135 85861.dat
1 71 -32 134.0002 -0.0049 -0.000019 1 0.00003 0.707135 -0.000008 0.707079 0.707079 0.000035 -0.707135 98138.dat
0 STEP
1 71 -9.9996 139.6565 -5.6614 -0.000056 -0.000019 -1 -0.707061 0.707153 0.000026 0.707153 0.707061 -0.000053 4274.dat
0 STEP
1 71 -9.9987 146.7271 -12.733 1 -0.000019 -0.000082 -0.000045 0.707153 -0.707061 0.000072 0.707061 0.707153 42610.dat
1 256 -9.9987 146.7271 -12.733 1 -0.000019 -0.000082 -0.000044 0.707153 -0.707061 0.000071 0.707061 0.707153 50945.dat
0 NOFILE
0 FILE 07-02-leg.ldr
0 Name: 07-02-leg.ldr
0 Author: Nathanel Titane // nathanel.titane@gmail.com // All Rights Reserved
1 71 0 24 0 1 0 0 0 1 0 0 0 1 85861.dat
1 71 0 0 0 0.000026 0 -1 0 1 0 1 0 0.000026 4733.dat
0 STEP
1 71 0 40 -0.0016 1 0 0 0 -0.000079 1 0 -1 -0.000079 4697b.dat
0 STEP
1 71 0 39.9998 -8.0016 1 0 0 0 -0.000079 1 0 -1 -0.000079 85861.dat
1 71 0 39.9996 -16.0016 1 0 0 0 -0.000079 1 0 -1 -0.000079 3062b.dat
0 STEP
1 0 0 39.9989 -42.0016 0.000026 -1 0 0.000026 0 -1 1 0.000026 0.000026 6628.dat
0 STEP
1 71 0 56 -0.0029 1 0 0 0 -1 -0.000053 0 0.000053 -1 85861.dat
1 71 0 80 -0.0042 1 0 0 0 -1 -0.000053 0 0.000053 -1 4733.dat
0 STEP
1 71 0 88 -0.0029 1 0 0 0 -1 -0.000053 0 0.000053 -1 4073.dat
1 71 0 96 -0.0029 1 0 0 0 -1 -0.000053 0 0.000053 -1 4073.dat
0 STEP
1 71 0 120 -0.0042 1 0 0 0 -1 -0.000053 0 0.000053 -1 4733.dat
0 STEP
1 1 0.0107 89.9973 -18.0076 0.000131 0 1 1 0.000132 -0.000131 -0.000132 1 0 63864.dat
0 STEP
1 1 0 9.9991 -34 1 0 0 0 0.000026 -1 0 1 0.000026 3005.dat
1 1 0 9.9991 -34 1 0 -0.000026 -0.000026 0.000026 -1 0 1 0.000026 54200.dat
0 STEP
1 1 0.0003 -8 -20 1 0 -0.000105 0 1 0 0.000105 0 1 4085d.dat
1 1 -0.0003 0 -10 -1 0 0.000053 0 1 0 -0.000053 0 -1 11477.dat
0 STEP
1 1 -0.0078 59.9993 18.0016 -0.000131 0.000053 -1 1 0.000026 -0.000131 0.000026 -1 -0.000053 3710.dat
1 1 -0.0029 19.9995 10.0005 1 0.000053 -0.000053 0.000053 0.000026 1 0.000053 -1 0.000026 11477.dat
1 1 -0.0113 99.9995 10.0026 -1 0.000053 0.000106 -0.000106 0.000026 -1 -0.000053 -1 -0.000026 11477.dat
1 1 -0.0082 59.999 26.0016 -0.000131 0.000053 -1 1 0.000026 -0.000131 0.000026 -1 -0.000053 3069b.dat
0 STEP
1 1 -18.0013 59.9982 -10.0073 0.000026 1 0.000026 -0.000105 0.000026 -1 -1 0.000026 0.000105 41770.dat
0 STEP
1 1 -10.0005 19.9995 -0.0026 -0.000026 1 -0.000026 0.000053 0.000026 1 1 0.000026 -0.000053 11477.dat
1 1 -10.0026 99.9995 -0.0111 0.000026 1 0.000026 -0.000106 0.000026 -1 -1 0.000026 0.000106 11477.dat
0 STEP
1 1 -26.0016 59.9991 -0.0075 -0.000026 1 0.000026 1 0.000026 -0.000131 -0.000131 0.000026 -1 3069b.dat
0 STEP
1 1 18.0024 60.0003 -9.9918 -0.000079 -1 -0.000026 -0.000105 0.000026 -1 1 -0.000079 -0.000105 41769.dat
0 STEP
1 1 10.0005 19.9995 0.0031 0.000079 -1 0.000026 0.000053 0.000026 1 -1 -0.000079 0.000053 11477.dat
1 1 10.0026 99.9995 0.0116 -0.000079 -1 -0.000026 -0.000106 0.000026 -1 1 -0.000079 -0.000106 11477.dat
0 STEP
1 1 26.0016 59.9991 0.0089 0.000026 -1 -0.000079 1 0.000026 -0.000131 0.000131 -0.000079 1 3069b.dat
0 STEP
1 71 0 128 -0.0042 -0.000026 0.000053 1 0 -1 0.000053 1 0 0.000026 2555.dat
0 STEP
1 71 9.9994 134.0011 -0.0042 0.000131 -0.000056 1 -0.707079 0.707135 0.000132 -0.707135 -0.707079 0.000053 4697b.dat
0 STEP
1 71 23.9994 134.0025 -0.0033 0.000131 -1 -0.00003 -0.707079 -0.000114 0.707135 -0.707135 -0.000071 -0.707079 85861.dat
1 71 31.9994 134.0035 -0.0027 0.000131 -1 -0.00003 -0.707079 -0.000114 0.707135 -0.707135 -0.000071 -0.707079 98138.dat
0 STEP
1 71 9.999 139.6583 -5.6607 0.000056 0.000131 1 -0.707153 -0.707061 0.000132 0.707061 -0.707153 0.000053 4274.dat
0 STEP
1 71 9.9981 146.7299 -12.7313 -1 0.000131 0.000083 -0.000151 -0.707061 -0.707153 -0.000034 -0.707153 0.707061 42610.dat
1 256 9.9981 146.7299 -12.7313 -1 0.000131 0.000081 -0.00015 -0.707061 -0.707153 -0.000035 -0.707153 0.707061 50945.dat
0 NOFILE
0 FILE 08-hatch.ldr
0 Name: 08-hatch.ldr
0 Author: Nathanel Titane // nathanel.titane@gmail.com // All Rights Reserved
1 71 0 0 0 1 0 0 0 1 0 0 0 1 6134.dat
0 STEP
1 1 -10 -24 -0.0003 0.000026 0 1 0 1 0 -1 0 0.000026 4070.dat
1 1 10 -24 -0.0003 -0.000079 0 -1 0 1 0 1 0 -0.000079 4070.dat
1 1 -10 -24 19.9997 0.000132 0 1 0 1 0 -1 0 0.000132 4070.dat
1 1 10 -24 19.9997 -0.000079 0 -1 0 1 0 1 0 -0.000079 4070.dat
0 STEP
1 1 -40.0002 -14.0003 20.0008 0.000026 1 0 -1 0.000026 0 0 0 1 3005.dat
1 72 -48.0002 -14.0005 20.0008 0.000026 1 0 -1 0.000026 0 0 0 1 4073.dat
1 15 -56.0002 -14.0007 20.0008 0.000026 1 0 -1 0.000026 0 0 0 1 98138.dat
0 STEP
1 72 -24.0002 -14.0015 0.0008 0.000132 1 0 -1 0.000132 0 0 0 1 2555.dat
1 71 -36.0002 -13.994 0.0008 1 -0.000105 0 0.000105 1 0 0 0 1 30162.dat
0 STEP
1 1 39.9998 -13.994 20.0008 -0.000079 -1 0 1 -0.000079 0 0 0 1 3005.dat
1 72 47.9998 -13.9933 20.0008 -0.000079 -1 0 1 -0.000079 0 0 0 1 4073.dat
1 15 55.9998 -13.9927 20.0008 -0.000079 -1 0 1 -0.000079 0 0 0 1 98138.dat
0 STEP
1 72 23.9998 -13.9952 0.0008 -0.000079 -1 0 1 -0.000079 0 0 0 1 2555.dat
1 71 35.9998 -13.994 0.0008 1 -0.000105 0 0.000105 1 0 0 0 1 30162.dat
0 STEP
1 1 -0.0015 -32 39.999 -0.000079 0 -1 0 1 0 1 0 -0.000079 3021.dat
1 1 0.0016 -24 9.999 1 0 -0.000105 0 1 0 0.000105 0 1 15068.dat
0 STEP
1 1 -19.9984 -24 49.999 0.000131 0 1 0 1 0 -1 0 0.000131 15068.dat
1 1 20.0016 -24 49.999 -0.000184 0 -1 0 1 0 1 0 -0.000184 15068.dat
0 STEP
1 71 -40.0018 -13.9997 50.0002 0.000027 1 0.000026 0 -0.000026 1 1 -0.000027 0 11211.dat
1 72 -16.0018 -14.0001 49.9996 0.000027 1 0.000026 0 -0.000026 1 1 -0.000027 0 3004.dat
0 STEP
1 71 39.9982 -14.0018 49.9939 -0.00008 -1 0.000026 0 0.000026 1 -1 0.00008 0 11211.dat
1 72 15.9982 -14.0009 49.9958 -0.00008 -1 0.000026 0 0.000026 1 -1 0.00008 0 3023.dat
0 STEP
1 1 -39.9999 -3.9973 49.9874 -0.000131 1 -0.000027 0.000105 0.000027 1 1 0.000131 -0.000105 15068.dat
0 STEP
1 72 -48.0005 16.0025 49.984 -0.000027 1 0.000131 1 0.000027 -0.000079 -0.000079 0.000131 -1 11203.dat
0 STEP
1 71 -55.9997 36.0015 39.9814 -0.000027 1 0.000131 1 0.000027 -0.000079 -0.000079 0.000131 -1 3023.dat
1 71 -56.0023 36.0031 59.9814 -0.000027 1 0.000131 1 0.000027 -0.000079 -0.000079 0.000131 -1 48336.dat
0 STEP
1 1 -64.001 36.0021 49.9804 -0.000027 1 0.000131 1 0.000027 -0.000079 -0.000079 0.000131 -1 3068b.dat
0 STEP
1 72 -48.0015 56.0025 49.9809 -0.000027 1 0.000131 1 0.000027 -0.000079 -0.000079 0.000131 -1 11203.dat
0 STEP
1 1 -40.0021 76.0027 49.9811 0.000131 1 0.000027 -0.000158 0.000027 -1 -1 0.000131 0.000158 15068.dat
0 STEP
1 1 40.0001 -3.9951 49.9937 0.000078 -1 -0.000027 -0.000105 -0.000027 1 -1 -0.000078 -0.000105 15068.dat
0 STEP
1 72 47.9995 16.0051 49.9925 -0.000027 -1 -0.000078 1 -0.000027 0.000131 -0.000131 -0.000078 1 11203.dat
0 STEP
1 71 55.9998 36.0045 39.9905 0.000027 -1 0.000078 -1 -0.000027 -0.000078 0.000078 -0.000078 -1 3023.dat
1 71 55.9982 36.0061 59.9905 0.000027 -1 0.000078 -1 -0.000027 -0.000078 0.000078 -0.000078 -1 48336.dat
0 STEP
1 1 63.999 36.0055 49.9911 0.000027 -1 0.000078 -1 -0.000027 -0.000078 0.000078 -0.000078 -1 3068b.dat
0 STEP
1 72 47.9985 56.0051 49.9873 -0.000027 -1 -0.000078 1 -0.000027 0.000131 -0.000131 -0.000078 1 11203.dat
0 STEP
1 1 39.9979 76.0049 49.9832 -0.000078 -1 0.000027 0.000052 -0.000027 -1 1 -0.000078 0.000052 15068.dat
0 STEP
1 0 -20.0026 36.0048 69.9846 0.000027 0.000078 1 -1 -0.000078 0.000027 0.000078 -1 0.000078 09-door.ldr
0 STEP
1 0 19.9974 36.0059 69.9877 -0.000027 0.000078 -1 1 -0.000078 -0.000027 -0.000078 -1 -0.000078 09-door.ldr
0 NOFILE
0 FILE 09-door.ldr
0 Name: 09-door.ldr
0 Author: Nathanel Titane // nathanel.titane@gmail.com // All Rights Reserved
0 STEP
1 72 -20 0 -0.0005 1 0 0 0 1 0 0 0 1 11203.dat
1 72 20 0 0.0005 1 0 0 0 1 0 0 0 1 11203.dat
0 STEP
1 0 -20 -16 -10.001 1 0 0 0 1 0 0 0 1 99206.dat
1 0 20 -16.0001 -10 1 0 0 0 1 0 0 0 1 99206.dat
0 STEP
1 0 -0.0001 -16 10 1 0 0 0 1 0 0 0 1 3710.dat
0 STEP
1 1 0 -24 0 1 0 0 0 1 0 0 0 1 3068b.dat
0 STEP
1 1 -40.0013 -8 -0.0073 0.000236 0 1 0 1 0 -1 0 0.000236 15068.dat
1 1 -49.9997 -8 -0.0013 0.000026 0 1 0 1 0 -1 0 0.000026 3023.dat
0 STEP
1 1 39.9987 -8 0.0031 -0.000183 0 -1 0 1 0 1 0 -0.000183 15068.dat
1 1 50.0003 -8 0.0013 0.000026 0 1 0 1 0 -1 0 0.000026 3023.dat
0 STEP
1 71 -10 -9.9973 -28.0006 0.000053 0 1 1 0.000026 -0.000053 -0.000026 1 0 2555.dat
1 71 10.0001 -10.0005 -28.0005 0 0 -1 -1 0.000026 0 0.000026 1 0 2555.dat
0 STEP
1 1 -30 -9.9971 -20.0006 0.000053 0 1 1 0.000026 -0.000053 -0.000026 1 0 54200.dat
1 1 30.0001 -10.0003 -20.0005 0 0 -1 -1 0.000026 0 0.000026 1 0 54200.dat
0 NOFILE
