0 FILE 00-instructions.ldr
0 Name: 00-instructions.ldr
0 Author: Nathanel Titane // nathanel.titane@gmail.com // All Rights Reserved
0
0 // LPUB[3D] FRONT COVER PAGE /////////////////////////////////////////////////
0
0 !LPUB PAGE DOCUMENT_TITLE_FRONT COLOR "#666666"
0 !LPUB PAGE DOCUMENT_TITLE_FRONT CONTENT GLOBAL "MODEL // ANUBIS"
0 !LPUB PAGE DOCUMENT_TITLE_FRONT DISPLAY GLOBAL TRUE
0 !LPUB PAGE DOCUMENT_TITLE_FRONT FONT "Noto Sans,72,-1,0,75,0,0,0,0,0,Bold"
0 !LPUB PAGE DOCUMENT_TITLE_FRONT MARGINS 0.2500 0.1000
0 !LPUB PAGE DOCUMENT_TITLE_FRONT PLACEMENT GLOBAL TOP_LEFT PAGE INSIDE OFFSET 0.0000 0.0000

0 !LPUB PAGE DOCUMENT_AUTHOR_FRONT CONTENT GLOBAL "MODEL DESIGN AND INSTRUCTIONS // NATHANEL TITANE"
0 !LPUB PAGE DOCUMENT_AUTHOR_FRONT COLOR "#666666"
0 !LPUB PAGE DOCUMENT_AUTHOR_FRONT DISPLAY GLOBAL TRUE
0 !LPUB PAGE DOCUMENT_AUTHOR_FRONT FONT "Noto Sans,18,-1,0,75,0,0,0,0,0,Bold"
0 !LPUB PAGE DOCUMENT_AUTHOR_FRONT MARGINS 0.3000 1.0000
0 !LPUB PAGE DOCUMENT_AUTHOR_FRONT PLACEMENT TOP_LEFT PAGE INSIDE OFFSET 0.0000 0.0000

0 !LPUB PAGE MODEL_PARTS COLOR "#666666"
0 !LPUB PAGE MODEL_PARTS CONTENT GLOBAL "1347 PIECES"
0 !LPUB PAGE MODEL_PARTS DISPLAY GLOBAL TRUE
0 !LPUB PAGE MODEL_PARTS FONT "Noto Sans,72,-1,0,75,0,0,0,0,0,Bold"
0 !LPUB PAGE MODEL_PARTS MARGINS 0.2500 0.1000
0 !LPUB PAGE MODEL_PARTS PLACEMENT GLOBAL BOTTOM_LEFT PAGE INSIDE OFFSET 0.0000 0.0000

0 !LPUB PAGE PUBLISH_DESCRIPTION COLOR "#666666"
0 !LPUB PAGE PUBLISH_DESCRIPTION CONTENT GLOBAL "LEGO // LINUX - Where Lego and Linux Meet"
0 !LPUB PAGE PUBLISH_DESCRIPTION DISPLAY GLOBAL TRUE
0 !LPUB PAGE PUBLISH_DESCRIPTION FONT "Noto Sans,36,-1,0,75,0,0,0,0,0,Bold"
0 !LPUB PAGE PUBLISH_DESCRIPTION MARGINS 0.2000 0.2000
0 !LPUB PAGE PUBLISH_DESCRIPTION PLACEMENT GLOBAL BOTTOM_RIGHT PAGE INSIDE OFFSET 0.0000 0.0000
0
0 // LPUB[3D] BACK COVER PAGE //////////////////////////////////////////////////
0
0 // LPUB[3D] DOCUMENT DISCLAIMER
0 !LPUB PAGE LEGO_DISCLAIMER COLOR "#666666"
0 !LPUB PAGE LEGO_DISCLAIMER CONTENT GLOBAL "LEGO® // REGISTERED TRADEMARK OF THE LEGO GROUP"
0 !LPUB PAGE LEGO_DISCLAIMER DISPLAY GLOBAL TRUE
0 !LPUB PAGE LEGO_DISCLAIMER FONT "Noto Sans,36,-1,0,75,0,0,0,0,0,Bold"
0 !LPUB PAGE LEGO_DISCLAIMER PLACEMENT GLOBAL CENTER PAGE INSIDE OFFSET 0.0000 -0.2500
0
0 // LPUB[3D] PAGE DOCUMENT AUTHOR
0 !LPUB PAGE DOCUMENT_AUTHOR_BACK COLOR "#666666"
0 !LPUB PAGE DOCUMENT_AUTHOR_BACK CONTENT GLOBAL "MODEL DESIGN AND INSTRUCTIONS // NATHANEL TITANE"
0 !LPUB PAGE DOCUMENT_AUTHOR_BACK DISPLAY GLOBAL TRUE
0 !LPUB PAGE DOCUMENT_AUTHOR_BACK FONT "Noto Sans,36,-1,0,75,0,0,0,0,0,Bold"
0 !LPUB PAGE DOCUMENT_AUTHOR_BACK PLACEMENT CENTER PAGE INSIDE OFFSET 0.0000 -0.2000
0
0 // LPUB[3D] PAGE PUBLICATION COPYRIGHT
0 !LPUB PAGE PUBLISH_COPYRIGHT_BACK COLOR "#666666"
0 !LPUB PAGE PUBLISH_COPYRIGHT_BACK CONTENT GLOBAL "COPYRIGHT // ALL RIGHTS RESERVED"
0 !LPUB PAGE PUBLISH_COPYRIGHT_BACK DISPLAY GLOBAL TRUE
0 !LPUB PAGE PUBLISH_COPYRIGHT_BACK FONT "Noto Sans,36,-1,0,75,0,0,0,0,0,Bold"
0 !LPUB PAGE PUBLISH_COPYRIGHT_BACK PLACEMENT GLOBAL CENTER PAGE INSIDE OFFSET 0.0000 -0.1500
0
0 // LPUB[3D] PAGE PUBLICATION EMAIL
0 !LPUB PAGE PUBLISH_EMAIL_BACK COLOR "#666666"
0 !LPUB PAGE PUBLISH_EMAIL_BACK CONTENT GLOBAL "CONTACT // NATHANEL.TITANE@GMAIL.COM // INFO@LEGOLINUX.COM"
0 !LPUB PAGE PUBLISH_EMAIL_BACK DISPLAY GLOBAL TRUE
0 !LPUB PAGE PUBLISH_EMAIL_BACK FONT "Noto Sans,18,-1,0,75,0,0,0,0,0,Bold"
0 !LPUB PAGE PUBLISH_EMAIL_BACK PLACEMENT GLOBAL CENTER PAGE INSIDE OFFSET 0.0000 -0.0500
0
0 // LPUB[3D] PAGE PUBLICATION URL
0 !LPUB PAGE PUBLISH_URL_BACK COLOR "#666666"
0 !LPUB PAGE PUBLISH_URL_BACK CONTENT GLOBAL "WEB // HTTPS://LEGOLINUX.COM/MODELS/ORBITAL-FRAMES/ANUBIS"
0 !LPUB PAGE PUBLISH_URL_BACK DISPLAY GLOBAL TRUE
0 !LPUB PAGE PUBLISH_URL_BACK FONT "Noto Sans,18,-1,0,75,0,0,0,0,0,Bold"
0 !LPUB PAGE PUBLISH_URL_BACK PLACEMENT GLOBAL CENTER PAGE INSIDE OFFSET 0.0000 -0.0250
0
0 // LPUB[3D] PAGE LOGO
0 !LPUB PAGE DOCUMENT_LOGO_BACK DISPLAY GLOBAL TRUE
0 !LPUB PAGE DOCUMENT_LOGO_BACK FILE GLOBAL "/media/internal/Lego/lpub3d/instructions/logo.png"
0 !LPUB PAGE DOCUMENT_LOGO_BACK PLACEMENT CENTER PAGE INSIDE OFFSET 0.0000 0.45000
0 !LPUB PAGE DOCUMENT_LOGO_BACK SCALE GLOBAL  1.0000
0
0 // LPUB[3D] CONFIGURATION ////////////////////////////////////////////////////
0
0 // LPUB[3D] PAGE WATERMARK
0 !LPUB PAGE PUBLISH_EMAIL CONTENT GLOBAL "CONTACT // NATHANEL.TITANE@GMAIL.COM // INFO@LEGOLINUX.COM"
0 !LPUB PAGE PUBLISH_EMAIL COLOR "#666666"
0 !LPUB PAGE PUBLISH_EMAIL DISPLAY GLOBAL TRUE
0 !LPUB PAGE PUBLISH_EMAIL FONT "Noto Sans,18,-1,0,75,0,0,0,0,0,Bold"
0 !LPUB PAGE PUBLISH_EMAIL MARGINS 0.0000 0.1500
0 !LPUB PAGE PUBLISH_EMAIL PLACEMENT GLOBAL BOTTOM PAGE INSIDE OFFSET 0.0000 0.0000
0 !LPUB PAGE DOCUMENT_AUTHOR CONTENT GLOBAL "MODEL DESIGN AND INSTRUCTIONS // NATHANEL TITANE"
0 !LPUB PAGE DOCUMENT_AUTHOR COLOR "#666666"
0 !LPUB PAGE DOCUMENT_AUTHOR DISPLAY GLOBAL TRUE
0 !LPUB PAGE DOCUMENT_AUTHOR FONT "Noto Sans,18,-1,0,75,0,0,0,0,0,Bold"
0 !LPUB PAGE DOCUMENT_AUTHOR MARGINS 0.0000 0.2000
0 !LPUB PAGE DOCUMENT_AUTHOR PLACEMENT GLOBAL TOP PAGE INSIDE OFFSET 0.0000 0.0000
0
0 // LPUB[3D] STEPS HIGHLIGHT
0 !LPUB HIGHLIGHT_STEP ENABLED GLOBAL TRUE
0 !LPUB HIGHLIGHT_STEP COLOR GLOBAL "#7137C8"
0
0 // LPUB[3D] STEP FADE
0 !LPUB FADE_STEP OPACITY GLOBAL "50"
0 !LPUB FADE_STEP COLOR GLOBAL "Trans_Black"
0 !LPUB FADE_STEP ENABLED GLOBAL TRUE
0 !LPUB FINAL_MODEL_ENABLED GLOBAL TRUE
0
0 // LPUB[3D] SUBMODEL PREVIEW
0 !LPUB SUBMODEL_DISPLAY SHOW GLOBAL TRUE
0 !LPUB SUBMODEL_DISPLAY BACKGROUND COLOR "#DDDDDD"
0 !LPUB SUBMODEL_DISPLAY MARGINS 0.1500 0.7500
0 !LPUB SUBMODEL_DISPLAY BORDER SQUARE 0 Black 0.031 MARGINS 0.050 0.050
0 !LPUB SUBMODEL_DISPLAY PLACEMENT GLOBAL LEFT PAGE INSIDE
0 !LPUB SUBMODEL_DISPLAY CAMERA_ANGLES 30.0000 45.0000
0
0 // LPUB[3D] ASSEMBLIES
0 !LPUB ASSEM CAMERA_ANGLES 30.0000 45.0000
0 !LPUB ASSEM MARGINS 0.5000 0.5000
0 !LPUB ASSEM MODEL_SCALE 1.0000
0 !LPUB ASSEM PLACEMENT CENTER PAGE INSIDE OFFSET 0.0000 0.0000
0
0 // LPUB[3D] BILL OF MATERIALS
0 !LPUB BOM BACKGROUND COLOR "#DDDDDD"
0 !LPUB BOM BORDER SQUARE 0 #666666 0.025 MARGINS 0.050 0.050
0 !LPUB BOM CONSTRAIN HEIGHT 13.0000
0 !LPUB BOM CONSTRAIN SQUARE
0 !LPUB BOM PLACEMENT CENTER PAGE INSIDE OFFSET 0.0000 0.0000
0
0 // LPUB[3D] CALLOUTS
0 !LPUB CALLOUT BORDER SQUARE 0 #666666 0.025 MARGINS 0.050 0.050
0 !LPUB CALLOUT MARGINS 0.1250 0.1250
0 !LPUB CALLOUT PLACEMENT RIGHT PAGE INSIDE OFFSET 0.0000 0.0000
0
0 // LPUB[3D] PAGE
0 !LPUB PAGE DOCUMENT_COVER_IMAGE DISPLAY GLOBAL TRUE
0 !LPUB PAGE DOCUMENT_COVER_IMAGE FILE GLOBAL "../renders/flat/flat.png"
0 !LPUB PAGE DOCUMENT_COVER_IMAGE FILL GLOBAL ASPECT
0 !LPUB PAGE DOCUMENT_COVER_IMAGE MARGINS GLOBAL 0.0000 0.0000
0 !LPUB PAGE DOCUMENT_COVER_IMAGE PLACEMENT GLOBAL CENTER PAGE INSIDE OFFSET 0.0000 0.0000
0 !LPUB PAGE DOCUMENT_COVER_IMAGE SCALE GLOBAL 1.0000
0
0 // LPUB[3D] PAGE NUMBER
0 !LPUB PAGE NUMBER FONT "Noto Sans,36,-1,0,75,0,0,0,0,0,Bold"
0 !LPUB PAGE NUMBER FONT_COLOR "#666666"
0 !LPUB PAGE NUMBER MARGINS 0.1250 0.1250
0 !LPUB PAGE NUMBER PLACEMENT BOTTOM_RIGHT PAGE INSIDE OFFSET 0.0000 0.0000
0
0 // LPUB[3D] PAGE SETUP
0 !LPUB PAGE BORDER GLOBAL NONE 0 MARGINS 0.000 0.000
0 !LPUB PAGE ENABLE_TEXT_PLACEMENT GLOBAL CENTER PAGE INSIDE OFFSET 0.0000 0.0000
0 !LPUB PAGE TEXT_PLACEMENT GLOBAL TRUE
0 !LPUB PAGE PAGE_FOOTER SIZE GLOBAL 32.0000 0.5000
0 !LPUB PAGE PAGE_HEADER SIZE GLOBAL 32.0000 0.5000
0 !LPUB PAGE MARGINS GLOBAL 0.0000 0.0000
0 !LPUB PAGE ORIENTATION GLOBAL LANDSCAPE
0 !LPUB PAGE SIZE GLOBAL 16.0000 32.0000
0
0 // LPUB[3D] PAGE COLORS
0 !LPUB PAGE SUBMODEL_BACKGROUND_COLOR GLOBAL "#DDDDDD" "#FFE680" "#FFAAAA" "#C6AFE9"
0
0 // LPUB[3D] SUBMODELS
0 !LPUB PAGE SUBMODEL_INSTANCE_COUNT FONT_COLOR "#FF5555"
0 !LPUB PAGE SUBMODEL_INSTANCE_COUNT FONT "Noto Sans,72,-1,0,75,0,0,0,0,0,Bold"
0 !LPUB PAGE SUBMODEL_INSTANCE_COUNT MARGINS 0.0000 0.1250
0 !LPUB PAGE SUBMODEL_INSTANCE_COUNT PLACEMENT BOTTOM_RIGHT PAGE INSIDE OFFSET 0.0000 -0.0500
0
0 // LPUB[3D] PARTS LIST
0 !LPUB PLI BACKGROUND COLOR "#DDDDDD"
0 !LPUB PLI BORDER SQUARE 0 #666666 0.025 MARGINS 0.0500 0.050
0 !LPUB PLI CAMERA_ANGLES 30.0000 45.0000
0 !LPUB PLI CONSTRAIN HEIGHT 5.0000
0 !LPUB PLI MODEL_SCALE  1.0000
0 !LPUB PLI MARGINS 0.1500 0.7500
0 !LPUB PLI PLACEMENT TOP_RIGHT PAGE INSIDE OFFSET 0.0000 0.0000
0 !LPUB PLI INSTANCE_COUNT FONT "Noto Sans,36,-1,0,75,0,0,0,0,0,Bold"
0 !LPUB PLI INSTANCE_COUNT FONT_COLOR "#666666"
0 !LPUB PLI INSTANCE_COUNT MARGINS 0.0125 0.0125
0 !LPUB PLI INSTANCE_COUNT MARGINS 0.0125 0.3000
0
0 // LPUB[3D] STEP NUMBER
0 !LPUB STEP_NUMBER FONT "Noto Sans,72,-1,0,75,0,0,0,0,0,Bold"
0 !LPUB STEP_NUMBER FONT_COLOR "#666666"
0 !LPUB STEP_NUMBER MARGINS 0.1250 0.0000
0 !LPUB STEP_NUMBER PLACEMENT TOP_LEFT PAGE INSIDE OFFSET 0.0000 0.0000
0
0 // LPUB[3D] BEGIN INSTRUCTIONS ///////////////////////////////////////////////
0
0 STEP
0 !LPUB INSERT COVER_PAGE FRONT
0 STEP
0 !LPUB ASSEM MODEL_SCALE LOCAL 0.7500
1 0 0 0 0 1 0 0 0 1 0 0 0 1 00-model.ldr
0 STEP
0
0 // LPUB[3D] DISABLE FINAL MODEL SHOWCASE /////////////////////////////////////
0
0 !LPUB NOSTEP
0
0 // LPUB[3D] BOM PAGES
0 STEP
0 !LPUB INSERT PAGE
0 !LPUB INSERT BOM
0 STEP
0 !LPUB INSERT PAGE
0 !LPUB INSERT BOM
0 STEP
0 !LPUB INSERT PAGE
0 !LPUB INSERT BOM
0 STEP
0 !LPUB INSERT PAGE
0 !LPUB INSERT BOM
0 STEP
0 !LPUB INSERT PAGE
0 !LPUB INSERT BOM
0 STEP
0 !LPUB INSERT PAGE
0 !LPUB INSERT BOM
0 STEP
0 !LPUB INSERT PAGE
0 !LPUB INSERT BOM
0 STEP
0 !LPUB INSERT PAGE
0 !LPUB INSERT BOM
0 STEP
0 !LPUB INSERT PAGE
0 !LPUB INSERT BOM
0 STEP
0 !LPUB INSERT PAGE
0 !LPUB INSERT BOM
0 STEP
0 !LPUB INSERT PAGE
0 !LPUB INSERT BOM
0 STEP
0 !LPUB INSERT PAGE
0 !LPUB INSERT BOM
0 STEP
0
0 !LPUB NOSTEP
0
0 !LPUB INSERT COVER_PAGE BACK
0
0 // LPUB[3D] END INSTRUCTIONS /////////////////////////////////////////////////
0
0 NOFILE
0 FILE 00-model.ldr
0 Name: 00-model.ldr
0 Author: Nathanel Titane // nathanel.titane@gmail.com // All Rights Reserved
1 0 0 0 0 1 0.000026 0.000026 0.000026 0.000026 -1 -0.000026 1 0.000026 05-waist.ldr
0 STEP
1 0 0.0042 -110.7181 51.5271 1 0.000024 0.000026 0.000024 0.08718 -0.996193 -0.000026 0.996193 0.08718 07-abdomen.ldr
0 STEP
1 0 -400 -336 0 1 0 0 0 1 0 0 0 1 15-lance.ldr
0 STEP
1 0 -129.4074 -192 482.9635 0.965929 -0.066984 -0.24999 0.000001 0.965927 -0.258815 0.258808 0.249997 0.933017 14-wing.ldr
0 STEP
1 0 -249.9964 -192 433.015 0.866033 -0.129405 -0.482951 0.000001 0.965927 -0.258815 0.499987 0.224142 0.836525 14-wing.ldr
0 STEP
1 0 -353.5496 -192.0001 353.5588 0.70712 -0.183007 -0.683 0.000001 0.965927 -0.258815 0.707093 0.183012 0.683027 14-wing.ldr
0 STEP
1 0 -433.0099 -192 250.0085 0.500021 -0.224137 -0.836506 0 0.965927 -0.258815 0.866014 0.129412 0.482984 14-wing.ldr
0 STEP
1 0 129.408 -192 482.9657 0.965925 0.066986 0.250002 0.000001 0.965927 -0.258815 -0.258821 0.249996 0.933013 14-wing.ldr
0 STEP
1 0 249.9971 -192 433.0166 0.866027 0.129406 0.482962 0.000001 0.965927 -0.258815 -0.499998 0.224141 0.836518 14-wing.ldr
0 STEP
1 0 353.55 -192 353.5594 0.707112 0.183008 0.683009 0.000001 0.965927 -0.258815 -0.707102 0.183012 0.683018 14-wing.ldr
0 STEP
1 0 433.0092 -192 250.0082 0.500009 0.224139 0.836512 0 0.965927 -0.258815 -0.86602 0.12941 0.482972 14-wing.ldr
0 STEP
0 NOFILE
0 FILE 01-shin.ldr
0 Name: 01-shin.ldr
0 Author: Nathanel Titane // nathanel.titane@gmail.com // All Rights Reserved
1 0 0 -10 0 1 0 0 0 1 0 0 0 1 32474.dat
1 0 0 0 0 1 0 0 0 1 0 0 0 1 87580.dat
1 0 0 8 0 1 0 0 0 1 0 0 0 1 3003.dat
1 0 -10 32 -50 -1 0 0.000053 0 1 0 -0.000053 0 -1 13547.dat
1 0 10 32 -50 -1 0 0.000053 0 1 0 -0.000053 0 -1 13547.dat
0 STEP
1 15 10 16 -40 1 0 0 0 1 0 0 0 1 42023.dat
1 15 -10 16 -40 1 0 0 0 1 0 0 0 1 42023.dat
1 15 0 -8 -30 1 0 0 0 1 0 0 0 1 3298.dat
1 15 0 -8 -30 1 0 0 0 1 0 0 0 1 85984.dat
0 STEP
1 0 0 8 -110 0.000026 0 1 0 1 0 -1 0 0.000026 3021.dat
0 STEP
1 308 0 -16 -90 -1 0 0.000053 0 1 0 -0.000053 0 -1 3747b.dat
1 308 -10 -16 -120 1 0 0 0 1 0 0 0 1 42023.dat
1 308 10 -16 -120 1 0 0 0 1 0 0 0 1 42023.dat
0 STEP
1 308 0 -40 -50 -1 0 0.000053 0 1 0 -0.000053 0 -1 3747b.dat
1 308 0 -40 -70 1 0 -0.000106 0 1 0 0.000106 0 1 3039.dat
0 STEP
1 308 0 -64 -70 1 0 0 0 1 0 0 0 1 3048b.dat
1 308 0 -64 -40 0.000026 0 1 0 1 0 -1 0 0.000026 3043.dat
1 308 0 -64 -10 -1 0 0.000053 0 1 0 -0.000053 0 -1 3048b.dat
0 STEP
1 308 0 -40 -110 1 0 0 0 1 0 0 0 1 3049c.dat
1 308 0 -40 -160 0.000026 0 1 0 1 0 -1 0 0.000026 3041.dat
1 308 0 -40 -210 -1 0 0.000053 0 1 0 -0.000053 0 -1 3049c.dat
0 NOFILE
0 FILE 02-knee.ldr
0 Name: 02-knee.ldr
0 Author: Nathanel Titane // nathanel.titane@gmail.com // All Rights Reserved
1 0 0 48 -30 -1 0 0.000053 0 1 0 -0.000053 0 -1 3747b.dat
1 308 0 56 -40 0 0 -1 0 1 0 1 0 0 4871.dat
1 0 0 72 -50 1 0 0 0 1 0 0 0 1 85984.dat
0 STEP
1 0 0 24 10 -1 0 -0.000026 0 1 0 0.000026 0 -1 32028.dat
1 0 0 32 10 -1 0 -0.000026 0 1 0 0.000026 0 -1 32028.dat
1 0 0 40 10 -1 0 -0.000026 0 1 0 0.000026 0 -1 32028.dat
1 0 0 24 -20 0 0 1 0 1 0 -1 0 0 92013.dat
0 STEP
1 308 -30 32 -50 1 0 0 0 1 0 0 0 1 4287.dat
1 308 -30 32 -30 -1 0 0 0 1 0 0 0 -1 4287.dat
1 308 30 32 -50 1 0 0 0 1 0 0 0 1 4287.dat
1 308 30 32 -30 -1 0 0 0 1 0 0 0 -1 4287.dat
1 0 -30 24 -80 -0.000052 0 1 0 1 0 -1 0 -0.000052 3023.dat
1 0 30 24 -80 -0.000052 0 1 0 1 0 -1 0 -0.000052 3023.dat
0 STEP
1 0 0 0 0 0 0 -1 0 1 0 1 0 0 92013.dat
1 0 0 24 -30 1 0 0 0 1 0 0 0 1 85984.dat
0 STEP
1 0 0 -24 10 -1 0 0.000053 0 1 0 -0.000053 0 -1 3048b.dat
1 0 0 -24 -10 -0.000079 0 -1 0 1 0 1 0 -0.000079 3044c.dat
0 STEP
1 308 -30 -16 -10 -1 0 -0.000026 0 1 0 0.000026 0 -1 60481.dat
1 308 30 -16 -10 -1 0 -0.000026 0 1 0 0.000026 0 -1 60481.dat
1 308 -30 8 -30 1 0 0.000079 0 1 0 -0.000079 0 1 3040.dat
1 308 30 8 -30 1 0 0.000079 0 1 0 -0.000079 0 1 3040.dat
1 308 -30 -16 -30 1 0 0.000079 0 1 0 -0.000079 0 1 3005.dat
1 308 30 -16 -30 1 0 0.000079 0 1 0 -0.000079 0 1 3005.dat
1 308 -30 -40 -20 -0.000052 0 1 0 1 0 -1 0 -0.000052 3048b.dat
1 308 30 -40 -20 -0.000001 0 -1 0 1 0 1 0 -0.000001 3048b.dat
0 STEP
1 308 -30 8 -30 1 0 0.000079 0 1 0 -0.000079 0 1 3040.dat
1 308 -30 0 -70 -1 0 -0.000026 0 1 0 0.000026 0 -1 3665.dat
1 308 -30 0 -90 1 0 -0.000027 0 1 0 0.000027 0 1 3665.dat
1 308 -30 -8 -70 0.000053 0 1 0 1 0 -1 0 0.000053 3623.dat
1 142 -30.0005 -16 -60 0.000053 0 1 0 1 0 -1 0 0.000053 3069b.dat
1 142 -30.0005 0 -100 1 0 -0.000053 0 1 0 0.000053 0 1 11477.dat
0 STEP
1 308 30 0 -70 -1 0 -0.000026 0 1 0 0.000026 0 -1 3665.dat
1 308 30 0 -90 1 0 -0.000027 0 1 0 0.000027 0 1 3665.dat
1 308 30 -8 -70 0.000053 0 1 0 1 0 -1 0 0.000053 3623.dat
1 142 29.9995 -16 -60 0.000053 0 1 0 1 0 -1 0 0.000053 3069b.dat
1 142 29.9995 0 -100 1 0 -0.000053 0 1 0 0.000053 0 1 11477.dat
0 STEP
1 0 0 42.4266 -67.0706 1 0 0 0 0.766052 0.642779 0 -0.642779 0.766052 01-shin.ldr
0 NOFILE
0 FILE 03-01-foreleg.ldr
0 Name: 03-01-foreleg.ldr
0 Author: Nathanel Titane // nathanel.titane@gmail.com // All Rights Reserved
1 0 0 0 0 1 0 0 0 1 0 0 0 1 92013.dat
1 0 10 24 -10 -1 0 -0.000053 0 1 0 0.000053 0 -1 3665.dat
1 0 -10 24 -20 0.000026 0 -1 0 1 0 1 0 0.000026 3710.dat
0 STEP
1 308 -20 32 -80 1 0 0 0 1 0 0 0 1 41764.dat
1 308 -10 32 -10 -1 0 0.000053 0 1 0 -0.000053 0 -1 3676.dat
0 STEP
1 0 -30 24 0 0.000026 0 -1 0 1 0 1 0 0.000026 3023.dat
1 0 -30 16 0 0.000026 0 -1 0 1 0 1 0 0.000026 3023.dat
1 308 -30 16 0 -0.000079 0 1 0 1 0 -1 0 -0.000079 85984.dat
0 STEP
1 15 -20 24 -100 1 0 0 0 1 0 0 0 1 41769.dat
1 15 -30 24 -40 0.000026 0 -1 0 1 0 1 0 0.000026 3069b.dat
0 STEP
1 0 -10 8 -40 -0.000079 0 1 0 1 0 -1 0 -0.000079 99206.dat
1 0 10 8 -80 0.000026 0 -1 0 1 0 1 0 0.000026 99206.dat
1 0 10 24 -40 1 0 0 0 1 0 0 0 1 42023.dat
0 STEP
1 0 0 0 -60 -0.000079 0 1 0 1 0 -1 0 -0.000079 3020.dat
1 0 0 0 -120 0.000026 0 1 0 1 0 -1 0 0.000026 92013.dat
0 STEP
1 0 0 -24 -80 -1 0 -0.000053 0 1 0 0.000053 0 -1 44126.dat
1 0 0 -24 -110 -1 0 -0.000053 0 1 0 0.000053 0 -1 3004.dat
1 0 0 -24 -130 1 0 0 0 1 0 0 0 1 3747b.dat
0 STEP
1 0 0 -48 -160 -1 0 -0.000053 0 1 0 0.000053 0 -1 44126.dat
0 STEP
1 308 0 -48 -150 -1 0 0.000053 0 1 0 -0.000053 0 -1 85984.dat
1 36 0 -56 -170 -1 0 0.000053 0 1 0 -0.000053 0 -1 3023.dat
1 308 0 -48 -180 1 0 0 0 1 0 0 0 1 15068.dat
0 STEP
1 0 0 -34 -188 -1 0 0.000052 0.000052 0.000026 1 0 1 -0.000026 99780.dat
1 0 0 -34 -188 1 0 -0.000105 -0.000105 0.000026 -1 0 1 0.000026 85984.dat
0 STEP
1 308 -43.9992 13.9964 -39.995 0.000026 1 0.000053 -1 0.000026 -0.000105 -0.000105 -0.000053 1 41748.dat
1 308 -51.9992 13.9962 -39.9945 -0.000053 1 0.000026 0.000079 0.000026 -1 -1 -0.000053 -0.000079 3069b.dat
0 STEP
1 0 44.0008 13.9991 -40 0.000026 -1 0 1 0.000026 0 0 0 1 41747.dat
1 0 52.0008 13.9989 -40 0 -1 0.000026 0.000026 0.000026 1 -1 0 0.000026 3069b.dat
0 STEP
1 0 0.0002 5.0003 -168.6549 -1 -0.000023 0.000072 -0.000056 0.86603 -0.499992 -0.000051 -0.499992 -0.86603 20-joint.ldr
0 STEP
1 0 0.0004 14.7513 -215.8227 1 0 0 0 0.819158 -0.573568 0 0.573568 0.819158 02-knee.ldr
0 NOFILE
0 FILE 03-02-foreleg.ldr
0 Name: 03-02-foreleg.ldr
0 Author: Nathanel Titane // nathanel.titane@gmail.com // All Rights Reserved
1 0 0 0 0 -1 0 0 0 1 0 0 0 -1 92013.dat
1 0 -10 24 -10.0011 -1 0 -0.000053 0 1 0 0.000053 0 -1 3665.dat
1 0 10 24 -20.0005 0.000026 0 -1 0 1 0 1 0 0.000026 3710.dat
0 STEP
1 308 20 32 -80.0011 1 0 0 0 1 0 0 0 1 41765.dat
1 308 10 32 -9.9989 -0.000053 0 -1 0 1 0 1 0 -0.000053 3676.dat
0 STEP
1 0 30 24 -0.0016 -0.000026 0 1 0 1 0 -1 0 -0.000026 3023.dat
1 0 30 16 -0.0016 -0.000026 0 1 0 1 0 -1 0 -0.000026 3023.dat
1 308 30 16 -0.0016 0.000079 0 -1 0 1 0 1 0 0.000079 85984.dat
0 STEP
1 15 20 24 -100.001 1 0 0 0 1 0 0 0 1 41770.dat
1 15 30 24 -40.0016 0.000026 0 -1 0 1 0 1 0 0.000026 3069b.dat
0 STEP
1 0 -10 8 -40 -0.000079 0 1 0 1 0 -1 0 -0.000079 99206.dat
1 0 10 8 -80 0.000026 0 -1 0 1 0 1 0 0.000026 99206.dat
1 0 -10 24 -40.0011 1 0 0 0 1 0 0 0 1 42023.dat
0 STEP
1 0 0 0 -60 -0.000079 0 1 0 1 0 -1 0 -0.000079 3020.dat
1 0 0 0 -120 0.000026 0 1 0 1 0 -1 0 0.000026 92013.dat
0 STEP
1 0 0 -24 -80 -1 0 -0.000053 0 1 0 0.000053 0 -1 44126.dat
1 0 0 -24 -110 -1 0 -0.000053 0 1 0 0.000053 0 -1 3004.dat
1 0 0 -24 -130 1 0 0 0 1 0 0 0 1 3747b.dat
0 STEP
1 0 0 -48 -160 -1 0 -0.000053 0 1 0 0.000053 0 -1 44126.dat
0 STEP
1 308 0 -48 -150 -1 0 0.000053 0 1 0 -0.000053 0 -1 85984.dat
1 36 0 -56 -170 -1 0 0.000053 0 1 0 -0.000053 0 -1 3023.dat
1 308 0 -48 -180 1 0 0 0 1 0 0 0 1 15068.dat
0 STEP
1 0 0 -34 -188 -1 0 0.000052 0.000052 0.000026 1 0 1 -0.000026 99780.dat
1 0 0 -34 -188 1 0 -0.000105 -0.000105 0.000026 -1 0 1 0.000026 85984.dat
0 STEP
1 0 -43.9992 13.9964 -39.995 0.000026 1 0.000053 -1 0.000026 -0.000105 -0.000105 -0.000053 1 41748.dat
1 0 -51.9992 13.9962 -39.9945 -0.000053 1 0.000026 0.000079 0.000026 -1 -1 -0.000053 -0.000079 3069b.dat
0 STEP
1 308 44.0008 13.9991 -40 0.000026 -1 0 1 0.000026 0 0 0 1 41747.dat
1 308 52.0008 13.9989 -40 0 -1 0.000026 0.000026 0.000026 1 -1 0 0.000026 3069b.dat
0 STEP
1 0 0.0002 5.0003 -168.6549 -1 -0.000023 0.000072 -0.000056 0.86603 -0.499992 -0.000051 -0.499992 -0.86603 20-joint.ldr
0 STEP
1 0 0.0004 14.7513 -215.8227 1 0 0 0 0.819158 -0.573568 0 0.573568 0.819158 02-knee.ldr
0 NOFILE
0 FILE 05-waist.ldr
0 Name: 05-waist.ldr
0 Author: Nathanel Titane // nathanel.titane@gmail.com // All Rights Reserved
1 142 -9.9995 72 29.9995 -1 0 0.000053 0 1 0 -0.000053 0 -1 3665.dat
1 142 10.0005 72 29.9995 -1 0 0.000053 0 1 0 -0.000053 0 -1 3665.dat
1 0 0 48 50 1 0 0 0 1 0 0 0 1 32064.dat
1 0 0 58 60 0.000026 0 -1 0 1 0 1 0 0.000026 32062.dat
1 0 0 58 70 0.000026 0 -1 1 0.000026 0.000026 0.000026 -1 0 32474.dat
0 STEP
1 142 0 48 30 1 0 0 0 1 0 0 0 1 3747b.dat
0 STEP
1 0 0 24 50 -1 0 -0.000052 0 1 0 0.000052 0 -1 3660.dat
1 0 0.0005 40 30.0005 -1 0 -0.000052 0 1 0 0.000052 0 -1 3023.dat
1 0 0.0005 32 30.0005 -1 0 -0.000052 0 1 0 0.000052 0 -1 3023.dat
1 142 0.0003 24 0 0.000026 0 1 0 1 0 -1 0 0.000026 3003.dat
0 STEP
1 0 0.0005 16 60 -1 0 -0.000052 0 1 0 0.000052 0 -1 3022.dat
1 0 -9.9995 8 60.0005 -1 0 -0.000052 0 1 0 0.000052 0 -1 92946.dat
1 0 10.0005 8 60.0005 -1 0 -0.000052 0 1 0 0.000052 0 -1 92946.dat
0 STEP
1 308 -9.9995 8 29.9995 0.000027 0 1 0 1 0 -1 0 0.000027 4286.dat
1 308 10.0005 8 29.9995 -0.00008 0 -1 0 1 0 1 0 -0.00008 4286.dat
0 STEP
1 308 -39.9995 32 29.9979 -1 0 0.000053 0 1 0 -0.000053 0 -1 3039.dat
1 308 -29.9995 56 29.9979 0.000027 0 1 0 1 0 -1 0 0.000027 3665.dat
1 308 -29.9995 56 49.9979 -1 0 0.000053 0 1 0 -0.000053 0 -1 3676.dat
0 STEP
1 308 40.0005 32 29.9979 -1 0 0.000053 0 1 0 -0.000053 0 -1 3039.dat
1 308 30.0005 56 29.9979 -0.00008 0 -1 0 1 0 1 0 -0.00008 3665.dat
1 308 30.0005 56 49.9979 -0.000079 0 -1 0 1 0 1 0 -0.000079 3676.dat
0 STEP
1 0 -10 0 40 0.000026 0 -1 0 1 0 1 0 0.000026 92280.dat
1 0 10 0 40 0.000026 0 -1 0 1 0 1 0 0.000026 92280.dat
0 STEP
1 142 -10 0 0 0.000026 0 1 0 1 0 -1 0 0.000026 32064.dat
1 142 10 0 0 0.000026 0 1 0 1 0 -1 0 0.000026 32064.dat
1 0 0 10 0 1 0 0 0 1 0 0 0 1 3705.dat
1 0 -30 10 0 0.000026 1 0 -1 0.000026 0 0 0 1 32474.dat
1 0 30 10 0 0.000027 -1 0 1 0.000027 0 0 0 1 32474.dat
0 STEP
1 142 -0.001 -8 20 1 0 0.000105 0 1 0 -0.000105 0 1 3068b.dat
1 142 -0.001 0 0 1 0 0.000105 0 1 0 -0.000105 0 1 15068.dat
0 STEP
1 308 -39.9995 32 69.9979 1 0 -0.000106 0 1 0 0.000106 0 1 3937.dat
1 71 -39.9995 32.8645 65.9307 1 0.000002 -0.000095 -0.000041 0.913548 -0.40673 0.000086 0.40673 0.913548 3938.dat
1 308 40.0005 32 69.9979 1 0 -0.000106 0 1 0 0.000106 0 1 3937.dat
1 71 40.0005 32.8646 65.9298 1 0.000002 -0.000095 -0.000041 0.913548 -0.40673 0.000086 0.40673 0.913548 3938.dat
0 STEP
1 308 -29.9995 10.9393 56.169 -1 0.000002 0.000042 0.000019 0.913548 0.40673 -0.000038 0.40673 -0.913548 3665.dat
1 308 -49.9995 10.9392 56.1692 0.000016 0.000002 1 0.40673 0.913548 -0.000009 -0.913548 0.40673 0.000014 3665.dat
0 STEP
1 308 -49.9996 -10.986 46.4077 0.000016 0.000002 1 0.40673 0.913548 -0.000009 -0.913548 0.40673 0.000014 3040.dat
1 308 -29.9995 -15.0533 55.543 0.000016 0.000002 1 0.40673 0.913548 -0.000009 -0.913548 0.40673 0.000014 3004.dat
1 308 -29.9994 -19.1206 64.6785 -1 0.000002 0.000069 0.000029 0.913548 0.40673 -0.000062 0.40673 -0.913548 54200.dat
0 STEP
1 308 -29.9998 -76.7616 17.1228 0.000016 0.000002 1 0.40673 0.913548 -0.000009 -0.913548 0.40673 0.000014 4460a.dat
1 308 -29.9998 -76.7616 17.1228 -1 0.000002 0.000069 0.000029 0.913548 0.40673 -0.000062 0.40673 -0.913548 54200.dat
0 STEP
1 308 30.0004 10.9394 56.1684 -1 0.000002 0.000042 0.000019 0.913548 0.40673 -0.000038 0.40673 -0.913548 3665.dat
1 308 50.0005 10.9396 56.1677 -0.000069 0.000002 -1 -0.40673 0.913548 0.00003 0.913548 0.40673 -0.000063 3665.dat
0 STEP
1 308 50.0004 -10.9855 46.4061 -0.000069 0.000002 -1 -0.40673 0.913548 0.00003 0.913548 0.40673 -0.000063 3040.dat
1 308 30.0005 -15.0531 55.5423 0.000016 0.000002 1 0.40673 0.913548 -0.000009 -0.913548 0.40673 0.000014 3004.dat
1 308 30.0006 -19.1204 64.6778 -1 0.000002 0.000069 0.000029 0.913548 0.40673 -0.000062 0.40673 -0.913548 54200.dat
1 308 30.0002 -76.7608 17.1207 -0.000069 0.000002 -1 -0.40673 0.913548 0.00003 0.913548 0.40673 -0.000063 4460a.dat
1 308 30.0002 -76.7615 17.1222 -1 0.000002 0.000069 0.000029 0.913548 0.40673 -0.000062 0.40673 -0.913548 54200.dat
0 STEP
1 0 -71.2252 10.6933 0.0003 0.965927 0.258815 0.000007 -0.258815 0.965927 -0.000001 -0.000007 -0.000001 1 03-01-foreleg.ldr
0 STEP
1 0 71.2253 10.6933 0.0003 0.965927 -0.258815 -0.000007 0.258815 0.965927 -0.000001 0.000007 -0.000001 1 03-02-foreleg.ldr
0 STEP
1 0 0.0025 -24.7257 42.7014 1 0.000014 0.000082 -0.000079 0.454007 0.890998 -0.000025 -0.890998 0.454007 06-cockpit.ldr
0 NOFILE
0 FILE 06-cockpit.ldr
0 Name: 06-cockpit.ldr
0 Author: Nathanel Titane // nathanel.titane@gmail.com // All Rights Reserved
1 0 0 0 0 -1 0 -0.000053 0 1 0 0.000053 0 -1 48336.dat
1 0 0 -8 0 -1 0 -0.000053 0 1 0 0.000053 0 -1 3023.dat
1 0 0 8 -20 -1 0 0.000053 0 1 0 -0.000053 0 -1 3660.dat
0 STEP
1 308 -0.0005 -8 -10 -1 0 -0.000053 0 1 0 0.000053 0 -1 15068.dat
1 142 0 -16 -30 1 0 0 0 1 0 0 0 1 44126.dat
1 308 0 -24 -40 1 0 0 0 1 0 0 0 1 3069b.dat
0 STEP
1 0 0 8 -50 1 0 -0.000079 0 1 0 0.000079 0 1 3003.dat
1 0 -10 8 -90 0.000026 0 1 0 1 0 -1 0 0.000026 32028.dat
1 0 10 8 -90 -0.000079 0 -1 0 1 0 1 0 -0.000079 32028.dat
1 0 -10 16 -90 0.000026 0 1 0 1 0 -1 0 0.000026 32028.dat
1 0 10 16 -90 -0.000079 0 -1 0 1 0 1 0 -0.000079 32028.dat
1 71 0 24 -90 -1 0 0.000053 0 1 0 -0.000053 0 -1 48183.dat
0 STEP
1 308 0 8 -120 1 0 0 0 1 0 0 0 1 30363.dat
0 STEP
1 308 10 32 -90 1 0 0 0 1 0 0 0 1 42023.dat
1 308 -10 32 -90 1 0 0 0 1 0 0 0 1 42023.dat
1 308 -10 32 -60 -1 0 0 0 1 0 0 0 -1 4287.dat
1 308 10 32 -60 -1 0 0 0 1 0 0 0 -1 4287.dat
0 NOFILE
0 FILE 07-abdomen.ldr
0 Name: 07-abdomen.ldr
0 Author: Nathanel Titane // nathanel.titane@gmail.com // All Rights Reserved
1 0 0 8 40 -0.000079 0 -1 0 1 0 1 0 -0.000079 92013.dat
1 0 0 0 0 0.000026 0 1 0 1 0 -1 0 0.000026 92013.dat
1 0 -10 24 50 1 0 0 0 1 0 0 0 1 13547.dat
1 0 10 24 50 1 0 0 0 1 0 0 0 1 13547.dat
0 STEP
1 0 10 0 40 -0.000184 0 -1 0 1 0 1 0 -0.000184 44728.dat
1 0 -10 0 40 0.000237 0 1 0 1 0 -1 0 0.000237 44728.dat
1 71 -10 -8 0 0.000237 0 1 0 1 0 -1 0 0.000237 44728.dat
1 71 10 -8 0 -0.00029 0 -1 0 1 0 1 0 -0.00029 44728.dat
0 STEP
1 71 -32.0007 19.9999 39.9988 -0.000026 1 0.000053 1 0.000026 0 0 0.000053 -1 3022.dat
1 142 -32.0005 9.9999 39.9988 -0.000053 1 -0.000026 0.000026 0.000026 1 1 0.000053 -0.000026 85984.dat
1 142 -32.001 29.9999 39.9988 0.000053 1 0.000026 -0.000079 0.000026 -1 -1 0.000053 0.000079 85984.dat
1 142 -24.0005 2.0002 -0.0007 -0.000053 1 -0.000026 0.000026 0.000026 1 1 0.000053 -0.000026 85984.dat
1 142 -24.001 22.0002 -0.0007 0.000053 1 0.000026 -0.000079 0.000026 -1 -1 0.000053 0.000079 85984.dat
0 STEP
1 71 32.0007 19.9999 40 0.000026 -1 0 1 0.000026 0 0 0 1 3022.dat
1 142 32.0005 9.9999 40 0 -1 0.000026 0.000026 0.000026 1 -1 0 0.000026 85984.dat
1 142 32.001 29.9999 40 0 -1 -0.000026 -0.000079 0.000026 -1 1 0 -0.000079 85984.dat
1 142 24.0005 2.0002 0.0015 0.000106 -1 0.000026 0.000026 0.000026 1 -1 -0.000106 0.000026 85984.dat
1 142 24.001 22.0002 0.0015 -0.000106 -1 -0.000026 -0.000079 0.000026 -1 1 -0.000106 -0.000079 85984.dat
0 STEP
1 0 0.0032 -16 -10.0032 1 0 -0.000316 0 1 0 0.000316 0 1 48336.dat
1 0 -0.0079 -24 19.9968 -1 0 0.000369 0 1 0 -0.000369 0 -1 93606.dat
0 STEP
0 !LEOCAD PIECE PIVOT  -0 -0 11 1 0 0 0 1 0 0 0 1
1 0 0.0002 23.6018 88.3027 -1 -0.000013 0.000032 -0.00003 0.819159 -0.573566 -0.000019 -0.573566 -0.819159 20-joint.ldr
0 STEP
0 !LEOCAD PIECE PIVOT  0 10 -40 1 0 0 0 1 0 0 0 1
1 0 0.0005 12.5436 134.1514 1 -0.000001 0.000002 0.000002 0.984808 -0.173645 -0.000001 0.173645 0.984808 08-torso.ldr
0 NOFILE
0 FILE 08-torso.ldr
0 Name: 08-torso.ldr
0 Author: Nathanel Titane // nathanel.titane@gmail.com // All Rights Reserved
1 72 -0.0016 32 30 1 0 -0.000106 0 1 0 0.000106 0 1 3023.dat
1 36 -0.0016 32 10 1 0 -0.000053 0 1 0 0.000053 0 1 3023.dat
1 0 -10.0016 40 -30 -1 0 0.000159 0 1 0 -0.000159 0 -1 13547.dat
1 0 9.9984 40 -30 -1 0 0.000159 0 1 0 -0.000159 0 -1 13547.dat
1 0 -10.0016 48 -20 -0.000185 0 -1 0 1 0 1 0 -0.000185 85984.dat
1 0 9.9984 48 -20 0.000238 0 1 0 1 0 -1 0 0.000238 85984.dat
0 STEP
1 36 -0.0016 24 30 1 0 -0.000026 0 1 0 0.000026 0 1 3023.dat
1 0 -0.0016 24 0 0.000132 0 1 0 1 0 -1 0 0.000132 2444.dat
1 0 0.0005 34 -30.0021 1 0 -0.000212 0 1 0 0.000212 0 1 41532.dat
0 STEP
1 0 -0.0016 0 30 -1 0 0.000053 0 1 0 -0.000053 0 -1 3700.dat
1 0 0 0 0 0.000026 0 1 0 1 0 -1 0 0.000026 92013.dat
0 STEP
1 0 -30.0005 -24 30 -0.00008 0 -1 0 1 0 1 0 -0.00008 3040.dat
1 0 29.9995 -24 30 0.000133 0 1 0 1 0 -1 0 0.000133 3040.dat
1 0 -10 -24 0 0.000026 0 -1 0 1 0 1 0 0.000026 32000.dat
1 0 10 -24 0 0.000026 0 -1 0 1 0 1 0 0.000026 32000.dat
1 0 20 -14 10 1 0 0 0 1 0 0 0 1 2780.dat
1 0 20 -14 -10 1 0 0 0 1 0 0 0 1 2780.dat
1 0 -20 -14 -10 1 0 0 0 1 0 0 0 1 2780.dat
1 0 -20 -14 10 1 0 0 0 1 0 0 0 1 2780.dat
0 STEP
1 0 -0.0005 -48 10 -1 0 0.000053 0 1 0 -0.000053 0 -1 85984.dat
1 0 -0.0005 -48 10 -1 0 0.000053 0 1 0 -0.000053 0 -1 32064.dat
1 0 -0.0008 -38 20 0.000027 0 1 0 1 0 -1 0 0.000027 32062.dat
1 142 -0.0008 -38 30 0.000027 0 1 -1 0.000026 0.000027 -0.000026 -1 0 32474.dat
0 STEP
1 0 10 -40 -10 1 0 0 0 1 0 0 0 1 13547.dat
1 0 -10 -40 -10 1 0 0 0 1 0 0 0 1 13547.dat
1 142 -0.0011 -40 -30.0005 1 0 -0.000211 0 1 0 0.000211 0 1 3023.dat
0 STEP
1 0 -30 -24 0 0.000026 0 -1 0 1 0 1 0 0.000026 32000.dat
1 0 -30.0005 -32 20 -1 0 0.000053 0 1 0 -0.000053 0 -1 92946.dat
1 0 -30.0005 -32 -20 1 0 -0.000106 0 1 0 0.000106 0 1 92946.dat
0 STEP
1 0 -30.0005 -40 -10 1 0 -0.000106 0 1 0 0.000106 0 1 2420.dat
1 0 -40.0005 -32 0 0.000134 0 1 0 1 0 -1 0 0.000134 15068.dat
1 0 -50.0005 -32 0 0.000134 0 1 0 1 0 -1 0 0.000134 48336.dat
0 STEP
1 142 -30.0005 -24 -30 1 0 -0.000106 0 1 0 0.000106 0 1 3040.dat
1 142 -30.0005 0 -10 1 0 -0.000212 0 1 0 0.000212 0 1 4287.dat
1 142 -30.0005 0 10 -1 0 0.000159 0 1 0 -0.000159 0 -1 3665.dat
0 STEP
1 0 30 -24 0 0.000026 0 -1 0 1 0 1 0 0.000026 32000.dat
1 0 29.9995 -32 -20 1 0 -0.000106 0 1 0 0.000106 0 1 92946.dat
1 0 29.9995 -32 20 -1 0 0.000053 0 1 0 -0.000053 0 -1 92946.dat
0 STEP
1 308 -50.0005 -24 0 0.000134 0 1 0 1 0 -1 0 0.000134 6069.dat
0 STEP
1 0 -60.0005 0 -10 1 0 -0.000107 0 1 0 0.000107 0 1 11211.dat
1 0 -60.0005 0 10 -1 0 0.00016 0 1 0 -0.00016 0 -1 11211.dat
1 0 -90.0005 0 0 0.000134 0 1 0 1 0 -1 0 0.000134 32064.dat
1 0 -110.0005 0 0 0.000134 0 1 0 1 0 -1 0 0.000134 32064.dat
1 0 -110.0005 10 0 1 0 -0.000108 0 1 0 0.000108 0 1 4519.dat
1 0 -130.0005 10 0 -0.000079 1 0 -1 -0.000079 0.000108 0.000108 0 1 32474.dat
0 STEP
1 142 -50.0005 24 10 -0.000185 0 -1 0 1 0 1 0 -0.000185 3665.dat
1 142 -50.0005 24 -10 -0.000185 0 -1 0 1 0 1 0 -0.000185 3665.dat
1 142 -70.0005 24 -10 0.000133 0 1 0 1 0 -1 0 0.000133 4287.dat
1 142 -70.0005 24 10 0.000133 0 1 0 1 0 -1 0 0.000133 4287.dat
0 STEP
1 0 29.9989 -40 -10.0005 -0.000185 0 -1 0 1 0 1 0 -0.000185 2420.dat
1 0 39.9995 -32 0 -0.000187 0 -1 0 1 0 1 0 -0.000187 15068.dat
1 0 49.9995 -32 0.0005 -0.000187 0 -1 0 1 0 1 0 -0.000187 48336.dat
0 STEP
1 142 29.9995 -24 -30 1 0 -0.000106 0 1 0 0.000106 0 1 3040.dat
1 142 29.9995 0 10 -1 0 0.000159 0 1 0 -0.000159 0 -1 3665.dat
1 142 29.9995 0 -10 1 0 -0.000212 0 1 0 0.000212 0 1 4287.dat
0 STEP
1 308 49.9995 -24 0.0005 -0.000187 0 -1 0 1 0 1 0 -0.000187 6069.dat
0 STEP
1 0 59.999 0 10.0011 -1 0 0.00016 0 1 0 -0.00016 0 -1 11211.dat
1 0 60 0 -9.999 1 0 -0.000213 0 1 0 0.000213 0 1 11211.dat
1 0 89.9995 0 0.0026 -0.000187 0 -1 0 1 0 1 0 -0.000187 32064.dat
1 0 109.9996 0 0.0037 -0.000187 0 -1 0 1 0 1 0 -0.000187 32064.dat
1 0 109.9995 10 0.0037 -1 0 0.000161 0 1 0 -0.000161 0 -1 4519.dat
1 0 129.9996 10 0.0048 0.000079 -1 0.000053 -1 -0.000079 0.000108 -0.000108 -0.000053 -1 32474.dat
0 STEP
1 142 50 24 -9.9995 0.000238 0 1 0 1 0 -1 0 0.000238 3665.dat
1 142 49.999 24 10.0005 0.000238 0 1 0 1 0 -1 0 0.000238 3665.dat
1 142 69.999 24 10.0016 -0.000186 0 -1 0 1 0 1 0 -0.000186 4287.dat
1 142 70 24 -9.9984 -0.000186 0 -1 0 1 0 1 0 -0.000186 4287.dat
0 STEP
1 0 -73.4414 -34.9137 9.9983 0.819158 -0.573568 -0.000015 -0.573568 -0.819158 -0.000048 0.000015 0.000048 -1 2555.dat
1 0 -69.8383 -47.2027 9.9988 0.000006 -0.573568 -0.819158 -0.000063 -0.819158 0.573568 -1 0.000048 -0.000041 92946.dat
1 0 -61.6468 -52.9384 9.999 0.000037 -0.573568 0.819158 0.000033 -0.819158 -0.573568 1 0.000048 -0.000012 13547.dat
1 0 -98.0161 -17.7067 9.9978 -0.819158 -0.573568 0.000059 0.573568 -0.819158 0.000018 0.000038 0.000048 1 3069b.dat
0 STEP
1 0 73.4408 -34.9134 10.0001 -0.819158 0.573568 0.000028 -0.573568 -0.819158 0.000079 0.000068 0.000048 1 2555.dat
1 0 69.8378 -47.2024 10.0011 0.000007 0.573568 0.819158 0.000064 -0.819158 0.573568 1 0.000048 -0.000042 92946.dat
1 0 61.6462 -52.938 10.0018 -0.00005 0.573568 -0.819158 -0.000094 -0.819158 -0.573568 -1 0.000048 0.000095 13547.dat
1 0 98.0156 -17.7063 9.9981 0.819158 0.573568 -0.000071 0.573568 -0.819158 -0.000109 -0.000121 0.000048 -1 3069b.dat
0 STEP
1 0 -73.4414 -34.9136 -9.9999 0.819158 -0.573568 -0.000015 -0.573568 -0.819158 -0.000048 0.000015 0.000048 -1 2555.dat
1 0 -45.2636 -64.4096 -9.9994 0.000037 -0.573568 0.819158 0.000033 -0.819158 -0.573568 1 0.000048 -0.000012 13547.dat
1 0 -94.4132 -29.9955 -9.9982 0.000059 -0.573568 0.819158 0.000018 -0.819158 -0.573568 1 0.000049 -0.000038 54200.dat
1 0 -61.6468 -52.9382 -10.0019 -0.819158 -0.573568 0.000059 0.573568 -0.819158 0.000018 0.000038 0.000048 1 3070b.dat
1 0 -45.2636 -64.4096 -10.0005 -0.819158 -0.573568 0.000059 0.573568 -0.819158 0.000018 0.000038 0.000048 1 3024.dat
1 142 -45.2636 -64.4096 -10.0005 -0.819158 0.573568 -0.000028 0.573568 0.819158 0.000026 0.000038 0.000005 -1 15535.dat
1 72 -40.675 -57.8563 -10.0013 -0.819158 0.573568 -0.000028 0.573568 0.819158 0.000026 0.000038 0.000005 -1 2654.dat
0 STEP
1 0 73.4405 -34.9135 -9.9999 -0.819158 0.573568 0.000028 -0.573568 -0.819158 0.000079 0.000068 0.000048 1 2555.dat
1 0 45.2627 -64.4095 -9.9963 -0.00005 0.573568 -0.819158 -0.000094 -0.819158 -0.573568 -1 0.000048 0.000095 13547.dat
1 0 94.4122 -29.9954 -10.0025 -0.000071 0.573568 -0.819158 -0.00011 -0.819158 -0.573568 -1 0.000049 0.000121 54200.dat
1 0 61.6459 -52.9381 -9.9955 0.819158 0.573568 -0.000071 0.573568 -0.819158 -0.000109 -0.000121 0.000048 -1 3070b.dat
1 0 45.2627 -64.4095 -9.9952 0.819158 0.573568 -0.000071 0.573568 -0.819158 -0.000109 -0.000121 0.000048 -1 3024.dat
1 142 45.2627 -64.4095 -9.9952 0.819158 -0.573568 0.000041 0.573568 0.819158 0.000152 -0.000121 -0.000101 1 15535.dat
1 72 40.6742 -57.8562 -9.9952 0.819158 -0.573568 0.000041 0.573568 0.819158 0.000152 -0.000121 -0.000101 1 2654.dat
0 STEP
1 36 -0.0011 -48 -30.0005 1 0 -0.000211 0 1 0 0.000211 0 1 3023.dat
1 72 -0.0011 -48 -10.0005 1 0 -0.000211 0 1 0 0.000211 0 1 3023.dat
0 STEP
1 36 -0.0011 -56 -10.0005 1 0 -0.000211 0 1 0 0.000211 0 1 3023.dat
1 0 0 -64 -40 1 0 0 0 1 0 0 0 1 93606.dat
0 STEP
1 308 -50.0005 9.997 44 -0.000134 0 1 -1 0.000027 -0.000134 -0.000027 -1 0 43711.dat
1 308 49.9972 9.9994 44.0006 -0.000134 0.000053 -1 1 0.000026 -0.000134 0.000026 -1 -0.000053 43710.dat
1 0 -50.0005 9.997 44 -0.000107 0 1 -1 0.000027 -0.000107 -0.000027 -1 0 54200.dat
1 0 49.9972 9.9994 44.0006 -0.000161 0.000053 -1 1 0.000026 -0.000161 0.000026 -1 -0.000053 54200.dat
0 STEP
1 0 -50.0005 9.9994 -44 0.000134 0 1 1 0.000026 -0.000134 -0.000026 1 0 43710.dat
1 0 50.0018 9.997 -43.9995 0.000134 -0.000053 -1 -1 0.000027 -0.000134 0.000027 1 -0.000053 43711.dat
1 0 -50.0005 9.9994 -44 0.000161 0 1 1 0.000026 -0.000161 -0.000026 1 0 54200.dat
1 0 50.0018 9.997 -43.9995 0.000107 -0.000053 -1 -1 0.000027 -0.000107 0.000027 1 -0.000053 54200.dat
0 STEP
1 0 -0.002 653.3215 -252.108 1 0 0 0 1 0 0 0 1 08-01-tail.ldr
0 STEP
1 0 0 -10 120 1 0 0 0 0.000026 1 0 -1 0.000026 09-head.ldr
0 STEP
1 0 -166.0498 4.8207 19.3294 0.96596 -0.258693 -0.000088 0.067048 0.250026 0.965915 -0.249854 -0.933041 0.25886 10-01-shoulder.ldr
0 STEP
1 0 166.0467 4.8188 19.3404 -0.965949 0.258733 0.0001 0.066857 0.249976 -0.965941 -0.249946 -0.933043 -0.258763 10-02-shoulder.ldr
0 NOFILE
0 FILE 08-01-tail.ldr
0 Name: 08-01-tail.ldr
0 Author: Nathanel Titane // nathanel.titane@gmail.com // All Rights Reserved
1 0 0.011 -611.668 183.6282 1 0 -0.000212 -0.000081 0.923882 -0.382677 0.000196 0.382677 0.923882 30554a.dat
1 0 0.0195 -604.0144 145.1506 1 0 -0.000212 0 1 0 0.000212 0 1 30554a.dat
1 0 0.028 -611.668 106.6729 1 0 -0.000212 0.000081 0.923882 0.382677 0.000196 -0.382677 0.923882 30554a.dat
1 0 0.0365 -633.4636 74.0529 1 0 -0.000212 0.00015 0.707116 0.707097 0.00015 -0.707098 0.707116 30554a.dat
0 STEP
1 0 0.036 -640.533 52.838 1 0 -0.000264 0.000187 -0.707153 0.70706 -0.000187 -0.70706 -0.707153 30553.dat
1 1 0.0349 -626.3911 38.6957 0.000185 -0.000053 1 -0.707098 -0.707116 0.000093 0.707116 -0.707098 -0.000168 43093.dat
0 STEP
1 0 -0.0022 -619.3217 17.4838 -0.000133 0 -1 -0.707098 0.707116 0.000094 0.707116 0.707098 -0.000094 2444.dat
1 0 -0.0016 -632.0496 18.8982 1 0 -0.000159 -0.000112 0.707116 -0.707098 0.000112 0.707098 0.707116 3069b.dat
1 0 -0.0032 -599.5228 8.9983 1 0 -0.000159 -0.000112 0.707116 -0.707098 0.000112 0.707098 0.707116 15068.dat
0 STEP
1 0 -0.0032 -599.5228 8.9983 1 0 -0.000159 -0.000112 0.707116 -0.707098 0.000112 0.707098 0.707116 3003.dat
0 STEP
1 308 -0.0011 -622.1498 42.9398 1 0 -0.000159 -0.000112 0.707116 -0.707098 0.000112 0.707098 0.707116 43713.dat
1 0 -0.0011 -616.4929 48.5965 1 0 -0.000159 -0.000112 0.707116 -0.707098 0.000112 0.707098 0.707116 3068b.dat
0 STEP
1 0 -30.0011 -627.8079 37.2841 -1 0 0.000212 0.00015 0.707116 0.707098 -0.00015 0.707098 -0.707116 92946.dat
1 0 29.9989 -627.8057 37.2819 -1 0 0.000212 0.00015 0.707116 0.707098 -0.00015 0.707098 -0.707116 92946.dat
1 0 29.9984 -620.7347 30.2107 1 0 -0.000186 -0.000131 0.707116 -0.707098 0.000131 0.707098 0.707116 54200.dat
1 0 -30.0017 -620.7369 30.2129 1 0 -0.000186 -0.000131 0.707116 -0.707098 0.000131 0.707098 0.707116 54200.dat
1 0 -0.0053 -571.239 -19.2863 1 0 -0.000159 -0.000112 0.707116 -0.707098 0.000112 0.707098 0.707116 43719.dat
0 STEP
1 0 -0.0063 -562.7539 -39.0854 0.000186 0 1 0.707098 0.707116 -0.000132 -0.707116 0.707098 0.000132 2444.dat
1 0 -0.0053 -571.239 -19.2863 -1 0 0.000212 0.00015 0.707116 0.707098 -0.00015 0.707098 -0.707116 15068.dat
1 0 -0.0068 -561.3398 -51.8134 1 0 -0.000159 -0.000112 0.707116 -0.707098 0.000112 0.707098 0.707116 3069b.dat
0 STEP
1 0 -0.0058 -534.4683 -53.2295 1 0 -0.00016 -0.000113 0.707116 -0.707098 0.000113 0.707098 0.707116 41532.dat
1 0 0.0006 -501.8484 -75.0252 1 0 -0.00016 -0.000148 0.382701 -0.923872 0.000061 0.923872 0.382701 30554a.dat
1 0 0.0071 -463.3707 -82.6789 1 0 -0.00016 -0.00016 0.000026 -1 0 1 0.000026 30554a.dat
1 0 0.0135 -423.3705 -82.68 1 0 -0.00016 -0.00016 0.000026 -1 0 1 0.000026 30554a.dat
1 0 0.0199 -384.8932 -90.3354 1 0 -0.00016 -0.000148 0.382701 -0.923872 0.000061 0.923872 0.382701 30554a.dat
1 0 -0.0076 -352.2744 -112.1326 1 0 -0.00016 -0.000113 0.707116 -0.707098 0.000113 0.707098 0.707116 30554a.dat
1 0 -0.0012 -319.6545 -133.9283 1 0 -0.00016 -0.000148 0.382701 -0.923872 0.000061 0.923872 0.382701 30554a.dat
1 0 0.0052 -281.1769 -141.5819 1 0 -0.00016 -0.00016 0.000026 -1 0 1 0.000026 30554a.dat
1 0 0.0116 -242.6994 -149.2375 1 0 -0.00016 -0.000148 0.382701 -0.923872 0.000061 0.923872 0.382701 30554a.dat
1 0 -0.0159 -210.0805 -171.0344 1 0 -0.00016 -0.000113 0.707116 -0.707098 0.000113 0.707098 0.707116 30554a.dat
1 0 -0.0095 -177.4605 -192.83 1 0 -0.00016 -0.000148 0.382701 -0.923872 0.000061 0.923872 0.382701 30554a.dat
1 0 -0.0031 -138.9829 -200.4837 1 0 -0.00016 -0.00016 0.000026 -1 0 1 0.000026 30554a.dat
1 0 0.0033 -100.505 -192.8304 1 0 -0.00016 -0.000148 -0.382653 -0.923892 -0.000061 0.923892 -0.382653 30554a.dat
0 STEP
1 0 0.0019 -74.9567 -178.106 1 0 -0.000264 0.000187 0.707042 0.707172 0.000187 -0.707172 0.707042 30553.dat
1 0 0.0018 -74.9566 -178.1062 1 -0.000052 -0.000212 -0.000113 0.70719 -0.707023 0.000187 0.707023 0.70719 30374.dat
0 STEP
1 71 -0.0003 -43.843 -146.9951 1 0.000052 -0.000212 0.000187 -0.707228 0.706986 -0.000113 -0.706986 -0.707228 3062b.dat
1 71 -0.0016 -26.8718 -130.0251 1 0.000052 -0.000212 0.000187 -0.707228 0.706986 -0.000113 -0.706986 -0.707228 3062b.dat
1 71 -0.0028 -9.9006 -113.0554 1 0.000052 -0.000212 0.000187 -0.707228 0.706986 -0.000113 -0.706986 -0.707228 4589.dat
0 NOFILE
0 FILE 09-head.ldr
0 Name: 09-head.ldr
0 Author: Nathanel Titane // nathanel.titane@gmail.com // All Rights Reserved
1 0 0 0 0 1 0 0 0 1 0 0 0 1 4070.dat
1 0 0 0 20 1 0 0 0 1 0 0 0 1 4733.dat
1 0 -0.0003 24 10 0.000026 0 1 0 1 0 -1 0 0.000026 3023.dat
0 STEP
