0 FILE 00-instructions.ldr
0 Name: 00-instructions.ldr
0 Author: Nathanel Titane // nathanel.titane@gmail.com // All Rights Reserved
0
0 // LPUB[3D] FRONT COVER PAGE /////////////////////////////////////////////////
0
0 !LPUB PAGE DOCUMENT_TITLE_FRONT COLOR "#666666"
0 !LPUB PAGE DOCUMENT_TITLE_FRONT CONTENT GLOBAL "MODEL // RV-9625 CYCLONE // TITAN"
0 !LPUB PAGE DOCUMENT_TITLE_FRONT DISPLAY GLOBAL TRUE
0 !LPUB PAGE DOCUMENT_TITLE_FRONT FONT "Noto Sans,72,-1,0,75,0,0,0,0,0,Bold"
0 !LPUB PAGE DOCUMENT_TITLE_FRONT MARGINS 0.2500 0.1000
0 !LPUB PAGE DOCUMENT_TITLE_FRONT PLACEMENT GLOBAL TOP_LEFT PAGE INSIDE OFFSET 0.0000 0.0000

0 !LPUB PAGE DOCUMENT_AUTHOR_FRONT CONTENT GLOBAL "MODEL DESIGN AND INSTRUCTIONS // NATHANEL TITANE"
0 !LPUB PAGE DOCUMENT_AUTHOR_FRONT COLOR "#666666"
0 !LPUB PAGE DOCUMENT_AUTHOR_FRONT DISPLAY GLOBAL TRUE
0 !LPUB PAGE DOCUMENT_AUTHOR_FRONT FONT "Noto Sans,18,-1,0,75,0,0,0,0,0,Bold"
0 !LPUB PAGE DOCUMENT_AUTHOR_FRONT MARGINS 0.3000 1.0000
0 !LPUB PAGE DOCUMENT_AUTHOR_FRONT PLACEMENT TOP_LEFT PAGE INSIDE OFFSET 0.0000 0.0000

0 !LPUB PAGE MODEL_PARTS COLOR "#666666"
0 !LPUB PAGE MODEL_PARTS CONTENT GLOBAL "700 PIECES"
0 !LPUB PAGE MODEL_PARTS DISPLAY GLOBAL TRUE
0 !LPUB PAGE MODEL_PARTS FONT "Noto Sans,72,-1,0,75,0,0,0,0,0,Bold"
0 !LPUB PAGE MODEL_PARTS MARGINS 0.2500 0.1000
0 !LPUB PAGE MODEL_PARTS PLACEMENT GLOBAL BOTTOM_LEFT PAGE INSIDE OFFSET 0.0000 0.0000

0 !LPUB PAGE PUBLISH_DESCRIPTION COLOR "#666666"
0 !LPUB PAGE PUBLISH_DESCRIPTION CONTENT GLOBAL "LEGO // LINUX - Where Lego and Linux Meet"
0 !LPUB PAGE PUBLISH_DESCRIPTION DISPLAY GLOBAL TRUE
0 !LPUB PAGE PUBLISH_DESCRIPTION FONT "Noto Sans,36,-1,0,75,0,0,0,0,0,Bold"
0 !LPUB PAGE PUBLISH_DESCRIPTION MARGINS 0.2000 0.2000
0 !LPUB PAGE PUBLISH_DESCRIPTION PLACEMENT GLOBAL BOTTOM_RIGHT PAGE INSIDE OFFSET 0.0000 0.0000
0
0 // LPUB[3D] BACK COVER PAGE //////////////////////////////////////////////////
0
0 // LPUB[3D] DOCUMENT DISCLAIMER
0 !LPUB PAGE LEGO_DISCLAIMER COLOR "#666666"
0 !LPUB PAGE LEGO_DISCLAIMER CONTENT GLOBAL "LEGO® // REGISTERED TRADEMARK OF THE LEGO GROUP"
0 !LPUB PAGE LEGO_DISCLAIMER DISPLAY GLOBAL TRUE
0 !LPUB PAGE LEGO_DISCLAIMER FONT "Noto Sans,36,-1,0,75,0,0,0,0,0,Bold"
0 !LPUB PAGE LEGO_DISCLAIMER PLACEMENT GLOBAL CENTER PAGE INSIDE OFFSET 0.0000 -0.2500
0
0 // LPUB[3D] PAGE DOCUMENT AUTHOR
0 !LPUB PAGE DOCUMENT_AUTHOR_BACK COLOR "#666666"
0 !LPUB PAGE DOCUMENT_AUTHOR_BACK CONTENT GLOBAL "MODEL DESIGN AND INSTRUCTIONS // NATHANEL TITANE"
0 !LPUB PAGE DOCUMENT_AUTHOR_BACK DISPLAY GLOBAL TRUE
0 !LPUB PAGE DOCUMENT_AUTHOR_BACK FONT "Noto Sans,36,-1,0,75,0,0,0,0,0,Bold"
0 !LPUB PAGE DOCUMENT_AUTHOR_BACK PLACEMENT CENTER PAGE INSIDE OFFSET 0.0000 -0.2000
0
0 // LPUB[3D] PAGE PUBLICATION COPYRIGHT
0 !LPUB PAGE PUBLISH_COPYRIGHT_BACK COLOR "#666666"
0 !LPUB PAGE PUBLISH_COPYRIGHT_BACK CONTENT GLOBAL "COPYRIGHT // ALL RIGHTS RESERVED"
0 !LPUB PAGE PUBLISH_COPYRIGHT_BACK DISPLAY GLOBAL TRUE
0 !LPUB PAGE PUBLISH_COPYRIGHT_BACK FONT "Noto Sans,36,-1,0,75,0,0,0,0,0,Bold"
0 !LPUB PAGE PUBLISH_COPYRIGHT_BACK PLACEMENT GLOBAL CENTER PAGE INSIDE OFFSET 0.0000 -0.1500
0
0 // LPUB[3D] PAGE PUBLICATION EMAIL
0 !LPUB PAGE PUBLISH_EMAIL_BACK COLOR "#666666"
0 !LPUB PAGE PUBLISH_EMAIL_BACK CONTENT GLOBAL "CONTACT // NATHANEL.TITANE@GMAIL.COM // INFO@LEGOLINUX.COM"
0 !LPUB PAGE PUBLISH_EMAIL_BACK DISPLAY GLOBAL TRUE
0 !LPUB PAGE PUBLISH_EMAIL_BACK FONT "Noto Sans,18,-1,0,75,0,0,0,0,0,Bold"
0 !LPUB PAGE PUBLISH_EMAIL_BACK PLACEMENT GLOBAL CENTER PAGE INSIDE OFFSET 0.0000 -0.0500
0
0 // LPUB[3D] PAGE PUBLICATION URL
0 !LPUB PAGE PUBLISH_URL_BACK COLOR "#666666"
0 !LPUB PAGE PUBLISH_URL_BACK CONTENT GLOBAL "WEB // HTTPS://LEGOLINUX.COM/MODELS/TITANS/RV-9625-CYCLONE-TITAN"
0 !LPUB PAGE PUBLISH_URL_BACK DISPLAY GLOBAL TRUE
0 !LPUB PAGE PUBLISH_URL_BACK FONT "Noto Sans,18,-1,0,75,0,0,0,0,0,Bold"
0 !LPUB PAGE PUBLISH_URL_BACK PLACEMENT GLOBAL CENTER PAGE INSIDE OFFSET 0.0000 -0.0250
0
0 // LPUB[3D] PAGE LOGO
0 !LPUB PAGE DOCUMENT_LOGO_BACK DISPLAY GLOBAL TRUE
0 !LPUB PAGE DOCUMENT_LOGO_BACK FILE GLOBAL "/media/internal/Lego/lpub3d/instructions/logo.png"
0 !LPUB PAGE DOCUMENT_LOGO_BACK PLACEMENT CENTER PAGE INSIDE OFFSET 0.0000 0.45000
0 !LPUB PAGE DOCUMENT_LOGO_BACK SCALE GLOBAL  1.0000
0
0 // LPUB[3D] CONFIGURATION ////////////////////////////////////////////////////
0
0 // LPUB[3D] PAGE WATERMARK
0 !LPUB PAGE PUBLISH_EMAIL CONTENT GLOBAL "CONTACT // NATHANEL.TITANE@GMAIL.COM // INFO@LEGOLINUX.COM"
0 !LPUB PAGE PUBLISH_EMAIL COLOR "#666666"
0 !LPUB PAGE PUBLISH_EMAIL DISPLAY GLOBAL TRUE
0 !LPUB PAGE PUBLISH_EMAIL FONT "Noto Sans,18,-1,0,75,0,0,0,0,0,Bold"
0 !LPUB PAGE PUBLISH_EMAIL MARGINS 0.0000 0.1500
0 !LPUB PAGE PUBLISH_EMAIL PLACEMENT GLOBAL BOTTOM PAGE INSIDE OFFSET 0.0000 0.0000
0 !LPUB PAGE DOCUMENT_AUTHOR CONTENT GLOBAL "MODEL DESIGN AND INSTRUCTIONS // NATHANEL TITANE"
0 !LPUB PAGE DOCUMENT_AUTHOR COLOR "#666666"
0 !LPUB PAGE DOCUMENT_AUTHOR DISPLAY GLOBAL TRUE
0 !LPUB PAGE DOCUMENT_AUTHOR FONT "Noto Sans,18,-1,0,75,0,0,0,0,0,Bold"
0 !LPUB PAGE DOCUMENT_AUTHOR MARGINS 0.0000 0.2000
0 !LPUB PAGE DOCUMENT_AUTHOR PLACEMENT GLOBAL TOP PAGE INSIDE OFFSET 0.0000 0.0000
0
0 // LPUB[3D] STEPS HIGHLIGHT
0 !LPUB HIGHLIGHT_STEP ENABLED GLOBAL TRUE
0 !LPUB HIGHLIGHT_STEP COLOR GLOBAL "#7137C8"
0
0 // LPUB[3D] STEP FADE
0 !LPUB FADE_STEP OPACITY GLOBAL "50"
0 !LPUB FADE_STEP COLOR GLOBAL "Trans_Black"
0 !LPUB FADE_STEP ENABLED GLOBAL TRUE
0 !LPUB FINAL_MODEL_ENABLED GLOBAL TRUE
0
0 // LPUB[3D] SUBMODEL PREVIEW
0 !LPUB SUBMODEL_DISPLAY SHOW GLOBAL TRUE
0 !LPUB SUBMODEL_DISPLAY BACKGROUND COLOR "#DDDDDD"
0 !LPUB SUBMODEL_DISPLAY MARGINS 0.1500 0.7500
0 !LPUB SUBMODEL_DISPLAY BORDER SQUARE 0 Black 0.031 MARGINS 0.050 0.050
0 !LPUB SUBMODEL_DISPLAY PLACEMENT GLOBAL LEFT PAGE INSIDE
0 !LPUB SUBMODEL_DISPLAY CAMERA_ANGLES 30.0000 45.0000
0
0 // LPUB[3D] ASSEMBLIES
0 !LPUB ASSEM CAMERA_ANGLES 30.0000 45.0000
0 !LPUB ASSEM MARGINS 0.5000 0.5000
0 !LPUB ASSEM MODEL_SCALE 1.0000
0 !LPUB ASSEM PLACEMENT CENTER PAGE INSIDE OFFSET 0.0000 0.0000
0
0 // LPUB[3D] BILL OF MATERIALS
0 !LPUB BOM BACKGROUND COLOR "#DDDDDD"
0 !LPUB BOM BORDER SQUARE 0 #666666 0.025 MARGINS 0.050 0.050
0 !LPUB BOM CONSTRAIN HEIGHT 13.0000
0 !LPUB BOM CONSTRAIN SQUARE
0 !LPUB BOM PLACEMENT CENTER PAGE INSIDE OFFSET 0.0000 0.0000
0
0 // LPUB[3D] CALLOUTS
0 !LPUB CALLOUT BORDER SQUARE 0 #666666 0.025 MARGINS 0.050 0.050
0 !LPUB CALLOUT MARGINS 0.1250 0.1250
0 !LPUB CALLOUT PLACEMENT RIGHT PAGE INSIDE OFFSET 0.0000 0.0000
0
0 // LPUB[3D] PAGE
0 !LPUB PAGE DOCUMENT_COVER_IMAGE DISPLAY GLOBAL TRUE
0 !LPUB PAGE DOCUMENT_COVER_IMAGE FILE GLOBAL "../renders/flat/flat.png"
0 !LPUB PAGE DOCUMENT_COVER_IMAGE FILL GLOBAL ASPECT
0 !LPUB PAGE DOCUMENT_COVER_IMAGE MARGINS GLOBAL 0.0000 0.0000
0 !LPUB PAGE DOCUMENT_COVER_IMAGE PLACEMENT GLOBAL CENTER PAGE INSIDE OFFSET 0.0000 0.0000
0 !LPUB PAGE DOCUMENT_COVER_IMAGE SCALE GLOBAL 1.0000
0
0 // LPUB[3D] PAGE NUMBER
0 !LPUB PAGE NUMBER FONT "Noto Sans,36,-1,0,75,0,0,0,0,0,Bold"
0 !LPUB PAGE NUMBER FONT_COLOR "#666666"
0 !LPUB PAGE NUMBER MARGINS 0.1250 0.1250
0 !LPUB PAGE NUMBER PLACEMENT BOTTOM_RIGHT PAGE INSIDE OFFSET 0.0000 0.0000
0
0 // LPUB[3D] PAGE SETUP
0 !LPUB PAGE BORDER GLOBAL NONE 0 MARGINS 0.000 0.000
0 !LPUB PAGE ENABLE_TEXT_PLACEMENT GLOBAL CENTER PAGE INSIDE OFFSET 0.0000 0.0000
0 !LPUB PAGE TEXT_PLACEMENT GLOBAL TRUE
0 !LPUB PAGE PAGE_FOOTER SIZE GLOBAL 32.0000 0.5000
0 !LPUB PAGE PAGE_HEADER SIZE GLOBAL 32.0000 0.5000
0 !LPUB PAGE MARGINS GLOBAL 0.0000 0.0000
0 !LPUB PAGE ORIENTATION GLOBAL LANDSCAPE
0 !LPUB PAGE SIZE GLOBAL 16.0000 32.0000
0
0 // LPUB[3D] PAGE COLORS
0 !LPUB PAGE SUBMODEL_BACKGROUND_COLOR GLOBAL "#DDDDDD" "#FFE680" "#FFAAAA" "#C6AFE9"
0
0 // LPUB[3D] SUBMODELS
0 !LPUB PAGE SUBMODEL_INSTANCE_COUNT FONT_COLOR "#FF5555"
0 !LPUB PAGE SUBMODEL_INSTANCE_COUNT FONT "Noto Sans,72,-1,0,75,0,0,0,0,0,Bold"
0 !LPUB PAGE SUBMODEL_INSTANCE_COUNT MARGINS 0.0000 0.1250
0 !LPUB PAGE SUBMODEL_INSTANCE_COUNT PLACEMENT BOTTOM_RIGHT PAGE INSIDE OFFSET 0.0000 -0.0500
0
0 // LPUB[3D] PARTS LIST
0 !LPUB PLI BACKGROUND COLOR "#DDDDDD"
0 !LPUB PLI BORDER SQUARE 0 #666666 0.025 MARGINS 0.0500 0.050
0 !LPUB PLI CAMERA_ANGLES 30.0000 45.0000
0 !LPUB PLI CONSTRAIN HEIGHT 5.0000
0 !LPUB PLI MODEL_SCALE  1.0000
0 !LPUB PLI MARGINS 0.1500 0.7500
0 !LPUB PLI PLACEMENT TOP_RIGHT PAGE INSIDE OFFSET 0.0000 0.0000
0 !LPUB PLI INSTANCE_COUNT FONT "Noto Sans,36,-1,0,75,0,0,0,0,0,Bold"
0 !LPUB PLI INSTANCE_COUNT FONT_COLOR "#666666"
0 !LPUB PLI INSTANCE_COUNT MARGINS 0.0125 0.0125
0 !LPUB PLI INSTANCE_COUNT MARGINS 0.0125 0.3000
0
0 // LPUB[3D] STEP NUMBER
0 !LPUB STEP_NUMBER FONT "Noto Sans,72,-1,0,75,0,0,0,0,0,Bold"
0 !LPUB STEP_NUMBER FONT_COLOR "#666666"
0 !LPUB STEP_NUMBER MARGINS 0.1250 0.0000
0 !LPUB STEP_NUMBER PLACEMENT TOP_LEFT PAGE INSIDE OFFSET 0.0000 0.0000
0
0 // LPUB[3D] BEGIN INSTRUCTIONS ///////////////////////////////////////////////
0
0 STEP
0 !LPUB INSERT COVER_PAGE FRONT
0 STEP
0 !LPUB ASSEM MODEL_SCALE LOCAL 0.7500
1 0 0 0 0 1 0 0 0 1 0 0 0 1 00-model.ldr
0 STEP
0
0 // LPUB[3D] DISABLE FINAL MODEL SHOWCASE /////////////////////////////////////
0
0 !LPUB NOSTEP
0
0 // LPUB[3D] BOM PAGES
0 STEP
0 !LPUB INSERT PAGE
0 !LPUB INSERT BOM
0 STEP
0 !LPUB INSERT PAGE
0 !LPUB INSERT BOM
0 STEP
0 !LPUB INSERT PAGE
0 !LPUB INSERT BOM
0 STEP
0 !LPUB INSERT PAGE
0 !LPUB INSERT BOM
0 STEP
0 !LPUB INSERT PAGE
0 !LPUB INSERT BOM
0 STEP
0 !LPUB INSERT PAGE
0 !LPUB INSERT BOM
0 STEP
0 !LPUB INSERT PAGE
0 !LPUB INSERT BOM
0 STEP
0 !LPUB INSERT PAGE
0 !LPUB INSERT BOM
0 STEP
0 !LPUB INSERT PAGE
0 !LPUB INSERT BOM
0 STEP
0 !LPUB INSERT PAGE
0 !LPUB INSERT BOM
0 STEP
0 !LPUB INSERT PAGE
0 !LPUB INSERT BOM
0 STEP
0 !LPUB INSERT PAGE
0 !LPUB INSERT BOM
0 STEP
0
0 !LPUB NOSTEP
0
0 !LPUB INSERT COVER_PAGE BACK
0
0 // LPUB[3D] END INSTRUCTIONS /////////////////////////////////////////////////
0
0 NOFILE
0 FILE 00-model.ldr
0 Author: Nathanel Titane // nathanel.titane@gmail.com // All Rights Reserved
1 7 0 8.6576 0.9481 1 0 0 0 0.976296 -0.21644 0 0.21644 0.976296 01-torso.ldr
0 STEP
1 7 0 81.4594 5.239 1 0 0 0 0.461749 0.887011 0 -0.887011 0.461749 04-waist.ldr
0 NOFILE
0 FILE 01-torso.ldr
0 Author: Nathanel Titane // nathanel.titane@gmail.com // All Rights Reserved
1 71 0 0 0 0 0 1 0 1 0 -1 0 0 4871.dat
1 71 0 8 -50 1 0 0 0 1 0 0 0 1 32803.dat
0 STEP
1 71 0 8 -10 0 0 1 0 1 0 -1 0 0 3021.dat
0 STEP
1 72 0 -16 0 0 0 -1 0 1 0 1 0 0 48171.dat
1 0 0 -6 40 0 -1 0 1 0 0 0 0 1 47455.dat
1 4 0 -24 10 -1 0 0 0 1 0 0 0 -1 3023.dat
0 STEP
1 71 -30 -24 10 -1 0 0 0 1 0 0 0 -1 4287.dat
1 0 -30 -32 50 -1 0 0 0 1 0 0 0 -1 36840.dat
1 34 -30 -40 50 -1 0 0 0 1 0 0 0 -1 3024.dat
1 0 -30 -48 50 0 0 -1 0 1 0 1 0 0 2555.dat
1 71 -30 -24 -10 1 0 0 0 1 0 0 0 1 3665.dat
0 STEP
1 71 30 -24 10 -1 0 0 0 1 0 0 0 -1 4287.dat
1 0 30 -32 50 -1 0 0 0 1 0 0 0 -1 36840.dat
1 34 30 -40 50 -1 0 0 0 1 0 0 0 -1 3024.dat
1 0 30 -48 50 0 0 -1 0 1 0 1 0 0 2555.dat
1 71 30 -24 -10 1 0 0 0 1 0 0 0 1 3665.dat
0 STEP
1 71 -30 -32 -20 0 0 1 0 1 0 -1 0 0 3069b.dat
1 71 30 -32 -20 0 0 1 0 1 0 -1 0 0 3069b.dat
0 STEP
1 72 -20 -48 20 -1 0 0 0 1 0 0 0 -1 48169.dat
1 72 20 -48 20 1 0 0 0 1 0 0 0 1 48169.dat
0 STEP
1 71 0 -72 40 1 0 0 0 1 0 0 0 1 3003.dat
0 STEP
1 71 -10 -40 70 -1 0 0 0 1 0 0 0 -1 24201.dat
1 71 10 -40 70 -1 0 0 0 1 0 0 0 -1 24201.dat
1 25 0 -40 50 -1 0 0 0 1 0 0 0 -1 3023.dat
1 72 0 -48 60 -1 0 0 0 1 0 0 0 -1 3022.dat
0 STEP
1 71 0 -72 70 -1 0 0 0 1 0 0 0 -1 11211.dat
0 STEP
1 0 -30 -56 20 0 0 -1 0 1 0 1 0 0 60478.dat
1 0 30 -56 20 0 0 -1 0 1 0 1 0 0 60478.dat
0 STEP
1 72 0 -80 10 1 0 0 0 1 0 0 0 1 2432.dat
1 72 0 -76 10 0 0 1 -1 0 0 0 -1 0 2555.dat
1 72 0 -76 2 0 0 1 -1 0 0 0 -1 0 4073.dat
0 STEP
1 72 -30 -64 20 0 0 1 0 1 0 -1 0 0 32028.dat
1 72 30 -64 20 0 0 -1 0 1 0 1 0 0 32028.dat
0 STEP
1 0 -30 -72 20 0 0 1 0 1 0 -1 0 0 99780.dat
1 0 30 -72 20 0 0 -1 0 1 0 1 0 0 99780.dat
0 STEP
1 71 0 -80 60 0 0 1 0 1 0 -1 0 0 3022.dat
1 34 -30 -80 20 0 0 1 0 1 0 -1 0 0 3023.dat
1 34 30 -80 20 0 0 1 0 1 0 -1 0 0 3023.dat
0 STEP
1 72 -20 -88 30 0 0 1 0 1 0 -1 0 0 92946.dat
1 72 20 -88 30 0 0 -1 0 1 0 1 0 0 92946.dat
1 0 0 -88 50 1 0 0 0 1 0 0 0 1 18649.dat
1 0 0 -88 70 1 0 0 0 1 0 0 0 1 18649.dat
0 STEP
1 72 -30 -80 10 0 0 1 0 1 0 -1 0 0 54200.dat
1 72 30 -80 10 0 0 -1 0 1 0 1 0 0 54200.dat
0 STEP
1 4 0 -96 70 -1 0 0 0 1 0 0 0 -1 32028.dat
1 4 0 -96 40 0 0 -1 0 1 0 1 0 0 3022.dat
1 0 0 -104 30 1 0 0 0 1 0 0 0 1 48336.dat
1 71 0 -112 30 1 0 0 0 1 0 0 0 1 99563.dat
0 STEP
1 72 0 -104 60 1 0 0 0 1 0 0 0 1 87580.dat
1 72 0 -104 60 1 0 0 0 -1 0 0 0 -1 15535.dat
1 71 0 -112 60 1 0 0 0 -1 0 0 0 -1 3679.dat
0 STEP
1 0 0 -62 104 -1 0 0 0 0 -1 0 -1 0 3937.dat
1 71 0 -53.3397 99 -1 0 0 0 -0.866025 -0.5 0 -0.5 0.866025 3938.dat
1 0 0 -46.4115 103 1 0 0 0 -0.866025 0.5 0 -0.5 -0.866025 99781.dat
1 0 -10 -39.4833 107 0 0 -1 0.5 -0.866025 0 -0.866025 -0.5 0 2555.dat
1 0 10 -39.4833 107 0 0 -1 0.5 -0.866025 0 -0.866025 -0.5 0 2555.dat
0 STEP
1 0 0 -66.0718 117.0526 1 0 0 0 0.5 0.866025 0 -0.866025 0.5 18649.dat
1 4 0 -66.0718 117.0526 -1 0 0 0 0.5 -0.866025 0 -0.866025 -0.5 85984.dat
0 STEP
1 0 0 -34.2872 110 1 0 0 0 -0.707107 0.707107 0 -0.707107 -0.707107 98834.dat
0 STEP
1 0 0 -16 -50 1 0 0 0 1 0 0 0 1 3937.dat
1 71 0 -16 -50 1 0 0 0 1 0 0 0 1 3938.dat
1 71 0 -40 -50 1 0 0 0 1 0 0 0 1 3004.dat
0 STEP
1 0 0 -48 -50 1 0 0 0 1 0 0 0 1 44728.dat
1 71 0 -18 -72 1 0 0 0 0 -1 0 1 0 99563.dat
0 STEP
1 25 0 -38 -72 1 0 0 0 0 -1 0 1 0 3023.dat
1 0 -10 -38 -80 0 0 1 1 0 0 0 1 0 2555.dat
1 0 10 -38 -80 0 0 1 1 0 0 0 1 0 2555.dat
0 STEP
1 71 -30 -65.0718 115.3205 -0 -1 0 -0.5 0 -0.866025 0.866025 -0 -0.5 48729b.dat
1 71 30 -65.0718 115.3205 1 0 -0 0 -0.5 -0.866025 -0 0.866025 -0.5 48729b.dat
0 STEP
1 0 0 -92 -10 -1 0 0 0 -1 0 0 0 1 02-top-hatch.ldr
0 STEP
1 4 -30 -128 100 1 0 0 0 1 0 0 0 1 06-01-pod-handle.ldr
1 4 72 -86 100 0 -1 0 1 0 0 0 0 1 06-02-pod-handle.ldr
0 STEP
1 4 -114.641 -49.5539 -14.1542 0.5 0 0.866025 -0.836516 0.258819 0.482963 -0.224144 -0.965926 0.129409 09-01-shoulder.ldr
1 4 114.641 -49.5539 -14.1542 0.5 0 -0.866025 0.836516 0.258819 0.482963 0.224144 -0.965926 0.129409 09-02-shoulder.ldr
0 STEP
1 4 0 -18 -84 -1 0 0 0 0 -1 0 -1 0 13-hood.ldr
0 STEP
1 4 30 -49.1988 171.8277 -1 -0 0 -0 -0.866026 -0.5 0 -0.5 0.866026 18-02-battle-rifle.ldr
0 STEP
0 NOFILE
0 FILE 02-top-hatch.ldr
0 Author: Nathanel Titane // nathanel.titane@gmail.com // All Rights Reserved
1 4 0 0 0 1 0 0 0 1 0 0 0 1 13349.dat
0 STEP
1 0 0 8 0 -1 0 0 0 1 0 0 0 -1 60470.dat
1 0 0 0 -10 1 0 0 0 1 0 0 0 1 3068b.dat
0 STEP
1 0 -30 -8 0 0 0 1 0 1 0 -1 0 0 2555.dat
1 0 30 -8 0 0 0 1 0 1 0 -1 0 0 2555.dat
0 STEP
1 0 0 -16 -40 -1 0 0 0 1 0 0 0 -1 99206.dat
1 42 0 -16 -60 -1 0 0 0 1 0 0 0 -1 3069b.dat
1 0 0 -40 -40 1 0 0 0 1 0 0 0 1 3937.dat
1 71 0 -30 -50 1 0 0 0 0 -1 0 1 0 3938.dat
0 STEP
1 0 -10 -30 -58 -1 0 0 0 0 1 0 1 0 3024.dat
1 43 -10 -30 -66 -1 0 0 0 0 1 0 1 0 98138.dat
1 0 10 -30 -50 -1 0 0 0 0 1 0 1 0 54200.dat
0 STEP
1 4 30.0001 -36.6274 -19.799 1 0 0 0 0.707107 0.707107 0 -0.707107 0.707107 03-01-side-hatch.ldr
0 STEP
1 4 -30 -36.6274 -19.799 1 0 0 0 0.707107 0.707107 0 -0.707107 0.707107 03-02-side-hatch.ldr
0 NOFILE
0 FILE 03-01-side-hatch.ldr
0 Author: Nathanel Titane // nathanel.titane@gmail.com // All Rights Reserved
1 0 0 0 0 0 0 1 0 1 0 -1 0 0 18649.dat
0 STEP
1 0 0 -8 0 0 0 -1 0 1 0 1 0 0 2540.dat
1 72 0 -16 0 1 0 0 0 1 0 0 0 1 92946.dat
1 72 0 -16 10 -1 0 0 0 1 0 0 0 -1 54200.dat
0 STEP
1 0 0 8 0 0 0 -1 0 1 0 1 0 0 32028.dat
1 0 0 16 0 0 0 -1 0 1 0 1 0 0 32028.dat
0 STEP
1 72 0 24 -10 1 0 0 0 1 0 0 0 1 2341.dat
1 72 0 24 -30 1 0 0 0 1 0 0 0 1 54200.dat
0 STEP
1 71 0 50 -10 0 0 -1 1 0 0 0 -1 0 4274.dat
0 STEP
1 0 0 -13.5563 -42.7279 -1 0 0 0 0.707107 -0.707107 0 -0.707107 -0.707107 61252.dat
0 STEP
1 72 0 -44.6691 -39.8995 -1 0 0 0 0.707107 -0.707107 0 -0.707107 -0.707107 28192.dat
1 0 0 -39.0122 -45.5564 1 0 0 0 0.707107 0.707107 0 -0.707107 0.707107 3024.dat
1 34 0 -33.3553 -51.2132 0 0 -1 0.707107 0.707107 0 0.707107 -0.707107 0 3024.dat
0 STEP
1 0 20 -6 -20 -1 0 0 0 0 1 0 1 0 44676.dat
0 STEP
0 NOFILE
0 FILE 03-02-side-hatch.ldr
0 Author: Nathanel Titane // nathanel.titane@gmail.com // All Rights Reserved
1 0 0 0 0 0 0 1 0 1 0 -1 0 0 18649.dat
0 STEP
1 0 0 -8 0 0 0 1 0 1 0 -1 0 0 2540.dat
1 72 0 -16 0 1 0 0 0 1 0 0 0 1 92946.dat
1 72 0 -16 10 -1 0 0 0 1 0 0 0 -1 54200.dat
0 STEP
1 0 0 8 0 0 0 1 0 1 0 -1 0 0 32028.dat
1 0 0 16 0 0 0 1 0 1 0 -1 0 0 32028.dat
0 STEP
1 72 0 24 -10 1 0 0 0 1 0 0 0 1 2341.dat
1 72 0 24 -30 1 0 0 0 1 0 0 0 1 54200.dat
0 STEP
1 71 0 50 -10 0 0 -1 1 0 0 0 -1 0 4274.dat
0 STEP
1 0 0 -13.5563 -42.7279 -1 0 0 0 0.707107 -0.707107 0 -0.707107 -0.707107 61252.dat
0 STEP
1 72 0 -44.6691 -39.8995 -1 0 0 0 0.707107 -0.707107 0 -0.707107 -0.707107 28192.dat
1 0 0 -39.0122 -45.5564 1 0 0 0 0.707107 0.707107 0 -0.707107 0.707107 3024.dat
1 34 0 -33.3553 -51.2132 0 0 -1 0.707107 0.707107 0 0.707107 -0.707107 0 3024.dat
0 STEP
1 0 -20 -6 -20 -1 0 0 0 0 1 0 1 0 44676.dat
0 STEP
0 NOFILE
0 FILE 04-waist.ldr
0 Author: Nathanel Titane // nathanel.titane@gmail.com // All Rights Reserved
1 0 -10 0 -10 -1 0 0 0 1 0 0 0 -1 4287.dat
1 0 10 0 -10 -1 0 0 0 1 0 0 0 -1 4287.dat
0 STEP
1 71 0 -8 30 -1 0 0 0 1 0 0 0 -1 99563.dat
1 71 0 -8 10 1 0 0 0 1 0 0 0 1 3839b.dat
0 STEP
1 71 0 -8 -10 1 0 0 0 1 0 0 0 1 32028.dat
0 STEP
1 71 0 -16 -10 1 0 0 0 1 0 0 0 1 99207.dat
1 72 0 -18 -24 1 0 0 0 0 -1 0 1 0 85984.dat
1 72 0 -38 -24 -1 0 0 0 0 1 0 1 0 85984.dat
0 STEP
1 71 0 -16 10 -1 0 0 0 1 0 0 0 -1 99207.dat
0 STEP
1 0 0 -40 0 1 0 0 0 1 0 0 0 1 48172.dat
1 0 0 -48 0 1 0 0 0 1 0 0 0 1 3022.dat
0 STEP
1 71 10 -56 0 0 0 -1 0 1 0 1 0 0 99207.dat
1 72 48 -68 0 0 -1 0 -1 0 0 0 0 -1 48169.dat
1 0 38 -68 -20 0 0 -1 1 0 0 0 -1 0 4073.dat
1 72 56 -58 -10 0 -1 0 -1 0 0 0 0 -1 3070b.dat
1 72 56 -78 -10 0 -1 0 -1 0 0 0 0 -1 3070b.dat
1 72 56 -78 10 0 -1 0 -1 0 0 0 0 -1 28192.dat
1 72 56 -58 10 0 -1 0 -1 0 0 0 0 -1 28192.dat
0 STEP
1 71 -10 -56 0 0 0 1 0 1 0 -1 0 0 99207.dat
1 72 -48 -68 0 0 1 0 -1 0 0 0 0 1 48169.dat
1 0 -38 -68 -20 0 0 1 -1 0 0 0 -1 0 4073.dat
1 72 -56 -58 -10 0 1 0 1 0 0 0 0 -1 3070b.dat
1 72 -56 -78 -10 0 1 0 1 0 0 0 0 -1 3070b.dat
1 72 -56 -78 10 0 1 0 1 0 0 0 0 -1 28192.dat
1 72 -56 -58 10 0 1 0 1 0 0 0 0 -1 28192.dat
0 STEP
1 0 0 -80 0 0 0 1 0 1 0 -1 0 0 48169.dat
0 STEP
1 71 0 -88 -10 1 0 0 0 1 0 0 0 1 3023.dat
1 71 0 -88 10 -1 0 0 0 1 0 0 0 -1 44728.dat
0 STEP
1 0 0 -48 32 0 0 -1 1 0 0 0 -1 0 3020.dat
0 STEP
1 72 0 -78 32 1 0 0 0 0 1 0 -1 0 85984.dat
1 72 0 -48 40 1 0 0 0 0 1 0 -1 0 87580.dat
1 72 0 -18 32 -1 0 0 0 0 -1 0 -1 0 85984.dat
0 STEP
1 72 0 -48 40 1 0 0 0 0 -1 0 1 0 15535.dat
1 71 0 -48 48 1 0 0 0 0 -1 0 1 0 3679.dat
0 STEP
1 0 0 -96 0 1 0 0 0 1 0 0 0 1 87580.dat
1 72 0 -96 0 1 0 0 0 -1 0 0 0 -1 15535.dat
1 72 0 -104 0 1 0 0 0 -1 0 0 0 -1 3941.dat
1 71 0 -128 0 1 0 0 0 -1 0 0 0 -1 3679.dat
0 STEP
1 4 98.637 -47.22 2.579 -0.258819 0 -0.965926 -0.683013 -0.707107 0.183013 -0.683013 0.707107 0.183013 05-01-thigh.ldr
1 4 -98.6371 -47.22 2.579 -0.258819 0 0.965926 0.683013 -0.707107 0.183013 0.683013 0.707107 0.183013 05-02-thigh.ldr
0 STEP
1 72 67.7424 -170.4264 33.3376 -0.612373 -0.5 -0.612372 -0.707107 0 0.707107 -0.353553 0.866026 -0.353553 19-01-stabilizer.ldr
1 72 -67.7424 -170.4264 33.3376 -0.612373 0.5 0.612372 0.707107 0 0.707107 0.353553 0.866025 -0.353553 19-02-stabilizer.ldr
0 NOFILE
0 FILE 05-01-thigh.ldr
0 Author: Nathanel Titane // nathanel.titane@gmail.com // All Rights Reserved
1 72 -40 -24 40 1 0 0 0 1 0 0 0 1 48170.dat
1 0 -40 0 40 1 0 0 0 1 0 0 0 1 3022.dat
0 STEP
1 0 -50 8 40 0 0 1 0 1 0 -1 0 0 99207.dat
1 0 -30 8 40 0 0 -1 0 1 0 1 0 0 32803.dat
0 STEP
1 72 -88 -4 40 0 1 0 1 0 0 0 0 -1 48171.dat
1 0 -78 36 40 -0.866025 0 -0.500001 0.500001 0 -0.866025 0 -1 0 47455.dat
0 STEP
1 71 -112 -14 40 0 1 0 0 0 1 1 0 0 2877.dat
1 25 -96 6 40 0 1 0 0 0 -1 -1 0 0 3023.dat
0 STEP
1 72 -120 -14 50 0 1 0 0 0 -1 -1 0 0 28192.dat
1 72 -120 -14 30 0 1 0 0 0 -1 -1 0 0 28192.dat
0 STEP
1 0 -30 -32 40 0 0 1 0 1 0 -1 0 0 3023.dat
0 STEP
1 0 -60 -32 50 -1 0 0 0 1 0 0 0 -1 93274.dat
1 0 -60 -32 30 1 0 0 0 1 0 0 0 1 93274.dat
0 STEP
1 0 -90 -32 40 0 0 1 0 1 0 -1 0 0 48336.dat
1 72 -40 -40 40 1 0 0 0 1 0 0 0 1 87580.dat
1 72 -80 -40 40 1 0 0 0 1 0 0 0 1 3068b.dat
0 STEP
1 72 -30 -12 72 0 0 -1 1 0 0 0 -1 0 3069b.dat
1 72 -60 -12 72 0 0 -1 1 0 0 0 -1 0 87580.dat
1 72 -90 -12 72 0 0 -1 1 0 0 0 -1 0 3069b.dat
0 STEP
1 72 -90 -12 8 0 0 1 1 0 0 0 1 0 3069b.dat
1 72 -60 -12 8 0 0 1 1 0 0 0 1 0 87580.dat
1 72 -30 -12 8 0 0 1 1 0 0 0 1 0 3069b.dat
0 STEP
1 0 0 -14 40 0.258819 0 -0.965926 0 1 0 0.965926 0 0.258819 47455.dat
0 STEP
1 0 -187.1911 82.8758 40 0 -0.500001 0.866025 0 -0.866025 -0.500001 1 0 0 07-01-shin.ldr
0 NOFILE
0 FILE 05-02-thigh.ldr
0 Author: Nathanel Titane // nathanel.titane@gmail.com // All Rights Reserved
1 72 40 -24 40 -1 0 0 0 1 0 0 0 -1 48170.dat
1 0 40 0 40 -1 0 0 0 1 0 0 0 -1 3022.dat
0 STEP
1 0 50 8 40 0 0 -1 0 1 0 1 0 0 99207.dat
1 0 30 8 40 0 0 1 0 1 0 -1 0 0 32803.dat
0 STEP
1 72 88 -4 40 0 -1 0 1 0 0 0 0 1 48171.dat
1 0 78 36 40 0.866025 0 0.5 0.5 0 -0.866025 0 1 0 47455.dat
0 STEP
1 71 112 -14 40 0 -1 0 0 0 1 -1 0 0 2877.dat
1 25 96 6 40 0 -1 0 0 0 -1 1 0 0 3023.dat
0 STEP
1 72 120 -14 30 0 -1 0 0 0 -1 1 0 0 28192.dat
1 72 120 -14 50 0 -1 0 0 0 -1 1 0 0 28192.dat
0 STEP
1 0 30 -32 40 0 0 -1 0 1 0 1 0 0 3023.dat
0 STEP
1 0 60 -32 30 1 0 0 0 1 0 0 0 1 93274.dat
1 0 60 -32 50 -1 0 0 0 1 0 0 0 -1 93274.dat
0 STEP
1 0 90 -32 40 0 0 -1 0 1 0 1 0 0 48336.dat
1 72 40 -40 40 -1 0 0 0 1 0 0 0 -1 87580.dat
1 72 80 -40 40 -1 0 0 0 1 0 0 0 -1 3068b.dat
0 STEP
1 72 30 -12 8 0 0 1 1 0 0 0 1 0 3069b.dat
1 72 60 -12 8 0 0 1 1 0 0 0 1 0 87580.dat
1 72 90 -12 8 0 0 1 1 0 0 0 1 0 3069b.dat
0 STEP
1 72 90 -12 72 0 0 -1 1 0 0 0 -1 0 3069b.dat
1 72 60 -12 72 0 0 -1 1 0 0 0 -1 0 87580.dat
1 72 30 -12 72 0 0 -1 1 0 0 0 -1 0 3069b.dat
0 STEP
1 0 0 -14 40 -0.258819 0 -0.965926 0 1 0 0.965926 0 -0.258819 47455.dat
0 STEP
1 0 187.191 82.8757 40 0 0.500001 -0.866025 0 -0.866025 -0.500001 -1 0 0 07-02-shin.ldr
0 NOFILE
0 FILE 06-01-pod-handle.ldr
0 Author: Nathanel Titane // nathanel.titane@gmail.com // All Rights Reserved
1 0 0 16 0.0001 0 0 1 0 1 0 -1 0 0 32828.dat
1 0 0 18 -50 -1 0 0 0 0 1 0 1 0 11090.dat
0 STEP
1 0 0 8 0.0001 0 0 1 0 1 0 -1 0 0 4073.dat
0 STEP
1 0 0 0 0 0 0 1 0 1 0 -1 0 0 32828.dat
1 0 0 2 -50.0001 0.866026 0 0.5 0.5 0 -0.866026 0 1 0 11090.dat
0 STEP
1 0 0 42 -50 -1 0 0 0 -1 0 0 0 1 48729b.dat
0 STEP
1 4 12.1243 8.9999 -70.0002 0.5 0.866026 0 -0.866026 0.5 0 0 0 1 17-missile-hanger.ldr
0 NOFILE
0 FILE 06-02-pod-handle.ldr
0 Author: Nathanel Titane // nathanel.titane@gmail.com // All Rights Reserved
1 0 0 16 0.0001 0 0 1 0 1 0 -1 0 0 32828.dat
1 0 0 18 -50 -1 0 0 0 0 1 0 1 0 11090.dat
0 STEP
1 0 0 8 0.0001 0 0 1 0 1 0 -1 0 0 4073.dat
0 STEP
1 0 0 0 0.0001 -1 0 0 0 1 0 0 0 -1 32828.dat
1 0 -50.0001 2 0.0001 0 1 0 0 0 -1 -1 0 -0 11090.dat
0 STEP
1 0 0 42 -50 -1 0 0 0 -1 0 0 0 1 48729b.dat
0 STEP
1 4 -36.0003 2 -19.9998 0 1 -0 -1 -0 -0 -0 0 1 17-missile-hanger.ldr
0 NOFILE
0 FILE 07-01-shin.ldr
0 Author: Nathanel Titane // nathanel.titane@gmail.com // All Rights Reserved
1 0 0 0 0 0 0 1 0 1 0 -1 0 0 3022.dat
1 0 -10 8 0 0 0 -1 0 1 0 1 0 0 3660.dat
1 0 0 0 30 -1 0 0 0 1 0 0 0 -1 3747b.dat
1 0 0 0 -30 1 0 0 0 1 0 0 0 1 3747b.dat
0 STEP
1 71 -10 32 0 0 0 1 0 1 0 -1 0 0 3023.dat
1 34 -10 40 0 0 0 1 0 1 0 -1 0 0 3023.dat
0 STEP
1 71 0 24 -30 1 0 0 0 1 0 0 0 1 18677.dat
1 71 0 24 30 1 0 0 0 1 0 0 0 1 18677.dat
1 0 -10 32 0 1 0 0 0 1 0 0 0 1 32802.dat
0 STEP
1 72 0 -24 60 0 0 -1 0 1 0 1 0 0 48169.dat
1 72 -20 -14 60 0 -1 0 0 0 -1 1 0 0 4073.dat
1 72 20 -14 60 0 1 0 0 0 1 1 0 0 4073.dat
1 72 -10 -24 0 0 0 -1 0 1 0 1 0 0 3701.dat
1 72 10 -24 0 0 0 -1 0 1 0 1 0 0 3010.dat
1 72 0 -24 -60 0 0 1 0 1 0 -1 0 0 92013.dat
0 STEP
1 4 0 -32 40 0 0 1 0 1 0 -1 0 0 3022.dat
0 STEP
1 72 0 -24 70 -1 0 0 0 1 0 0 0 -1 85984.dat
1 72 0 -24 10 1 0 0 0 1 0 0 0 1 85984.dat
1 72 0 -40 40 -1 0 0 0 1 0 0 0 -1 3068b.dat
0 STEP
1 72 0 -48 -10 -1 0 0 0 1 0 0 0 -1 3937.dat
1 71 0 -46.6603 -5 -1 0 0 0 0.866025 -0.5 0 -0.5 -0.866025 3938.dat
0 STEP
1 71 0 -56 -30 1 0 0 0 1 0 0 0 1 99563.dat
1 72 0 -48 -30 1 0 0 0 1 0 0 0 1 3298.dat
0 STEP
1 0 0 -53.5885 -1 1 0 0 0 0.866025 0.5 0 -0.5 0.866025 2540.dat
1 0 0 -60.5167 3 -1 0 0 0 0.866025 -0.5 0 -0.5 -0.866025 2540.dat
1 0 0 -67.4449 7 1 0 0 0 0.866025 0.5 0 -0.5 0.866025 2540.dat
1 0 20 -61.8564 -19.3205 0 -1 0 -0.258819 0 -0.965926 0.965926 0 -0.258819 44676.dat
1 0 20 -48.7846 19.3205 0 -1 0 0.707107 0 -0.707107 0.707107 0 0.707107 44676.dat
1 0 20 -75.7128 -11.3205 0 -1 0 0 0 -1 1 0 0 44676.dat
0 STEP
1 71 -10 -74.3731 11 1 0 0 0 0.866025 0.5 0 -0.5 0.866025 98138.dat
1 71 10 -74.3731 11 1 0 0 0 0.866025 0.5 0 -0.5 0.866025 98138.dat
0 STEP
1 4 0 -14 -100 -1 0 0 0 -0.573577 -0.819152 0 -0.819152 0.573577 08-foot.ldr
0 STEP
1 4 -38 -14 0 1 0 0 0 0.707107 -0.707107 0 0.707107 0.707107 14-wheel.ldr
0 NOFILE
0 FILE 07-02-shin.ldr
0 Author: Nathanel Titane // nathanel.titane@gmail.com // All Rights Reserved
1 0 0 0 0 0 0 -1 0 1 0 1 0 0 3022.dat
1 0 10 8 0 0 0 1 0 1 0 -1 0 0 3660.dat
1 0 0 0 30 -1 0 0 0 1 0 0 0 -1 3747b.dat
1 0 0 0 -30 1 0 0 0 1 0 0 0 1 3747b.dat
0 STEP
1 71 10 32 0 0 0 -1 0 1 0 1 0 0 3023.dat
1 34 10 40 0 0 0 -1 0 1 0 1 0 0 3023.dat
0 STEP
1 71 0 24 30 -1 0 0 0 1 0 0 0 -1 18677.dat
1 71 0 24 -30 -1 0 0 0 1 0 0 0 -1 18677.dat
1 0 10 32 0 -1 0 0 0 1 0 0 0 -1 32802.dat
0 STEP
1 72 0 -24 60 0 0 -1 0 1 0 1 0 0 48169.dat
1 72 -20 -14 60 0 -1 0 0 0 -1 1 0 0 4073.dat
1 72 20 -14 60 0 1 0 0 0 1 1 0 0 4073.dat
1 72 10 -24 0 0 0 1 0 1 0 -1 0 0 3701.dat
1 72 -10 -24 0 0 0 1 0 1 0 -1 0 0 3010.dat
1 72 0 -24 -60 0 0 1 0 1 0 -1 0 0 92013.dat
0 STEP
1 4 0 -32 40 0 0 1 0 1 0 -1 0 0 3022.dat
0 STEP
1 72 0 -24 70 -1 0 0 0 1 0 0 0 -1 85984.dat
1 72 0 -24 10 1 0 0 0 1 0 0 0 1 85984.dat
1 72 0 -40 40 -1 0 0 0 1 0 0 0 -1 3068b.dat
0 STEP
1 72 0 -48 -10 -1 0 0 0 1 0 0 0 -1 3937.dat
1 71 0 -46.6603 -5 -1 0 0 0 0.866025 -0.5 0 -0.5 -0.866025 3938.dat
0 STEP
1 71 0 -56 -30 1 0 0 0 1 0 0 0 1 99563.dat
1 72 0 -48 -30 1 0 0 0 1 0 0 0 1 3298.dat
0 STEP
1 0 0 -53.5885 -1 1 0 0 0 0.866025 0.5 0 -0.5 0.866025 2540.dat
1 0 0 -60.5167 3 -1 0 0 0 0.866025 -0.5 0 -0.5 -0.866025 2540.dat
1 0 0 -67.4449 7 1 0 0 0 0.866025 0.5 0 -0.5 0.866025 2540.dat
1 0 -20 -61.8564 -19.3205 0 1 0 0.258819 0 -0.965926 -0.965926 0 -0.258819 44676.dat
1 0 -20 -48.7846 19.3205 0 1 0 -0.707107 0 -0.707107 -0.707107 0 0.707107 44676.dat
1 0 -20 -75.7128 -11.3205 0 1 0 0 0 -1 -1 0 0 44676.dat
0 STEP
1 71 -10 -74.3731 11 1 0 0 0 0.866025 0.5 0 -0.5 0.866025 98138.dat
1 71 10 -74.3731 11 1 0 0 0 0.866025 0.5 0 -0.5 0.866025 98138.dat
0 STEP
1 4 0 -14 -100 -1 0 0 0 -0.573577 -0.819152 0 -0.819152 0.573577 08-foot.ldr
0 STEP
1 4 38 -14 0 -1 0 0 0 0.707107 0.707107 0 0.707107 -0.707107 14-wheel.ldr
0 NOFILE
0 FILE 08-foot.ldr
0 Author: Nathanel Titane // nathanel.titane@gmail.com // All Rights Reserved
1 72 0 20 -20 0 -1 0 -1 0 0 0 0 -1 50923.dat
1 0 0 0 -40 -1 0 0 0 1 0 0 0 -1 92907.dat
0 STEP
1 0 40 20 -20 0 -1 0 -0.258819 0 -0.965926 0.965926 0 -0.258819 30374.dat
1 0 30 20 -40 0 -1 0 -1 0 0 0 0 -1 87994.dat
0 STEP
1 0 -28 20 -30 0 1 0 0 0 -1 -1 0 0 35480.dat
1 71 -36 20 -40 0 1 0 -1 0 0 0 0 1 98138.dat
0 STEP
1 0 -36 25 -11.3397 0 1 0 -0.5 0 -0.866025 -0.866025 0 0.5 35480.dat
1 71 -44 30 -2.6795 0 1 0 0.866025 0 -0.5 -0.5 0 -0.866025 24246.dat
1 71 -44 20 -20 0 1 0 -0.866025 0 0.5 0.5 0 0.866025 24246.dat
0 STEP
1 0 28 20 -30 0 -1 0 0 0 1 -1 0 0 35480.dat
1 71 36 20 -40 0 -1 0 1 0 0 0 0 1 98138.dat
0 STEP
1 0 36 25 -11.3397 0 -1 0 -0.5 0 0.866025 -0.866025 0 -0.5 35480.dat
1 71 44 30 -2.6795 0 -1 0 -0.866025 0 -0.5 0.5 0 -0.866025 24246.dat
1 71 44 20 -20 0 -1 0 0.866025 0 0.5 -0.5 0 0.866025 24246.dat
0 STEP
1 0 0 0 -50 0 0 1 0 1 0 -1 0 0 2780.dat
0 STEP
1 0 0 0 -60 1 0 0 0 1 0 0 0 1 92907.dat
1 0 0 0 -80 0 0 -1 0 1 0 1 0 0 63869.dat
0 STEP
1 0 0 20 -60 1 0 0 0 1 0 0 0 1 32062.dat
1 0 0 20 -80 1 0 0 0 1 0 0 0 1 32062.dat
0 STEP
0 NOFILE
0 FILE 09-01-shoulder.ldr
0 Author: Nathanel Titane // nathanel.titane@gmail.com // All Rights Reserved
1 72 10 -8 10 1 0 0 0 1 0 0 0 1 3665.dat
1 72 -10 -8 10 1 0 0 0 1 0 0 0 1 3665.dat
0 STEP
1 0 10 -16 0 0 0 -1 0 1 0 1 0 0 99780.dat
1 0 -10 -16 0 0 0 1 0 1 0 -1 0 0 2540.dat
0 STEP
1 72 0 -40 0 0 0 -1 0 1 0 1 0 0 48170.dat
1 72 -20 -30 0 0 -1 0 0 0 -1 1 0 0 4073.dat
0 STEP
1 0 -30 -14 -20 -0.707107 0 -0.707107 -0.707107 0 0.707107 0 1 0 44676.dat
0 STEP
1 0 10 -48 0 0 0 -1 0 1 0 1 0 0 99781.dat
1 0 10 -56 0 0 0 -1 0 1 0 1 0 0 99780.dat
1 0 -10 -40 0 0 0 1 0 1 0 -1 0 0 85984.dat
0 STEP
1 72 10 -80 0 0 0 1 0 1 0 -1 0 0 85943.dat
1 0 -20 -70 0 0 0 -1 1 0 0 0 -1 0 53585.dat
1 0 -20 -70 0 0 0 1 0 1 0 -1 0 0 32062.dat
0 STEP
1 0 10 -88 0 0 0 -1 0 1 0 1 0 0 99781.dat
1 0 10 -96 0 0 0 -1 0 1 0 1 0 0 2540.dat
1 72 10 -128 0 0 0 -1 0 1 0 1 0 0 2432.dat
0 STEP
1 0 30 -94 -20 0.965926 0 0.258819 0.258819 0 -0.965926 0 1 0 44676.dat
0 STEP
1 0 32 -58 0 0 -1 0 1 0 0 0 0 1 3021.dat
1 72 24 -18 0 0 -1 0 0 0 -1 1 0 0 85984.dat
1 72 40 -38 0 0 -1 0 0 0 -1 1 0 0 3069b.dat
1 72 40 -58 0 0 -1 0 0 0 -1 1 0 0 3069b.dat
1 72 40 -78 0 0 -1 0 0 0 -1 1 0 0 3069b.dat
0 STEP
1 0 0 -30 40 0.5 0 -0.866025 0 1 0 0.866025 0 0.5 47455.dat
0 STEP
1 4 -71.9616 -40 30 0.5 0 0.866025 0.866025 0 -0.5 0 1 0 10-01-arm.ldr
0 NOFILE
0 FILE 09-02-shoulder.ldr
0 Author: Nathanel Titane // nathanel.titane@gmail.com // All Rights Reserved
1 72 -10 -8 10 1 0 0 0 1 0 0 0 1 3665.dat
1 72 10 -8 10 1 0 0 0 1 0 0 0 1 3665.dat
0 STEP
1 0 -10 -16 0 0 0 1 0 1 0 -1 0 0 99780.dat
1 0 10 -16 0 0 0 -1 0 1 0 1 0 0 2540.dat
0 STEP
1 72 0 -40 0 0 0 -1 0 1 0 1 0 0 48170.dat
1 72 20 -30 0 0 1 0 0 0 -1 -1 0 0 4073.dat
0 STEP
1 0 30 -14 20 0.707107 0 0.707107 -0.707107 0 0.707107 0 -1 0 44676.dat
0 STEP
1 0 -10 -48 0 0 0 1 0 1 0 -1 0 0 99781.dat
1 0 -10 -56 0 0 0 1 0 1 0 -1 0 0 99780.dat
1 0 10 -40 0 0 0 -1 0 1 0 1 0 0 85984.dat
0 STEP
1 72 -10 -80 0 0 0 -1 0 1 0 1 0 0 85943.dat
1 0 20 -70 0 0 0 1 1 0 0 0 1 0 53585.dat
1 0 20 -70 0 0 0 -1 0 1 0 1 0 0 32062.dat
0 STEP
1 0 -10 -88 0 0 0 1 0 1 0 -1 0 0 99781.dat
1 0 -10 -96 0 0 0 1 0 1 0 -1 0 0 2540.dat
1 72 -10 -128 0 0 0 1 0 1 0 -1 0 0 2432.dat
0 STEP
1 0 -30 -94 -20 0.965926 0 -0.258819 -0.258819 0 -0.965926 0 1 0 44676.dat
0 STEP
1 0 -32 -58 0 0 1 0 1 0 0 0 0 -1 3021.dat
1 72 -24 -18 0 0 1 0 0 0 -1 -1 0 0 85984.dat
1 72 -40 -38 0 0 1 0 0 0 -1 -1 0 0 3069b.dat
1 72 -40 -58 0 0 1 0 0 0 -1 -1 0 0 3069b.dat
1 72 -40 -78 0 0 1 0 0 0 -1 -1 0 0 3069b.dat
0 STEP
1 0 0 -30 40 -0.5 0 -0.866025 0 1 0 0.866025 0 -0.5 47455.dat
0 STEP
1 4 71.9616 -40 30 0.5 0 -0.866025 -0.866025 0 -0.5 0 1 0 10-02-arm.ldr
0 NOFILE
0 FILE 10-01-arm.ldr
0 Author: Nathanel Titane // nathanel.titane@gmail.com // All Rights Reserved
1 72 0 0 0 1 0 0 0 1 0 0 0 1 11203.dat
1 4 0 -8 0 1 0 0 0 1 0 0 0 1 3022.dat
0 STEP
1 0 0 -16 10 -1 0 0 0 1 0 0 0 -1 99781.dat
1 0 0 -16 -10 1 0 0 0 1 0 0 0 1 99781.dat
1 72 0 -6 24 -1 0 0 0 0 -1 0 -1 0 85984.dat
1 72 0 -6 -24 1 0 0 0 0 -1 0 1 0 85984.dat
0 STEP
1 72 0 -40 20 0 0 -1 0 1 0 1 0 0 92013.dat
1 72 0 -40 -20 0 0 1 0 1 0 -1 0 0 48169.dat
0 STEP
1 0 0 -48 0 1 0 0 0 1 0 0 0 1 3022.dat
1 72 0 -56 0 -1 0 0 0 1 0 0 0 -1 87580.dat
0 STEP
1 72 0 -40 30 -1 0 0 0 1 0 0 0 -1 85984.dat
1 72 0 -40 -30 1 0 0 0 1 0 0 0 1 85984.dat
0 STEP
1 4 20.7055 -60 -157.2742 -0.965926 0 -0.258819 0 -1 0 -0.258819 0 0.965926 11-01-forearm.ldr
0 NOFILE
0 FILE 10-02-arm.ldr
0 Author: Nathanel Titane // nathanel.titane@gmail.com // All Rights Reserved
1 72 0 0 0 1 0 0 0 1 0 0 0 1 11203.dat
1 4 0 -8 0 1 0 0 0 1 0 0 0 1 3022.dat
0 STEP
1 0 0 -16 10 -1 0 0 0 1 0 0 0 -1 99781.dat
1 0 0 -16 -10 1 0 0 0 1 0 0 0 1 99781.dat
1 72 0 -6 24 -1 0 0 0 0 -1 0 -1 0 85984.dat
1 72 0 -6 -24 1 0 0 0 0 -1 0 1 0 85984.dat
0 STEP
1 72 0 -40 20 0 0 -1 0 1 0 1 0 0 92013.dat
1 72 0 -40 -20 0 0 1 0 1 0 -1 0 0 48169.dat
0 STEP
1 0 0 -48 0 1 0 0 0 1 0 0 0 1 3022.dat
1 72 0 -56 0 -1 0 0 0 1 0 0 0 -1 87580.dat
0 STEP
1 72 0 -40 30 -1 0 0 0 1 0 0 0 -1 85984.dat
1 72 0 -40 -30 1 0 0 0 1 0 0 0 1 85984.dat
0 STEP
1 4 -20.7055 -60 -157.2742 -0.965926 0 0.258819 0 -1 0 0.258819 0 0.965926 11-02-forearm.ldr
0 STEP
0 NOFILE
0 FILE 11-01-forearm.ldr
0 Author: Nathanel Titane // nathanel.titane@gmail.com // All Rights Reserved
1 72 0 0 20 0 0 1 0 1 0 -1 0 0 11203.dat
1 72 0 0 60 0 0 1 0 1 0 -1 0 0 11203.dat
0 STEP
1 71 -10 -8 80 0 0 -1 0 1 0 1 0 0 18677.dat
1 0 0 2 90 1 0 0 0 1 0 0 0 1 2780.dat
1 71 10 -8 80 0 0 -1 0 1 0 1 0 0 18677.dat
1 71 -10 -8 40 0 0 1 0 1 0 -1 0 0 2436b.dat
1 71 10 -8 40 0 0 -1 0 1 0 1 0 0 2436b.dat
1 71 0 -8 10 1 0 0 0 1 0 0 0 1 99781.dat
0 STEP
1 72 -24 2 60 0 1 0 0 0 -1 -1 0 0 85984.dat
1 72 -24 2 20 0 1 0 0 0 -1 -1 0 0 85984.dat
1 72 24 2 60 0 -1 0 0 0 -1 1 0 0 85984.dat
1 72 24 2 20 0 -1 0 0 0 -1 1 0 0 85984.dat
0 STEP
1 0 0 2 -12 1 0 0 0 0 -1 0 1 0 2540.dat
1 0 20 22 -10 0 -1 0 1 0 0 0 0 1 44676.dat
1 47 -10 2 -12 1 0 0 0 0 -1 0 1 0 54200.dat
1 40 10 2 -12 1 0 0 0 0 -1 0 1 0 54200.dat
0 STEP
1 72 0 -16 80 0 0 1 0 1 0 -1 0 0 3068b.dat
1 0 -10 -16 40 0 0 1 0 1 0 -1 0 0 99780.dat
1 0 10 -16 40 0 0 -1 0 1 0 1 0 0 99780.dat
0 STEP
1 0 -10 -16 0 0 0 1 0 1 0 -1 0 0 99207.dat
1 0 10 -16 0 0 0 -1 0 1 0 1 0 0 99207.dat
0 STEP
1 72 0 -40 40 0 0 -1 0 1 0 1 0 0 48170.dat
1 0 0 -30 80 -0.258819 0 -0.965926 0 1 0 0.965926 0 -0.258819 47455.dat
1 72 0 -40 10 1 0 0 0 1 0 0 0 1 3004.dat
1 0 -10 -40 -10 1 0 0 0 1 0 0 0 1 2921.dat
0 STEP
1 0 10 -48 30 -1 0 0 0 1 0 0 0 -1 2420.dat
1 72 0 -56 30 -1 0 0 0 1 0 0 0 -1 3069b.dat
1 72 0 -40 50 -1 0 0 0 1 0 0 0 -1 85984.dat
0 STEP
1 0 -10 -48 0 0 0 1 0 1 0 -1 0 0 11458.dat
0 STEP
1 1 0 -54 -10 1 0 0 0 -1 0 0 0 -1 43093.dat
1 0 10 -54 -10 1 0 0 0 1 0 0 0 1 6536.dat
1 0 10 -34 -20 0 0 1 0 -1 0 1 0 0 6628.dat
0 STEP
1 71 0 -56 10 1 0 0 0 1 0 0 0 1 99563.dat
0 STEP
1 0 -32 -28 20 0 1 0 0 0 1 1 0 0 26601.dat
1 72 -40 -18 10 0 1 0 0 0 -1 -1 0 0 3070b.dat
1 72 -40 -38 30 0 1 0 1 0 0 0 0 -1 27263.dat
1 72 -24 -28 -10 0 1 0 -1 0 0 0 0 1 85984.dat
1 72 -24 -18 50 0 1 0 1 0 0 0 0 -1 54200.dat
0 STEP
1 0 32 -28 20 0 -1 0 -1 0 0 0 0 -1 26601.dat
1 72 40 -18 10 0 -1 0 0 0 -1 1 0 0 3070b.dat
1 72 40 -38 30 0 -1 0 0 0 1 -1 0 0 27263.dat
1 72 24 -28 -10 0 -1 0 1 0 0 0 0 1 85984.dat
1 72 24 -18 50 0 -1 0 -1 0 0 0 0 -1 54200.dat
0 STEP
1 4 10 -38 -50 -1 0 0 0 -1 0 0 0 1 12-01-hand.ldr
0 STEP
0 NOFILE
0 FILE 11-02-forearm.ldr
0 Author: Nathanel Titane // nathanel.titane@gmail.com // All Rights Reserved
1 72 0 0 20 0 0 1 0 1 0 -1 0 0 11203.dat
1 72 0 0 60 0 0 1 0 1 0 -1 0 0 11203.dat
0 STEP
1 71 -10 -8 80 0 0 -1 0 1 0 1 0 0 18677.dat
1 0 0 2 90 1 0 0 0 1 0 0 0 1 2780.dat
1 71 10 -8 80 0 0 -1 0 1 0 1 0 0 18677.dat
1 71 -10 -8 40 0 0 1 0 1 0 -1 0 0 2436b.dat
1 71 10 -8 40 0 0 -1 0 1 0 1 0 0 2436b.dat
1 71 0 -8 10 1 0 0 0 1 0 0 0 1 99781.dat
0 STEP
1 72 -24 2 60 0 1 0 0 0 -1 -1 0 0 85984.dat
1 72 -24 2 20 0 1 0 0 0 -1 -1 0 0 85984.dat
1 72 24 2 60 0 -1 0 0 0 -1 1 0 0 85984.dat
1 72 24 2 20 0 -1 0 0 0 -1 1 0 0 85984.dat
0 STEP
1 0 0 2 -12 1 0 0 0 0 -1 0 1 0 2540.dat
1 0 -20 22 -10 0 1 0 -1 0 0 0 0 1 44676.dat
1 47 10 2 -12 1 0 0 0 0 -1 0 1 0 54200.dat
1 40 -10 2 -12 1 0 0 0 0 -1 0 1 0 54200.dat
0 STEP
1 72 0 -16 80 0 0 1 0 1 0 -1 0 0 3068b.dat
1 0 -10 -16 40 0 0 1 0 1 0 -1 0 0 99780.dat
1 0 10 -16 40 0 0 -1 0 1 0 1 0 0 99780.dat
0 STEP
1 0 -10 -16 0 0 0 1 0 1 0 -1 0 0 99207.dat
1 0 10 -16 0 0 0 -1 0 1 0 1 0 0 99207.dat
0 STEP
1 72 0 -40 40 0 0 -1 0 1 0 1 0 0 48170.dat
1 0 0 -30 80 0.258819 0 -0.965926 0 1 0 0.965926 0 0.258819 47455.dat
1 72 0 -40 10 1 0 0 0 1 0 0 0 1 3004.dat
1 0 10 -40 -10 1 0 0 0 1 0 0 0 1 2921.dat
0 STEP
1 0 -10 -48 30 0 0 1 0 1 0 -1 0 0 2420.dat
1 72 0 -56 30 -1 0 0 0 1 0 0 0 -1 3069b.dat
1 72 0 -40 50 -1 0 0 0 1 0 0 0 -1 85984.dat
0 STEP
1 0 10 -48 0 0 0 1 0 1 0 -1 0 0 11458.dat
0 STEP
1 1 0 -54 -10 -1 0 0 0 -1 0 0 0 1 43093.dat
1 0 -10 -54 -10 1 0 0 0 1 0 0 0 1 6536.dat
1 0 -10 -34 -20 0 0 1 0 -1 0 1 0 0 6628.dat
0 STEP
1 71 0 -56 10 1 0 0 0 1 0 0 0 1 99563.dat
0 STEP
1 0 -32 -28 20 0 1 0 0 0 1 1 0 0 26601.dat
1 72 -40 -18 10 0 1 0 0 0 -1 -1 0 0 3070b.dat
1 72 -40 -38 30 0 1 0 1 0 0 0 0 -1 27263.dat
1 72 -24 -28 -10 0 1 0 -1 0 0 0 0 1 85984.dat
1 72 -24 -18 50 0 1 0 1 0 0 0 0 -1 54200.dat
0 STEP
1 0 32 -28 20 0 -1 0 -1 0 0 0 0 -1 26601.dat
1 72 40 -18 10 0 -1 0 0 0 -1 1 0 0 3070b.dat
1 72 40 -38 30 0 -1 0 0 0 1 -1 0 0 27263.dat
1 72 24 -28 -10 0 -1 0 1 0 0 0 0 1 85984.dat
1 72 24 -18 50 0 -1 0 -1 0 0 0 0 -1 54200.dat
0 STEP
1 4 -10 -43.0401 -48.2832 -1 0 0 0 -0.965926 0.258819 0 0.258819 0.965926 12-02-hand.ldr
0 STEP
0 NOFILE
0 FILE 12-01-hand.ldr
0 Author: Nathanel Titane // nathanel.titane@gmail.com // All Rights Reserved
1 0 -10 0 0 0 0 1 0 1 0 -1 0 0 36840.dat
1 0 10 0 0 0 0 -1 0 1 0 1 0 0 36840.dat
0 STEP
1 71 0 -8 0 -1 0 0 0 1 0 0 0 -1 14704.dat
0 STEP
1 71 0 -16 -10 -1 0 0 0 1 0 0 0 -1 33909.dat
1 71 0 -24 -20 -1 0 0 0 1 0 0 0 -1 99563.dat
1 71 0 -8 -20 1 0 0 0 1 0 0 0 1 48336.dat
0 STEP
1 0 0 -6 -40 0 0 1 0 1 0 -1 0 0 48729b.dat
1 0 -10 -6 -40 0 0 -1 0 1 0 1 0 0 48729b.dat
1 0 10 -6 -40 0 0 1 0 1 0 -1 0 0 48729b.dat
0 STEP
1 0 -32 -2 0 0 1 0 -1 0 0 0 0 1 26047.dat
1 0 -30 -2 -20 -1 0 0 0 0 -1 0 -1 0 48729b.dat
0 STEP
1 0 32 -2 0 0 -1 0 1 0 0 0 0 1 26047.dat
1 0 30 -2 -20 -1 0 0 0 0 -1 0 -1 0 48729b.dat
1 7 0 22 -154 0 0 1 1 0 0 0 1 0 18-01-battle-rifle.ldr
0 NOFILE
0 FILE 12-02-hand.ldr
0 Author: Nathanel Titane // nathanel.titane@gmail.com // All Rights Reserved
1 0 -10 0 0 0 0 1 0 1 0 -1 0 0 36840.dat
1 0 10 0 0 0 0 -1 0 1 0 1 0 0 36840.dat
0 STEP
1 71 0 -8 0 -1 0 0 0 1 0 0 0 -1 14704.dat
0 STEP
1 71 0 -16 -10 -1 0 0 0 1 0 0 0 -1 33909.dat
1 71 0 -24 -20 -1 0 0 0 1 0 0 0 -1 99563.dat
1 71 0 -8 -20 1 0 0 0 1 0 0 0 1 48336.dat
0 STEP
1 0 0 -6 -40 0 0 -1 0.707107 0.707107 0 0.707107 -0.707107 0 48729b.dat
1 0 -10 -6 -40 0 0 -1 0.965926 0.258819 0 0.258819 -0.965926 0 48729b.dat
1 0 10 -6 -40 0 0 1 -0.258819 0.965926 0 -0.965926 -0.258819 0 48729b.dat
0 STEP
1 0 -32 -2 0 0 1 0 -0.707107 0 -0.707107 -0.707107 0 0.707107 26047.dat
1 0 -30 12.1421 -14.1421 -0.866026 0.5 0 0.353553 0.612372 -0.707107 -0.353553 -0.612372 -0.707107 48729b.dat
0 STEP
1 0 32 -2 0 0 -1 0 0.707107 0 -0.707107 0.707107 0 0.707107 26047.dat
1 0 30 12.1421 -14.1421 -0.866026 -0.5 0 -0.353553 0.612372 -0.707107 0.353553 -0.612373 -0.707107 48729b.dat
0 NOFILE
0 FILE 13-hood.ldr
0 Author: Nathanel Titane // nathanel.titane@gmail.com // All Rights Reserved
1 0 0 0 0 -1 0 0 0 1 0 0 0 -1 48336.dat
1 72 0 0 0 1 0 0 0 1 0 0 0 1 85984.dat
1 0 0 -8 0 0 0 1 0 1 0 -1 0 0 32802.dat
0 STEP
1 72 -30 -16 0 0 0 1 0 1 0 -1 0 0 4081b.dat
1 72 30 -16 0 0 0 -1 0 1 0 1 0 0 4081b.dat
0 STEP
1 0 0 16 0 1 0 0 0 1 0 0 0 1 48336.dat
1 72 0 24 0 1 0 0 0 1 0 0 0 1 32803.dat
0 STEP
1 0 0 8 20 0 0 1 0 1 0 -1 0 0 32802.dat
1 72 0 24 20 -1 0 0 0 1 0 0 0 -1 85984.dat
0 STEP
1 4 -30 0 20 0 0 1 0 1 0 -1 0 0 3024.dat
1 4 30 0 20 0 0 -1 0 1 0 1 0 0 3024.dat
0 STEP
1 72 -30 -24 0 -1 0 0 0 1 0 0 0 -1 28192.dat
1 72 30 -24 0 -1 0 0 0 1 0 0 0 -1 28192.dat
0 STEP
0 NOFILE
0 FILE 14-wheel.ldr
0 Author: Nathanel Titane // nathanel.titane@gmail.com // All Rights Reserved
1 148 0 0 0 0 0 1 0 1 0 -1 0 0 2903.dat
1 256 0 0 0 0 0 1 0 1 0 -1 0 0 32076.dat
0 STEP
1 72 18 0 0 0 -1 0 0 0 1 -1 0 0 15535.dat
1 72 -18 0 0 0 1 0 0 0 -1 -1 0 0 4032.dat
1 0 8 0 0 -1 0 0 0 1 0 0 0 -1 18651.dat
0 STEP
1 71 -26 0 0 0 1 0 0 0 -1 -1 0 0 6177.dat
1 72 -34 20 0 0 1 0 0 0 -1 -1 0 0 51739.dat
1 72 -34 -20 0 0 1 0 0 0 1 1 0 0 51739.dat
0 STEP
1 72 -42 0 0 0 1 0 0 0 1 1 0 0 15535.dat
1 71 -42 0 0 0 -1 0 0 0 -1 1 0 0 4073.dat
0 STEP
1 72 -26 40 0 0 1 0 0 0 -1 -1 0 0 15068.dat
1 72 -26 -40 0 0 1 0 0 0 1 1 0 0 15068.dat
0 NOFILE
0 FILE 15-orbital-camera.ldr
0 Author: Nathanel Titane // nathanel.titane@gmail.com // All Rights Reserved
1 71 0 8 0 1 0 0 0 1 0 0 0 1 85861.dat
0 STEP
1 0 0 -9 0 1 0 0 0 1 0 0 0 1 32474.dat
1 71 0 0 0 1 0 0 0 1 0 0 0 1 4740.dat
0 STEP
1 71 0 26 0 1 0 0 0 -1 0 0 0 -1 48729b.dat
0 NOFILE
0 FILE 16-missile-pod.ldr
0 Author: Nathanel Titane // nathanel.titane@gmail.com // All Rights Reserved
1 0 0 34 0 1 0 0 0 1 0 0 0 1 30361c.dat
1 0 0 0 0 1 0 0 0 1 0 0 0 1 3941.dat
0 STEP
1 71 0 -8 0 1 0 0 0 1 0 0 0 1 4032.dat
1 14 10 -16 -10 1 0 0 0 1 0 0 0 1 25269.dat
1 0 10 -16 10 0 0 -1 0 1 0 1 0 0 25269.dat
