0 !LEOCAD PIECE PIVOT  0 2 -20 1 0 0 0 1 0 0 0 1
1 72 0 20.3205 28.268 -1 0 0 0 -0.5 0.866025 0 0.866025 0.5 2540.dat
1 72 0 24.3205 21.3398 1 0 0 0 -0.5 -0.866025 0 0.866025 -0.5 99563.dat
1 71 -16 2 20 1 0 0 0 0 -1 0 1 0 93609.dat
1 71 16 2 20 1 0 0 0 0 -1 0 1 0 93609.dat
0 !LEOCAD PIECE PIVOT  0 2 -20 1 0 0 0 1 0 0 0 1
1 0 0 -13.2359 6.8901 1 0 0 0 -0.573576 -0.819152 0 0.819152 -0.573576 03-head.ldr
