1 0 -10 0 0 0 0 1 0 1 0 -1 0 0 92280.dat
1 0 10 0 0 0 0 1 0 1 0 -1 0 0 92280.dat
1 0 0 8 -10 1 0 0 0 1 0 0 0 1 3298.dat
1 0 0 8 10 -1 0 0 0 1 0 0 0 -1 3660.dat
1 0 0 8 30 -1 0 0 0 1 0 0 0 -1 85984.dat
1 71 0 42 20 1 0 0 0 0 1 0 -1 0 67329.dat
1 71 0 42 -60 -1 0 0 0 0 1 0 1 0 67329.dat
1 0 -10 52 -68 0 0 1 1 0 0 0 1 0 30383.dat
1 0 10 52 -68 0 0 1 1 0 0 0 1 0 30383.dat
1 0 -10 22 -92 1 0 0 0 0 -1 0 1 0 28192.dat
1 0 10 22 -92 1 0 0 0 0 -1 0 1 0 28192.dat
1 71 0 22 -84 1 0 0 0 0 -1 0 1 0 3938.dat
1 71 -28 42 20 0 1 0 0 0 -1 -1 0 0 43722.dat
1 71 -28 42 -30 0 1 0 -1 0 0 0 0 1 2450.dat
1 71 0 62 20 -1 0 0 0 0 -1 0 -1 0 67329.dat
1 71 0 62 -60 1 0 0 0 0 -1 0 1 0 67329.dat
1 0 0 62 20 -1 0 0 0 0 -1 0 -1 0 85984.dat
1 0 0 42 20 -1 0 0 0 0 -1 0 -1 0 85984.dat
1 71 28 42 20 0 -1 0 0 0 -1 1 0 0 43723.dat
1 71 28 42 -30 0 -1 0 0 0 1 -1 0 0 2450.dat
1 0 -10 80 0 0 0 1 0 -1 0 1 0 0 44301a.dat
1 0 10 80 0 0 0 1 0 -1 0 1 0 0 44301a.dat
1 0 0 80 -40 0 0 1 0 -1 0 1 0 0 3068b.dat
1 0 10 88 0 0 0 1 0 -1 0 1 0 0 92280.dat
1 0 -10 88 0 0 0 1 0 -1 0 1 0 0 92280.dat
0 !LEOCAD PIECE PIVOT  30 2 0 1 0 0 0 1 0 0 0 1
1 0 -10 42.201 -96.6274 0 0 1 0.707107 -0.707107 0 0.707107 0.707107 0 44302a.dat
0 !LEOCAD PIECE PIVOT  30 2 0 1 0 0 0 1 0 0 0 1
1 0 10 42.201 -96.6274 0 0 1 0.707107 -0.707107 0 0.707107 0.707107 0 44302a.dat
1 71 0 15.331 -112.1838 -1 0 0 0 -0.707107 0.707107 0 0.707107 0.707107 6134.dat
1 0 -10 13.9168 -124.9117 0 0 -1 -0.707107 -0.707107 0 -0.707107 0.707107 0 44302a.dat
1 0 10 13.9168 -124.9117 0 0 -1 -0.707107 -0.707107 0 -0.707107 0.707107 0 44302a.dat
1 71 0 1.1888 -126.3259 -1 0 0 0 -0.707107 0.707107 0 0.707107 0.707107 3938.dat
1 72 0 26.6447 -123.4975 0 0 -1 -0.707107 -0.707107 0 -0.707107 0.707107 0 26603.dat
1 72 0 46.4437 -115.0122 -1 0 0 0 -0.707107 0.707107 0 0.707107 0.707107 3023.dat
1 72 -10 52.1005 -120.6691 1 0 0 0 -0.707107 -0.707107 0 0.707107 -0.707107 28192.dat
1 72 10 52.1005 -120.6691 1 0 0 0 -0.707107 -0.707107 0 0.707107 -0.707107 28192.dat
1 72 -28 22 -80 0 1 0 0 0 -1 -1 0 0 2419.dat
1 72 28 22 -80 0 -1 0 0 0 -1 1 0 0 2419.dat
1 1 -36 32 -80 0 1 0 -1 0 0 0 0 1 2639.dat
1 1 36 32 -80 0 -1 0 0 0 -1 1 0 0 2639.dat
1 1 36 32 0 0 -1 0 0 0 -1 1 0 0 3022.dat
1 1 -36 32 0 0 1 0 -1 0 0 0 0 1 3022.dat
1 1 36 32 -120 0 -1 0 0 0 1 -1 0 0 35787.dat
1 1 -36 32 -120 0 1 0 1 0 0 0 0 -1 35787.dat
1 72 -28 -38 -80 0 1 0 0 0 1 1 0 0 2419.dat
1 72 28 -38 -80 0 -1 0 0 0 1 -1 0 0 2419.dat
1 72 -36 -58 -80 0 1 0 0 0 1 1 0 0 32028.dat
1 72 36 -58 -80 0 -1 0 0 0 1 -1 0 0 32028.dat
1 15 -36 2 -40 0 1 0 1 0 0 0 0 -1 92946.dat
1 15 -36 2 -120 0 1 0 -1 0 0 0 0 1 92946.dat
1 15 -36 -18 -40 0 1 0 1 0 0 0 0 -1 92946.dat
1 15 -36 -18 -120 0 1 0 -1 0 0 0 0 1 92946.dat
1 15 36 2 -40 0 -1 0 -1 0 0 0 0 -1 92946.dat
1 15 36 2 -120 0 -1 0 1 0 0 0 0 1 92946.dat
1 15 36 -18 -40 0 -1 0 -1 0 0 0 0 -1 92946.dat
1 15 36 -18 -120 0 -1 0 1 0 0 0 0 1 92946.dat
1 0 44 -8 -80 0 -1 0 0 0 1 -1 0 0 3020.dat
1 0 -44 -8 -80 0 1 0 0 0 1 1 0 0 3020.dat
1 15 52 -38 -80 0 -1 0 0 0 1 -1 0 0 47759.dat
1 15 60 -38 -80 0 -1 0 0 0 1 -1 0 0 99563.dat
1 15 -52 -38 -80 0 1 0 0 0 1 1 0 0 47759.dat
1 15 -60 -38 -80 0 1 0 0 0 1 1 0 0 99563.dat
1 15 52 -8 -60 0 -1 0 -1 0 0 0 0 -1 35787.dat
1 15 52 -8 -60 0 -1 0 1 0 0 0 0 1 35787.dat
1 15 -52 -8 -60 0 1 0 0 0 -1 -1 0 0 35787.dat
1 15 -52 -8 -60 0 1 0 0 0 1 1 0 0 35787.dat
1 15 52 -8 -100 0 -1 0 -1 0 0 0 0 -1 35787.dat
1 15 52 -8 -100 0 -1 0 1 0 0 0 0 1 35787.dat
1 15 -52 -8 -100 0 1 0 0 0 -1 -1 0 0 35787.dat
1 15 -52 -8 -100 0 1 0 0 0 1 1 0 0 35787.dat
1 1 44 32 0 0 -1 0 -1 0 0 0 0 -1 35787.dat
1 1 44 32 0 0 -1 0 1 0 0 0 0 1 35787.dat
1 1 -44 32 0 0 1 0 0 0 -1 -1 0 0 35787.dat
1 1 -44 32 0 0 1 0 0 0 1 1 0 0 35787.dat
1 1 -44 32 -60 0 1 0 0 0 1 1 0 0 87079.dat
1 1 44 32 -60 0 -1 0 0 0 1 -1 0 0 87079.dat
1 272 -28 62 0 0 1 0 0 0 -1 -1 0 0 85984.dat
1 272 -28 62 -40 0 1 0 0 0 -1 -1 0 0 85984.dat
1 272 28 62 0 0 -1 0 0 0 -1 1 0 0 85984.dat
1 272 28 62 -40 0 -1 0 0 0 -1 1 0 0 85984.dat
0 !LEOCAD PIECE PIVOT  0 -22 20 1 0 0 0 1 0 0 0 1
1 0 0 -10.1249 -174.4092 -1 0 0 0 -0.707107 -0.707107 0 -0.707107 0.707107 16-knee-cap.ldr
0 !LEOCAD PIECE PIVOT  0 -46 -10 1 0 0 0 1 0 0 0 1
1 0 0 103.4558 69.598 1 0 0 0 0.707107 -0.707107 0 0.707107 0.707107 17-01-heel.ldr
0 !LEOCAD PIECE PIVOT  0 2 30 1 0 0 0 1 0 0 0 1
1 0 0 116.6274 29.799 1 0 0 0 -0.707107 -0.707107 0 0.707107 -0.707107 17-02-arch.ldr
