1 71 0 0 0 -1 0 0 0 1 0 0 0 -1 14704.dat
1 72 0 8 -10 1 0 0 0 1 0 0 0 1 15068.dat
1 71 0 8 -20 -1 0 0 0 1 0 0 0 -1 99781.dat
1 0 0 16 -20 1 0 0 0 1 0 0 0 1 48336.dat
1 0 -10 18 2 -1 0 0 0 0 -1 0 -1 0 26047.dat
1 0 -10 18 10 1 0 0 0 0 1 0 -1 0 24246.dat
1 0 10 18 -6 -1 0 0 0 0 -1 0 -1 0 54200.dat
1 0 -10 38 0 0 0 -1 0.939693 -0.34202 0 -0.34202 -0.939693 0 48729b.dat
1 0 10 18 -40 0 0 1 0.422618 0.906308 0 -0.906308 0.422618 0 48729b.dat
1 0 2 18 -40 0 0 1 0.422618 0.906308 0 -0.906308 0.422618 0 48729b.dat
1 0 -10 18 -40 0 0 -1 -0.422618 0.906308 0 0.906308 0.422618 0 48729b.dat
