0 FILE 00-instructions.ldr
0 Name: 00-instructions.ldr
0 Author: Nathanel Titane // nathanel.titane@gmail.com // All Rights Reserved
0
0 // LPUB[3D] FRONT COVER PAGE /////////////////////////////////////////////////
0
0 !LPUB PAGE DOCUMENT_TITLE_FRONT COLOR "#666666"
0 !LPUB PAGE DOCUMENT_TITLE_FRONT CONTENT GLOBAL "MODEL // VF-25 MESSIAH // GERWALK"
0 !LPUB PAGE DOCUMENT_TITLE_FRONT DISPLAY GLOBAL TRUE
0 !LPUB PAGE DOCUMENT_TITLE_FRONT FONT "Noto Sans,72,-1,0,75,0,0,0,0,0,Bold"
0 !LPUB PAGE DOCUMENT_TITLE_FRONT MARGINS 0.2500 0.1000
0 !LPUB PAGE DOCUMENT_TITLE_FRONT PLACEMENT GLOBAL TOP_LEFT PAGE INSIDE OFFSET 0.0000 0.0000

0 !LPUB PAGE DOCUMENT_AUTHOR_FRONT CONTENT GLOBAL "MODEL DESIGN AND INSTRUCTIONS // NATHANEL TITANE"
0 !LPUB PAGE DOCUMENT_AUTHOR_FRONT COLOR "#666666"
0 !LPUB PAGE DOCUMENT_AUTHOR_FRONT DISPLAY GLOBAL TRUE
0 !LPUB PAGE DOCUMENT_AUTHOR_FRONT FONT "Noto Sans,18,-1,0,75,0,0,0,0,0,Bold"
0 !LPUB PAGE DOCUMENT_AUTHOR_FRONT MARGINS 0.3000 1.0000
0 !LPUB PAGE DOCUMENT_AUTHOR_FRONT PLACEMENT TOP_LEFT PAGE INSIDE OFFSET 0.0000 0.0000

0 !LPUB PAGE MODEL_PARTS COLOR "#666666"
0 !LPUB PAGE MODEL_PARTS CONTENT GLOBAL "925 PIECES"
0 !LPUB PAGE MODEL_PARTS DISPLAY GLOBAL TRUE
0 !LPUB PAGE MODEL_PARTS FONT "Noto Sans,72,-1,0,75,0,0,0,0,0,Bold"
0 !LPUB PAGE MODEL_PARTS MARGINS 0.2500 0.1000
0 !LPUB PAGE MODEL_PARTS PLACEMENT GLOBAL BOTTOM_LEFT PAGE INSIDE OFFSET 0.0000 0.0000

0 !LPUB PAGE PUBLISH_DESCRIPTION COLOR "#666666"
0 !LPUB PAGE PUBLISH_DESCRIPTION CONTENT GLOBAL "MECHA // BLOCKS - Where LEGO® and Open Source Meet"
0 !LPUB PAGE PUBLISH_DESCRIPTION DISPLAY GLOBAL TRUE
0 !LPUB PAGE PUBLISH_DESCRIPTION FONT "Noto Sans,36,-1,0,75,0,0,0,0,0,Bold"
0 !LPUB PAGE PUBLISH_DESCRIPTION MARGINS 0.2000 0.2000
0 !LPUB PAGE PUBLISH_DESCRIPTION PLACEMENT GLOBAL BOTTOM_RIGHT PAGE INSIDE OFFSET 0.0000 0.0000
0
0 // LPUB[3D] BACK COVER PAGE //////////////////////////////////////////////////
0
0 // LPUB[3D] DOCUMENT DISCLAIMER
0 !LPUB PAGE LEGO_DISCLAIMER COLOR "#666666"
0 !LPUB PAGE LEGO_DISCLAIMER CONTENT GLOBAL "LEGO® // REGISTERED TRADEMARK OF THE LEGO GROUP"
0 !LPUB PAGE LEGO_DISCLAIMER DISPLAY GLOBAL TRUE
0 !LPUB PAGE LEGO_DISCLAIMER FONT "Noto Sans,36,-1,0,75,0,0,0,0,0,Bold"
0 !LPUB PAGE LEGO_DISCLAIMER PLACEMENT GLOBAL CENTER PAGE INSIDE OFFSET 0.0000 -0.2500
0
0 // LPUB[3D] PAGE DOCUMENT AUTHOR
0 !LPUB PAGE DOCUMENT_AUTHOR_BACK COLOR "#666666"
0 !LPUB PAGE DOCUMENT_AUTHOR_BACK CONTENT GLOBAL "MODEL DESIGN AND INSTRUCTIONS // NATHANEL TITANE"
0 !LPUB PAGE DOCUMENT_AUTHOR_BACK DISPLAY GLOBAL TRUE
0 !LPUB PAGE DOCUMENT_AUTHOR_BACK FONT "Noto Sans,36,-1,0,75,0,0,0,0,0,Bold"
0 !LPUB PAGE DOCUMENT_AUTHOR_BACK PLACEMENT CENTER PAGE INSIDE OFFSET 0.0000 -0.2000
0
0 // LPUB[3D] PAGE PUBLICATION COPYRIGHT
0 !LPUB PAGE PUBLISH_COPYRIGHT_BACK COLOR "#666666"
0 !LPUB PAGE PUBLISH_COPYRIGHT_BACK CONTENT GLOBAL "COPYRIGHT // ALL RIGHTS RESERVED"
0 !LPUB PAGE PUBLISH_COPYRIGHT_BACK DISPLAY GLOBAL TRUE
0 !LPUB PAGE PUBLISH_COPYRIGHT_BACK FONT "Noto Sans,36,-1,0,75,0,0,0,0,0,Bold"
0 !LPUB PAGE PUBLISH_COPYRIGHT_BACK PLACEMENT GLOBAL CENTER PAGE INSIDE OFFSET 0.0000 -0.1500
0
0 // LPUB[3D] PAGE PUBLICATION EMAIL
0 !LPUB PAGE PUBLISH_EMAIL_BACK COLOR "#666666"
0 !LPUB PAGE PUBLISH_EMAIL_BACK CONTENT GLOBAL "CONTACT // NATHANEL.TITANE@GMAIL.COM // INFO@LEGOLINUX.COM"
0 !LPUB PAGE PUBLISH_EMAIL_BACK DISPLAY GLOBAL TRUE
0 !LPUB PAGE PUBLISH_EMAIL_BACK FONT "Noto Sans,18,-1,0,75,0,0,0,0,0,Bold"
0 !LPUB PAGE PUBLISH_EMAIL_BACK PLACEMENT GLOBAL CENTER PAGE INSIDE OFFSET 0.0000 -0.0500
0
0 // LPUB[3D] PAGE PUBLICATION URL
0 !LPUB PAGE PUBLISH_URL_BACK COLOR "#666666"
0 !LPUB PAGE PUBLISH_URL_BACK CONTENT GLOBAL "WEB // HTTPS://LEGOLINUX.COM/MODELS/VERITECHS/VF-25-MESSIAH-GERWALK"
0 !LPUB PAGE PUBLISH_URL_BACK DISPLAY GLOBAL TRUE
0 !LPUB PAGE PUBLISH_URL_BACK FONT "Noto Sans,18,-1,0,75,0,0,0,0,0,Bold"
0 !LPUB PAGE PUBLISH_URL_BACK PLACEMENT GLOBAL CENTER PAGE INSIDE OFFSET 0.0000 -0.0250
0
0 // LPUB[3D] PAGE LOGO
0 !LPUB PAGE DOCUMENT_LOGO_BACK DISPLAY GLOBAL TRUE
0 !LPUB PAGE DOCUMENT_LOGO_BACK FILE GLOBAL "/media/internal/Lego/lpub3d/instructions/logo.png"
0 !LPUB PAGE DOCUMENT_LOGO_BACK PLACEMENT CENTER PAGE INSIDE OFFSET 0.0000 0.45000
0 !LPUB PAGE DOCUMENT_LOGO_BACK SCALE GLOBAL  1.0000
0
0 // LPUB[3D] CONFIGURATION ////////////////////////////////////////////////////
0
0 // LPUB[3D] PAGE WATERMARK
0 !LPUB PAGE PUBLISH_EMAIL CONTENT GLOBAL "CONTACT // NATHANEL.TITANE@GMAIL.COM // INFO@MECHABLOCKS.COM"
0 !LPUB PAGE PUBLISH_EMAIL COLOR "#666666"
0 !LPUB PAGE PUBLISH_EMAIL DISPLAY GLOBAL TRUE
0 !LPUB PAGE PUBLISH_EMAIL FONT "Noto Sans,18,-1,0,75,0,0,0,0,0,Bold"
0 !LPUB PAGE PUBLISH_EMAIL MARGINS 0.0000 0.1500
0 !LPUB PAGE PUBLISH_EMAIL PLACEMENT GLOBAL BOTTOM PAGE INSIDE OFFSET 0.0000 0.0000
0 !LPUB PAGE DOCUMENT_AUTHOR CONTENT GLOBAL "MODEL DESIGN AND INSTRUCTIONS // NATHANEL TITANE"
0 !LPUB PAGE DOCUMENT_AUTHOR COLOR "#666666"
0 !LPUB PAGE DOCUMENT_AUTHOR DISPLAY GLOBAL TRUE
0 !LPUB PAGE DOCUMENT_AUTHOR FONT "Noto Sans,18,-1,0,75,0,0,0,0,0,Bold"
0 !LPUB PAGE DOCUMENT_AUTHOR MARGINS 0.0000 0.2000
0 !LPUB PAGE DOCUMENT_AUTHOR PLACEMENT GLOBAL TOP PAGE INSIDE OFFSET 0.0000 0.0000
0
0 // LPUB[3D] STEPS HIGHLIGHT
0 !LPUB HIGHLIGHT_STEP ENABLED GLOBAL TRUE
0 !LPUB HIGHLIGHT_STEP COLOR GLOBAL "#7137C8"
0
0 // LPUB[3D] STEP FADE
0 !LPUB FADE_STEP OPACITY GLOBAL "50"
0 !LPUB FADE_STEP COLOR GLOBAL "Trans_Black"
0 !LPUB FADE_STEP ENABLED GLOBAL TRUE
0 !LPUB FINAL_MODEL_ENABLED GLOBAL TRUE
0
0 // LPUB[3D] SUBMODEL PREVIEW
0 !LPUB SUBMODEL_DISPLAY SHOW GLOBAL TRUE
0 !LPUB SUBMODEL_DISPLAY BACKGROUND COLOR "#DDDDDD"
0 !LPUB SUBMODEL_DISPLAY MARGINS 0.1500 0.7500
0 !LPUB SUBMODEL_DISPLAY BORDER SQUARE 0 Black 0.031 MARGINS 0.050 0.050
0 !LPUB SUBMODEL_DISPLAY PLACEMENT GLOBAL LEFT PAGE INSIDE
0 !LPUB SUBMODEL_DISPLAY CAMERA_ANGLES 30.0000 45.0000
0
0 // LPUB[3D] ASSEMBLIES
0 !LPUB ASSEM CAMERA_ANGLES 30.0000 45.0000
0 !LPUB ASSEM MARGINS 0.5000 0.5000
0 !LPUB ASSEM MODEL_SCALE 1.0000
0 !LPUB ASSEM PLACEMENT CENTER PAGE INSIDE OFFSET 0.0000 0.0000
0
0 // LPUB[3D] BILL OF MATERIALS
0 !LPUB BOM BACKGROUND COLOR "#DDDDDD"
0 !LPUB BOM BORDER SQUARE 0 #666666 0.025 MARGINS 0.050 0.050
0 !LPUB BOM CONSTRAIN HEIGHT 13.0000
0 !LPUB BOM CONSTRAIN SQUARE
0 !LPUB BOM PLACEMENT CENTER PAGE INSIDE OFFSET 0.0000 0.0000
0
0 // LPUB[3D] CALLOUTS
0 !LPUB CALLOUT BORDER SQUARE 0 #666666 0.025 MARGINS 0.050 0.050
0 !LPUB CALLOUT MARGINS 0.1250 0.1250
0 !LPUB CALLOUT PLACEMENT RIGHT PAGE INSIDE OFFSET 0.0000 0.0000
0
0 // LPUB[3D] PAGE
0 !LPUB PAGE DOCUMENT_COVER_IMAGE DISPLAY GLOBAL TRUE
0 !LPUB PAGE DOCUMENT_COVER_IMAGE FILE GLOBAL "../renders/flat/flat.png"
0 !LPUB PAGE DOCUMENT_COVER_IMAGE FILL GLOBAL ASPECT
0 !LPUB PAGE DOCUMENT_COVER_IMAGE MARGINS GLOBAL 0.0000 0.0000
0 !LPUB PAGE DOCUMENT_COVER_IMAGE PLACEMENT GLOBAL CENTER PAGE INSIDE OFFSET 0.0000 0.0000
0 !LPUB PAGE DOCUMENT_COVER_IMAGE SCALE GLOBAL 1.0000
0
0 // LPUB[3D] PAGE NUMBER
0 !LPUB PAGE NUMBER FONT "Noto Sans,36,-1,0,75,0,0,0,0,0,Bold"
0 !LPUB PAGE NUMBER FONT_COLOR "#666666"
0 !LPUB PAGE NUMBER MARGINS 0.1250 0.1250
0 !LPUB PAGE NUMBER PLACEMENT BOTTOM_RIGHT PAGE INSIDE OFFSET 0.0000 0.0000
0
0 // LPUB[3D] PAGE SETUP
0 !LPUB PAGE BORDER GLOBAL NONE 0 MARGINS 0.000 0.000
0 !LPUB PAGE ENABLE_TEXT_PLACEMENT GLOBAL CENTER PAGE INSIDE OFFSET 0.0000 0.0000
0 !LPUB PAGE TEXT_PLACEMENT GLOBAL TRUE
0 !LPUB PAGE PAGE_FOOTER SIZE GLOBAL 32.0000 0.5000
0 !LPUB PAGE PAGE_HEADER SIZE GLOBAL 32.0000 0.5000
0 !LPUB PAGE MARGINS GLOBAL 0.0000 0.0000
0 !LPUB PAGE ORIENTATION GLOBAL LANDSCAPE
0 !LPUB PAGE SIZE GLOBAL 16.0000 32.0000
0
0 // LPUB[3D] PAGE COLORS
0 !LPUB PAGE SUBMODEL_BACKGROUND_COLOR GLOBAL "#DDDDDD" "#FFE680" "#FFAAAA" "#C6AFE9"
0
0 // LPUB[3D] SUBMODELS
0 !LPUB PAGE SUBMODEL_INSTANCE_COUNT FONT_COLOR "#FF5555"
0 !LPUB PAGE SUBMODEL_INSTANCE_COUNT FONT "Noto Sans,72,-1,0,75,0,0,0,0,0,Bold"
0 !LPUB PAGE SUBMODEL_INSTANCE_COUNT MARGINS 0.0000 0.1250
0 !LPUB PAGE SUBMODEL_INSTANCE_COUNT PLACEMENT BOTTOM_RIGHT PAGE INSIDE OFFSET 0.0000 -0.0500
0
0 // LPUB[3D] PARTS LIST
0 !LPUB PLI BACKGROUND COLOR "#DDDDDD"
0 !LPUB PLI BORDER SQUARE 0 #666666 0.025 MARGINS 0.0500 0.050
0 !LPUB PLI CAMERA_ANGLES 30.0000 45.0000
0 !LPUB PLI CONSTRAIN HEIGHT 5.0000
0 !LPUB PLI MODEL_SCALE  1.0000
0 !LPUB PLI MARGINS 0.1500 0.7500
0 !LPUB PLI PLACEMENT TOP_RIGHT PAGE INSIDE OFFSET 0.0000 0.0000
0 !LPUB PLI INSTANCE_COUNT FONT "Noto Sans,36,-1,0,75,0,0,0,0,0,Bold"
0 !LPUB PLI INSTANCE_COUNT FONT_COLOR "#666666"
0 !LPUB PLI INSTANCE_COUNT MARGINS 0.0125 0.0125
0 !LPUB PLI INSTANCE_COUNT MARGINS 0.0125 0.3000
0
0 // LPUB[3D] STEP NUMBER
0 !LPUB STEP_NUMBER FONT "Noto Sans,72,-1,0,75,0,0,0,0,0,Bold"
0 !LPUB STEP_NUMBER FONT_COLOR "#666666"
0 !LPUB STEP_NUMBER MARGINS 0.1250 0.0000
0 !LPUB STEP_NUMBER PLACEMENT TOP_LEFT PAGE INSIDE OFFSET 0.0000 0.0000
0
0 // LPUB[3D] BEGIN INSTRUCTIONS ///////////////////////////////////////////////
0
0 STEP
0 !LPUB INSERT COVER_PAGE FRONT
0 STEP
0 !LPUB ASSEM MODEL_SCALE LOCAL 0.7500
1 0 0 0 0 1 0 0 0 1 0 0 0 1 00-model.ldr
0 STEP
0
0 // LPUB[3D] DISABLE FINAL MODEL SHOWCASE /////////////////////////////////////
0
0 !LPUB NOSTEP
0
0 // LPUB[3D] BOM PAGES
0 STEP
0 !LPUB INSERT PAGE
0 !LPUB INSERT BOM
0 STEP
0 !LPUB INSERT PAGE
0 !LPUB INSERT BOM
0 STEP
0 !LPUB INSERT PAGE
0 !LPUB INSERT BOM
0 STEP
0 !LPUB INSERT PAGE
0 !LPUB INSERT BOM
0 STEP
0 !LPUB INSERT PAGE
0 !LPUB INSERT BOM
0 STEP
0 !LPUB INSERT PAGE
0 !LPUB INSERT BOM
0 STEP
0 !LPUB INSERT PAGE
0 !LPUB INSERT BOM
0 STEP
0 !LPUB INSERT PAGE
0 !LPUB INSERT BOM
0 STEP
0 !LPUB INSERT PAGE
0 !LPUB INSERT BOM
0 STEP
0 !LPUB INSERT PAGE
0 !LPUB INSERT BOM
0 STEP
0 !LPUB INSERT PAGE
0 !LPUB INSERT BOM
0 STEP
0 !LPUB INSERT PAGE
0 !LPUB INSERT BOM
0 STEP
0
0 !LPUB NOSTEP
0
0 !LPUB INSERT COVER_PAGE BACK
0
0 // LPUB[3D] END INSTRUCTIONS /////////////////////////////////////////////////
0
0 NOFILE
0 FILE 00-model.ldr
0 
0 Name: 00-model.ldr
0 Author: Nathanel Titane // nathanel.titane@gmail.com // All Rights Reserved
0 !LEOCAD PIECE PIVOT  0 -38 -20 1 0 0 0 1 0 0 0 1
1 0 0 33.5288 -140.8464 1 0 0 0 0.965926 -0.258819 0 0.258819 0.965926 01-cockpit.ldr
0 STEP
0 !LEOCAD PIECE PIVOT  0 2 0 1 0 0 0 1 0 0 0 1
1 0 -50 0.0681 -170.5176 1 0 0 0 0.965926 -0.258819 0 0.258819 0.965926 05-01-strut.ldr
0 STEP
0 !LEOCAD PIECE PIVOT  0 2 0 1 0 0 0 1 0 0 0 1
1 0 50 0.0681 -170.5176 1 0 0 0 0.965926 -0.258819 0 0.258819 0.965926 05-02-strut.ldr
0 STEP
0 !LEOCAD PIECE PIVOT  0 2 -10 1 0 0 0 1 0 0 0 1
1 0 0 -67.1133 -12.5219 1 0 0 0 0.965926 -0.258819 0 0.258819 0.965926 06-chestplate.ldr
0 STEP
0 !LEOCAD PIECE PIVOT  0 -6 -30 1 0 0 0 1 0 0 0 1
1 0 -60 -87.8188 64.7522 1 0 0 0 0.965926 -0.258819 0 0.258819 0.965926 07-01-hinge.ldr
0 STEP
0 !LEOCAD PIECE PIVOT  0 -6 -30 1 0 0 0 1 0 0 0 1
1 0 60 -87.8188 64.7522 1 0 0 0 0.965926 -0.258819 0 0.258819 0.965926 07-02-hinge.ldr
0 STEP
0 !LEOCAD PIECE PIVOT  0 2 -80 1 0 0 0 1 0 0 0 1
1 0 0 -129.1927 188.252 1 0 0 0 0.965926 -0.258819 0 0.258819 0.965926 08-back.ldr
0 STEP
0 NOFILE
0 FILE 01-cockpit.ldr
0 
0 Name: 01-cockpit.ldr
0 Author: Nathanel Titane // nathanel.titane@gmail.com // All Rights Reserved
1 72 0 0 0 1 0 0 0 1 0 0 0 1 32803.dat
1 72 0 8 50 -1 0 0 0 1 0 0 0 -1 11203.dat
0 STEP
1 71 -10 0 30 0 0 1 0 1 0 -1 0 0 32028.dat
1 71 10 0 30 0 0 -1 0 1 0 1 0 0 32028.dat
0 STEP
1 71 10 0 70 0 0 -1 0 1 0 1 0 0 18677.dat
1 71 -10 0 70 0 0 -1 0 1 0 1 0 0 18677.dat
1 0 0 10 80 1 0 0 0 1 0 0 0 1 2780.dat
1 0 30 10 80 0 -1 0 1 0 0 0 0 1 87994.dat
0 STEP
1 72 0 -24 50 0 0 1 0 1 0 -1 0 0 4871.dat
1 72 0 -24 -10 0 0 1 0 1 0 -1 0 0 4854.dat
0 STEP
1 71 0 -16 -30 0 0 -1 0 1 0 1 0 0 3034.dat
1 0 0 0 70 -1 0 0 0 1 0 0 0 -1 15068.dat
0 STEP
1 72 0 -24 40 -1 0 0 0 1 0 0 0 -1 3023.dat
1 72 0 -40 40 -1 0 0 0 1 0 0 0 -1 3023.dat
1 72 0 -32 40 -1 0 0 0 1 0 0 0 -1 48336.dat
0 STEP
0 !LEOCAD GROUP BEGIN Group #1
1 71 -10 -30 60 -1 0 0 0 0.104528 0.994522 0 0.994522 -0.104528 30377.dat
1 71 0 -30 60 -1 0 0 0 0.104528 0.994522 0 0.994522 -0.104528 30377.dat
1 71 10 -30 60 -1 0 0 0 0.104528 0.994522 0 0.994522 -0.104528 30377.dat
0 STEP
0 !LEOCAD GROUP END
1 72 0 -24 -90 0 0 1 0 1 0 -1 0 0 4854.dat
0 STEP
1 71 -10 -16 -130 0 0 1 0 1 0 -1 0 0 18677.dat
1 71 10 -16 -130 0 0 1 0 1 0 -1 0 0 18677.dat
1 0 0 -6 -140 -1 0 0 0 1 0 0 0 -1 2780.dat
1 0 -30 -6 -140 0 1 0 1 0 0 0 0 -1 87994.dat
0 STEP
1 0 0 -48 20 1 0 0 0 1 0 0 0 1 2432.dat
1 0 0 -24 -20 0 0 1 0 1 0 -1 0 0 26603.dat
1 0 0 -24 -70 -1 0 0 0 1 0 0 0 -1 33909.dat
1 4 0 -24 -130 -1 0 0 0 1 0 0 0 -1 33909.dat
0 STEP
1 71 0 -40 -100 1 0 0 0 1 0 0 0 1 73109.dat
0 STEP
1 71 0 -48 -110 0 0 -1 0 1 0 1 0 0 3022.dat
1 71 0 -56 -100 -1 0 0 0 1 0 0 0 -1 3794b.dat
1 0 0 -48 -140 1 0 0 0 1 0 0 0 1 3660.dat
0 STEP
1 72 0 -56 -80 -1 0 0 0 1 0 0 0 -1 3937.dat
0 !LEOCAD PIECE PIVOT  0 10 0 1 0 0 0 1 0 0 0 1
1 71 0 -51 -71.3397 1 0 0 0 0.5 0.866025 0 -0.866025 0.5 3938.dat
1 72 0 -55 -64.4115 1 0 0 0 0.5 0.866025 0 -0.866025 0.5 99780.dat
1 72 -10 -55 -64.4115 0 0 -1 0.866025 0.5 0 0.5 -0.866025 0 54200.dat
1 72 10 -55 -64.4115 0 0 1 -0.866025 0.5 0 -0.5 -0.866025 0 54200.dat
0 STEP
1 72 -30 -48 60 -1 0 0 0 1 0 0 0 -1 4287.dat
1 72 30 -48 60 -1 0 0 0 1 0 0 0 -1 4287.dat
1 72 30 -48 20 0 0 -1 0 1 0 1 0 0 3622.dat
1 72 -30 -48 20 0 0 -1 0 1 0 1 0 0 3622.dat
0 STEP
1 72 30 -48 -60 0 0 -1 0 1 0 1 0 0 3622.dat
1 72 -30 -48 -60 0 0 -1 0 1 0 1 0 0 3622.dat
1 72 30 -48 -20 0 0 -1 0 1 0 1 0 0 6541.dat
1 72 -30 -48 -20 0 0 -1 0 1 0 1 0 0 6541.dat
0 STEP
1 14 -30 -32 -120 0 0 -1 0 1 0 1 0 0 3623.dat
1 14 30 -32 -120 0 0 -1 0 1 0 1 0 0 3623.dat
1 72 -30 -32 -160 1 0 0 0 1 0 0 0 1 24201.dat
1 72 30 -32 -160 1 0 0 0 1 0 0 0 1 24201.dat
0 STEP
0 STEP
1 72 0 -64 40 -1 0 0 0 1 0 0 0 -1 3004.dat
0 STEP
1 72 0 -88 40 1 0 0 0 1 0 0 0 1 3937.dat
0 !LEOCAD PIECE PIVOT  0 10 0 1 0 0 0 1 0 0 0 1
1 71 0 -83 31.3397 -1 0 0 0 0.5 0.866025 0 0.866025 -0.5 3938.dat
1 72 0 -99 3.6269 -1 0 0 0 0.5 0.866025 0 0.866025 -0.5 2432.dat
0 STEP
1 0 -30 -56 -80 1 0 0 0 1 0 0 0 1 28192.dat
1 0 30 -56 -80 1 0 0 0 1 0 0 0 1 28192.dat
1 0 -30 -56 -10 0 0 -1 0 1 0 1 0 0 6636.dat
1 0 30 -56 -10 0 0 -1 0 1 0 1 0 0 6636.dat
0 STEP
1 0 -10 -56 -120 0 0 1 0 1 0 -1 0 0 28192.dat
1 0 10 -56 -120 0 0 -1 0 1 0 1 0 0 28192.dat
1 71 -10 -56 -140 0 0 1 0 1 0 -1 0 0 28192.dat
1 71 10 -56 -140 0 0 -1 0 1 0 1 0 0 28192.dat
1 71 -10 -56 -160 0 0 1 0 1 0 -1 0 0 28192.dat
1 71 10 -56 -160 0 0 -1 0 1 0 1 0 0 28192.dat
0 STEP
1 0 -30 -56 90 -1 0 0 0 1 0 0 0 -1 92946.dat
1 0 30 -56 90 -1 0 0 0 1 0 0 0 -1 92946.dat
1 40 -30 -56 60 1 0 0 0 1 0 0 0 1 3024.dat
1 40 30 -56 60 1 0 0 0 1 0 0 0 1 3024.dat
1 0 -30 -80 70 0 0 1 0 1 0 -1 0 0 3004.dat
1 0 30 -80 70 0 0 -1 0 1 0 1 0 0 3004.dat
0 STEP
1 0 -20 -88 60 0 0 1 0 1 0 -1 0 0 92946.dat
1 0 20 -88 60 0 0 -1 0 1 0 1 0 0 92946.dat
1 71 0 -88 80 -1 0 0 0 1 0 0 0 -1 32803.dat
0 STEP
1 0 10 -96 70 0 0 1 0 1 0 -1 0 0 92280.dat
1 0 -10 -96 70 0 0 1 0 1 0 -1 0 0 92280.dat
1 0 -10 -104 80 0 0 1 0 1 0 -1 0 0 28192.dat
1 0 10 -104 80 0 0 -1 0 1 0 1 0 0 28192.dat
0 STEP
1 47 0 -102 60 1 0 0 0 1 0 0 0 1 92579.dat
0 STEP
0 !LEOCAD PIECE PIVOT  0 -6 20 1 0 0 0 1 0 0 0 1
1 0 0 0 -180 1 0 0 0 1 0 0 0 1 02-nose.ldr
0 STEP
0 !LEOCAD PIECE PIVOT  0 0 10 1 0 0 0 1 0 0 0 1
1 0 -28 -6 -150 0 1 0 -1 0 0 0 0 1 03-tab.ldr
0 STEP
0 !LEOCAD PIECE PIVOT  0 0 -10 1 0 0 0 1 0 0 0 1
1 0 28 -6 -150 0 -1 0 -1 0 0 0 0 -1 03-tab.ldr
0 STEP
0 !LEOCAD PIECE PIVOT  0 2 -50 1 0 0 0 1 0 0 0 1
1 0 0 21.0091 148.814 1 0 0 0 0.965926 0.258819 0 -0.258819 0.965926 04-waist.ldr
0 STEP
0 !LEOCAD PIECE PIVOT  0 0 10 1 0 0 0 1 0 0 0 1
1 0 -28 10 90 0 1 0 -1 0 0 0 0 1 03-tab.ldr
0 STEP
0 !LEOCAD PIECE PIVOT  0 0 -10 1 0 0 0 1 0 0 0 1
1 0 28 10 90 0 -1 0 -1 0 0 0 0 -1 03-tab.ldr
0 STEP
0 STEP
0 STEP
0 NOFILE
0 FILE 02-nose.ldr
0 
0 Name: 02-nose.ldr
0 Author: Nathanel Titane // nathanel.titane@gmail.com // All Rights Reserved
1 71 10 -16 10 0 0 -1 0 1 0 1 0 0 18677.dat
1 71 -10 -16 10 0 0 -1 0 1 0 1 0 0 18677.dat
1 0 0 -6 20 1 0 0 0 1 0 0 0 1 2780.dat
1 0 -30 -6 20 0 1 0 1 0 0 0 0 -1 87994.dat
0 STEP
1 72 0 -24 -10 1 0 0 0 1 0 0 0 1 43713.dat
0 STEP
1 4 0 -24 10 -1 0 0 0 1 0 0 0 -1 33909.dat
1 0 0 -48 0 1 0 0 0 1 0 0 0 1 3747b.dat
0 STEP
1 72 -30 -32 -10 0 0 -1 0 1 0 1 0 0 3023.dat
1 72 30 -32 -10 0 0 -1 0 1 0 1 0 0 3023.dat
1 72 0 -32 -90 1 0 0 0 1 0 0 0 1 43719.dat
0 STEP
1 71 -10 -56 0 0 0 1 0 1 0 -1 0 0 28192.dat
1 71 10 -56 0 0 0 -1 0 1 0 1 0 0 28192.dat
1 71 10 -56 -20 0 0 -1 0 1 0 1 0 0 28192.dat
1 71 -10 -56 -20 0 0 1 0 1 0 -1 0 0 28192.dat
0 STEP
1 71 0 -56 -70 1 0 0 0 1 0 0 0 1 47753.dat
0 STEP
0 NOFILE
0 FILE 03-tab.ldr
0 
0 Name: 03-tab.ldr
0 Author: Nathanel Titane // nathanel.titane@gmail.com // All Rights Reserved
1 0 0 0 0 0 0 -1 0 1 0 1 0 0 35480.dat
0 STEP
1 0 0 -8 10 -1 0 0 0 1 0 0 0 -1 24246.dat
1 0 0 -8 -10 1 0 0 0 1 0 0 0 1 24246.dat
0 NOFILE
0 FILE 04-waist.ldr
0 
0 Name: 04-waist.ldr
0 Author: Nathanel Titane // nathanel.titane@gmail.com // All Rights Reserved
1 71 -10 -8 -40 0 0 1 0 1 0 -1 0 0 18677.dat
1 71 10 -8 -40 0 0 1 0 1 0 -1 0 0 18677.dat
1 0 0 2 -50 -1 0 0 0 1 0 0 0 -1 2780.dat
1 0 -30 2 -50 0 1 0 1 0 0 0 0 -1 87994.dat
0 STEP
1 0 0 -8 10 0 0 1 0 1 0 -1 0 0 3021.dat
1 0 0 -16 -30 0 0 1 0 1 0 -1 0 0 3021.dat
0 STEP
1 72 -30 -8 -20 0 0 1 0 1 0 -1 0 0 32803.dat
1 72 30 -8 -20 0 0 -1 0 1 0 1 0 0 32803.dat
1 72 -30 -8 20 0 0 1 0 1 0 -1 0 0 32803.dat
1 72 30 -8 20 0 0 -1 0 1 0 1 0 0 32803.dat
0 STEP
1 0 0 -32 10 -1 0 0 0 1 0 0 0 -1 3004.dat
1 0 -10 -32 30 -1 0 0 0 1 0 0 0 -1 4070.dat
1 0 10 -32 30 -1 0 0 0 1 0 0 0 -1 4070.dat
1 0 0 -22 44 -1 0 0 0 0 -1 0 -1 0 99563.dat
0 STEP
1 72 -30 -32 20 0 0 1 0 1 0 -1 0 0 3937.dat
1 72 30 -32 20 0 0 -1 0 1 0 1 0 0 3937.dat
0 !LEOCAD PIECE PIVOT  0 10 0 1 0 0 0 1 0 0 0 1
1 71 -38.6603 -27 20 0 0.866025 0.5 0 0.5 -0.866025 -1 0 0 6134.dat
0 !LEOCAD PIECE PIVOT  0 10 0 1 0 0 0 1 0 0 0 1
1 71 38.6603 -27 20 0 -0.866025 -0.5 0 0.5 -0.866025 1 0 0 6134.dat
0 STEP
1 72 -30 -8 -10 1 0 0 0 1 0 0 0 1 54200.dat
1 72 30 -8 -10 1 0 0 0 1 0 0 0 1 54200.dat
1 72 -30 -8 -30 -1 0 0 0 1 0 0 0 -1 54200.dat
1 72 30 -8 -30 -1 0 0 0 1 0 0 0 -1 54200.dat
0 STEP
1 0 0 -40 -20 -1 0 0 0 1 0 0 0 -1 48172.dat
0 STEP
1 0 -10 -24 -50 0 0 1 0 1 0 -1 0 0 36840.dat
1 0 10 -24 -50 0 0 -1 0 1 0 1 0 0 36840.dat
1 0 0 -24 -50 1 0 0 0 1 0 0 0 1 85984.dat
0 STEP
1 72 0 -48 -30 1 0 0 0 1 0 0 0 1 48336.dat
1 72 0 -56 0 -1 0 0 0 1 0 0 0 -1 93606.dat
0 STEP
0 !LEOCAD PIECE PIVOT  0 10 0 1 0 0 0 1 0 0 0 1
1 71 -52.5167 -35 20 0 0.866025 0.5 0 0.5 -0.866025 -1 0 0 99206.dat
0 !LEOCAD PIECE PIVOT  0 10 0 1 0 0 0 1 0 0 0 1
1 71 52.5167 -35 20 0 -0.866025 -0.5 0 0.5 -0.866025 1 0 0 99206.dat
0 !LEOCAD PIECE PIVOT  0 10 0 1 0 0 0 1 0 0 0 1
1 72 -40.5885 -39.6602 20 0 0.866025 -0.5 0 0.5 0.866025 1 0 0 15068.dat
0 !LEOCAD PIECE PIVOT  0 10 0 1 0 0 0 1 0 0 0 1
1 72 40.5885 -39.6602 20 0 -0.866025 0.5 0 0.5 0.866025 -1 0 0 15068.dat
0 STEP
0 !LEOCAD PIECE PIVOT  0 10 0 1 0 0 0 1 0 0 0 1
1 38 -56.3205 -16.4115 20 0 0.5 0.866025 0 -0.866025 0.5 1 0 0 3023.dat
0 !LEOCAD PIECE PIVOT  0 10 0 1 0 0 0 1 0 0 0 1
1 38 56.3205 -16.4115 20 0 -0.5 -0.866025 0 -0.866025 0.5 -1 0 0 3023.dat
0 !LEOCAD PIECE PIVOT  0 10 0 1 0 0 0 1 0 0 0 1
1 0 56.3205 -16.4115 10 -0.866025 -0.5 0 0.5 -0.866025 0 0 0 1 54200.dat
0 !LEOCAD PIECE PIVOT  0 10 0 1 0 0 0 1 0 0 0 1
1 0 56.3205 -16.4115 30 0.866025 -0.5 0 -0.5 -0.866025 0 0 0 -1 54200.dat
0 !LEOCAD PIECE PIVOT  0 10 0 1 0 0 0 1 0 0 0 1
1 0 -56.3205 -16.4115 10 -0.866025 0.5 0 -0.5 -0.866025 0 0 0 1 54200.dat
0 !LEOCAD PIECE PIVOT  0 10 0 1 0 0 0 1 0 0 0 1
1 0 -56.3205 -16.4115 30 0.866025 0.5 0 0.5 -0.866025 0 0 0 -1 54200.dat
0 STEP
0 !LEOCAD PIECE PIVOT  -40 -22 40 1 0 0 0 1 0 0 0 1
1 0 -100 1.6031 12.943 -1 0 0 0 0.965926 -0.258819 0 -0.258819 -0.965926 13-01-foreleg.ldr
0 STEP
0 !LEOCAD PIECE PIVOT  40 -22 40 1 0 0 0 1 0 0 0 1
1 0 100 1.6031 12.943 -1 0 0 0 0.965926 -0.258819 0 -0.258819 -0.965926 13-02-foreleg.ldr
0 NOFILE
0 FILE 05-01-strut.ldr
0 
0 Name: 05-01-strut.ldr
0 Author: Nathanel Titane // nathanel.titane@gmail.com // All Rights Reserved
1 71 0 -8 10 0 0 1 0 1 0 -1 0 0 18677.dat
1 0 10 2 0 1 0 0 0 1 0 0 0 1 2780.dat
0 STEP
1 71 -10 -8 50 1 0 0 0 1 0 0 0 1 24307.dat
1 71 0 0 40 0 0 -1 0 1 0 1 0 0 35459.dat
0 STEP
1 72 0 -16 70 0 0 -1 0 1 0 1 0 0 3710.dat
1 0 0 0 80 0 0 -1 0 1 0 1 0 0 4073.dat
1 71 0 -16 80 -1 0 0 0 1 0 0 0 -1 13547.dat
0 STEP
1 0 0 -24 130 0 0 -1 0 1 0 1 0 0 44302a.dat
1 0 0 -24 80 0 0 -1 0 1 0 1 0 0 3623.dat
0 STEP
1 72 0 -32 110 0 0 -1 0 1 0 1 0 0 2431.dat
1 72 0 -32 30 1 0 0 0 1 0 0 0 1 61678.dat
0 STEP
0 STEP
0 STEP
0 STEP
0 NOFILE
0 FILE 05-02-strut.ldr
0 
0 Name: 05-02-strut.ldr
0 Author: Nathanel Titane // nathanel.titane@gmail.com // All Rights Reserved
1 71 0 -8 10 0 0 1 0 1 0 -1 0 0 18677.dat
1 0 -10 2 0 1 0 0 0 1 0 0 0 1 2780.dat
0 STEP
1 71 10 -8 50 1 0 0 0 1 0 0 0 1 24299.dat
1 71 0 0 40 0 0 -1 0 1 0 1 0 0 35459.dat
0 STEP
1 72 0 -16 70 0 0 -1 0 1 0 1 0 0 3710.dat
1 0 0 0 80 0 0 -1 0 1 0 1 0 0 4073.dat
1 71 0 -16 80 -1 0 0 0 1 0 0 0 -1 13547.dat
0 STEP
1 0 0 -24 130 0 0 -1 0 1 0 1 0 0 44302a.dat
1 0 0 -24 80 0 0 -1 0 1 0 1 0 0 3623.dat
0 STEP
1 72 0 -32 110 0 0 -1 0 1 0 1 0 0 2431.dat
1 72 0 -32 30 1 0 0 0 1 0 0 0 1 61678.dat
0 STEP
0 STEP
0 STEP
0 STEP
0 NOFILE
0 FILE 06-chestplate.ldr
0 
0 Name: 06-chestplate.ldr
0 Author: Nathanel Titane // nathanel.titane@gmail.com // All Rights Reserved
1 72 0 0 0 1 0 0 0 1 0 0 0 1 11203.dat
1 72 0 -24 0 0 0 -1 0 1 0 1 0 0 92013.dat
0 STEP
1 0 0 -32 -20 0 0 -1 0 1 0 1 0 0 3020.dat
1 14 0 -24 -40 0 0 -1 0 1 0 1 0 0 3022.dat
1 71 0 -16 -50 1 0 0 0 1 0 0 0 1 6134.dat
0 STEP
0 !LEOCAD GROUP BEGIN Group #1
0 !LEOCAD PIECE PIVOT  0 10 0 1 0 0 0 1 0 0 0 1
1 0 0 -15.8481 -48.2635 1 0 0 0 0.984808 0.173648 0 -0.173648 0.984808 3937.dat
1 0 0 3.3818 -31.3457 -1 0 0 0 0.984808 -0.173648 0 -0.173648 -0.984808 32803.dat
1 0 0 3.3818 -31.3457 -1 0 0 0 0.984808 -0.173648 0 -0.173648 -0.984808 85984.dat
0 STEP
0 !LEOCAD GROUP END
1 71 -10 -40 10 0 0 1 0 1 0 -1 0 0 28192.dat
1 71 10 -40 10 0 0 -1 0 1 0 1 0 0 28192.dat
1 71 -10 -40 -10 0 0 1 0 1 0 -1 0 0 28192.dat
1 71 10 -40 -10 0 0 -1 0 1 0 1 0 0 28192.dat
1 71 -10 -40 -30 0 0 1 0 1 0 -1 0 0 28192.dat
1 71 10 -40 -30 0 0 -1 0 1 0 1 0 0 28192.dat
1 71 -10 -40 -50 0 0 1 0 1 0 -1 0 0 28192.dat
1 71 10 -40 -50 0 0 -1 0 1 0 1 0 0 28192.dat
0 STEP
1 71 -30 -16 -30 -1 0 0 0 1 0 0 0 -1 2341.dat
1 71 30 -16 -30 1 0 0 0 1 0 0 0 1 2341.dat
0 STEP
1 71 -40 -16 20 0 0 -1 0 1 0 1 0 0 3022.dat
1 71 40 -16 20 0 0 -1 0 1 0 1 0 0 3022.dat
1 71 30 -16 30 0 0 -1 0 1 0 1 0 0 54200.dat
1 71 -30 -16 30 0 0 1 0 1 0 -1 0 0 54200.dat
0 STEP
1 71 -30 -8 10 0 0 -1 0 1 0 1 0 0 2420.dat
1 71 30 -8 10 1 0 0 0 1 0 0 0 1 2420.dat
1 71 -60 -8 30 -1 0 0 0 1 0 0 0 -1 60471.dat
1 71 60 -8 30 -1 0 0 0 1 0 0 0 -1 60471.dat
0 STEP
1 71 -50 0 20 0 0 1 0 1 0 -1 0 0 44301a.dat
1 71 50 0 20 0 0 1 0 1 0 -1 0 0 44301a.dat
1 71 -30 0 20 0 0 -1 0 1 0 1 0 0 32803.dat
1 71 30 0 20 0 0 1 0 1 0 -1 0 0 32803.dat
0 STEP
1 71 -80 0 30 1 0 0 0 1 0 0 0 1 3023.dat
1 71 80 0 30 -1 0 0 0 1 0 0 0 -1 3023.dat
1 71 -90 -8 30 -1 0 0 0 1 0 0 0 -1 4081b.dat
1 71 90 -8 30 -1 0 0 0 1 0 0 0 -1 4081b.dat
1 71 -80 -16 30 1 0 0 0 1 0 0 0 1 3023.dat
1 71 80 -16 30 -1 0 0 0 1 0 0 0 -1 3023.dat
0 STEP
1 71 -80 -16 10 1 0 0 0 1 0 0 0 1 30363.dat
1 71 80 -16 10 1 0 0 0 1 0 0 0 1 30363.dat
1 72 -80 8 0 0 0 -1 0 1 0 1 0 0 3020.dat
1 72 80 8 0 0 0 1 0 1 0 -1 0 0 3020.dat
0 STEP
1 72 -80.0001 8 -60 0 0 1 0 1 0 -1 0 0 24299.dat
1 72 80 8 -60 0 0 -1 0 1 0 1 0 0 24307.dat
0 STEP
1 0 -60.0001 -24 0 0 0 1 0 1 0 -1 0 0 24299.dat
1 0 60 -24 0 0 0 -1 0 1 0 1 0 0 24307.dat
1 0 -60.0001 -24 40 0 0 -1 0 1 0 1 0 0 24299.dat
1 0 60 -24 40 0 0 1 0 1 0 -1 0 0 24307.dat
0 STEP
1 72 -80 -16 20 0 0 1 0 1 0 -1 0 0 15068.dat
1 72 80 -16 20 0 0 -1 0 1 0 1 0 0 15068.dat
1 72 -50 -32 20 0 0 1 0 1 0 -1 0 0 99563.dat
1 72 50 -32 20 0 0 -1 0 1 0 1 0 0 99563.dat
0 STEP
1 72 -102 -6 50 0 1 0 1 0 0 0 0 -1 24246.dat
1 72 -78 -6 50 0 -1 0 -1 0 0 0 0 -1 24246.dat
0 STEP
1 72 78 -6 50 0 1 0 1 0 0 0 0 -1 24246.dat
1 72 102 -6 50 0 -1 0 -1 0 0 0 0 -1 24246.dat
0 STEP
0 !LEOCAD PIECE PIVOT  0 -66 -20 1 0 0 0 1 0 0 0 1
1 0 0 -39.6762 104.0058 1 0 0 0 -0.087156 -0.996195 0 0.996195 -0.087156 14-head.ldr
0 NOFILE
0 FILE 07-01-hinge.ldr
0 
0 Name: 07-01-hinge.ldr
0 Author: Nathanel Titane // nathanel.titane@gmail.com // All Rights Reserved
1 0 0 -8 -10 1 0 0 0 1 0 0 0 1 44567a.dat
0 STEP
1 0 -10 -8 20 0 0 -1 0 1 0 1 0 0 44301a.dat
1 0 10 -8 20 0 0 -1 0 1 0 1 0 0 44301a.dat
0 STEP
1 0 10 -16 10 0 0 -1 0 1 0 1 0 0 3623.dat
1 0 -10 -16 0 0 0 1 0 1 0 -1 0 0 99781.dat
1 0 -10 -16 30 0 0 1 0 1 0 -1 0 0 36841.dat
0 STEP
1 0 0 0 30 -1 0 0 0 1 0 0 0 -1 18677.dat
0 !LEOCAD PIECE PIVOT  0 0 -10 1 0 0 0 1 0 0 0 1
1 0 -18.6603 15 10 -0.5 0 -0.866025 -0.866025 0 0.5 0 1 0 43857.dat
1 0 -10 10 10 0 0 -1 0 1 0 1 0 0 6558.dat
0 STEP
1 0 -10 10 -10 0 0 1 1 0 0 0 1 0 18654.dat
1 0 -27.3205 20 0 0 -1 0 0 0 -1 1 0 0 2780.dat
0 STEP
0 !LEOCAD GROUP BEGIN Group #1
0 !LEOCAD PIECE PIVOT  20 0 0 1 0 0 0 1 0 0 0 1
1 0 -27.3205 40 -10 0 1 0 0 0 1 1 0 0 44809.dat
1 0 -37.3205 40 -10 1 0 0 0 1 0 0 0 1 6628.dat
0 STEP
0 !LEOCAD GROUP END
1 72 -32 -6 10 0 1 0 0 0 -1 -1 0 0 3623.dat
0 STEP
1 72 -40 -6 0 0 1 0 0 0 1 1 0 0 3069b.dat
1 72 -24 -6 40 0 1 0 1 0 0 0 0 -1 11477.dat
0 STEP
1 0 -20 -24 30 -1 0 0 0 1 0 0 0 -1 43723.dat
1 72 20 -24 30 1 0 0 0 1 0 0 0 1 43723.dat
1 0 0 -24 -20 0 0 1 0 1 0 -1 0 0 24299.dat
0 STEP
1 71 0 -32 30 0 0 1 0 1 0 -1 0 0 3021.dat
0 STEP
1 71 0 -40 40 0 0 1 0 1 0 -1 0 0 3068b.dat
1 71 0 -24 0 1 0 0 0 1 0 0 0 1 15068.dat
0 STEP
0 !LEOCAD PIECE PIVOT  0 32 -20 1 0 0 0 1 0 0 0 1
1 0 -82.1118 38.6541 -1.7178 0.212012 0.79124 -0.573576 0.148452 0.554032 0.819152 0.965926 -0.258819 0 15-01-shoulder.ldr
0 NOFILE
0 FILE 07-02-hinge.ldr
0 
0 Name: 07-02-hinge.ldr
0 Author: Nathanel Titane // nathanel.titane@gmail.com // All Rights Reserved
1 0 0 -8 -10 1 0 0 0 1 0 0 0 1 44567a.dat
0 STEP
1 0 -10 -8 20 0 0 -1 0 1 0 1 0 0 44301a.dat
1 0 10 -8 20 0 0 -1 0 1 0 1 0 0 44301a.dat
0 STEP
0 !LEOCAD PIECE HIDDEN
1 0 -10 -16 10 0 0 -1 0 1 0 1 0 0 3623.dat
1 0 10 -16 0 0 0 -1 0 1 0 1 0 0 99781.dat
1 0 10 -16 30 0 0 -1 0 1 0 1 0 0 36841.dat
0 STEP
1 0 0 0 30 1 0 0 0 1 0 0 0 1 18677.dat
0 !LEOCAD PIECE PIVOT  0 0 -10 1 0 0 0 1 0 0 0 1
1 0 18.6603 15 10 -0.5 0 0.866025 0.866025 0 0.5 0 1 0 43857.dat
1 0 10 10 10 0 0 1 0 -1 0 1 0 0 6558.dat
0 STEP
1 0 10 10 -10 0 0 1 1 0 0 0 1 0 18654.dat
1 0 27.3205 20 0 0 -1 0 0 0 -1 1 0 0 2780.dat
0 STEP
0 !LEOCAD GROUP BEGIN Group #1
0 !LEOCAD PIECE PIVOT  20 0 0 1 0 0 0 1 0 0 0 1
1 0 27.3205 40 -10 0 1 0 0 0 1 1 0 0 44809.dat
1 0 37.3205 40 -10 -1 0 0 0 -1 0 0 0 1 6628.dat
0 STEP
0 !LEOCAD GROUP END
1 72 32 -6 10 0 -1 0 0 0 1 -1 0 0 3623.dat
0 STEP
1 72 40 -6 0 0 -1 0 0 0 -1 1 0 0 3069b.dat
1 72 24 -6 40 0 -1 0 -1 0 0 0 0 -1 11477.dat
0 STEP
1 72 -20 -24 30 1 0 0 0 1 0 0 0 1 43722.dat
1 0 20 -24 30 -1 0 0 0 1 0 0 0 -1 43722.dat
1 0 0 -24 -20 0 0 -1 0 1 0 1 0 0 24307.dat
0 STEP
1 71 0 -32 30 0 0 1 0 1 0 -1 0 0 3021.dat
0 STEP
1 71 0 -40 40 0 0 1 0 1 0 -1 0 0 3068b.dat
1 71 0 -24 0 1 0 0 0 1 0 0 0 1 15068.dat
0 STEP
0 !LEOCAD PIECE PIVOT  0 32 -20 1 0 0 0 1 0 0 0 1
1 0 82.1118 38.6541 -1.7178 0.212012 -0.79124 0.573576 -0.148452 0.554032 0.819152 -0.965926 -0.258819 0 15-02-shoulder.ldr
0 NOFILE
0 FILE 08-back.ldr
0 
0 Name: 08-back.ldr
0 Author: Nathanel Titane // nathanel.titane@gmail.com // All Rights Reserved
1 71 0 10 -20 0 0 -1 1 0 0 0 -1 0 43857.dat
1 0 10 10 -10 0 0 1 0 1 0 -1 0 0 2780.dat
1 0 -10 10 -10 0 0 -1 0 1 0 1 0 0 2780.dat
0 STEP
1 71 -20 0 0 1 0 0 0 1 0 0 0 1 18677.dat
1 71 20 0 0 -1 0 0 0 1 0 0 0 -1 18677.dat
0 STEP
1 0 10 10 -70 0 0 1 1 0 0 0 1 0 30374.dat
1 0 -10 10 -70 0 0 -1 -1 0 0 0 1 0 30374.dat
0 STEP
1 71 0 10 -40 0 0 -1 1 0 0 0 -1 0 43857.dat
1 0 10 10 -50 0 0 1 0 1 0 -1 0 0 2780.dat
1 0 -10 10 -50 0 0 -1 0 1 0 1 0 0 2780.dat
0 STEP
1 71 -20 0 -60 1 0 0 0 1 0 0 0 1 18677.dat
1 71 20 0 -60 -1 0 0 0 1 0 0 0 -1 18677.dat
0 STEP
1 72 40 -8 -10 0 0 1 0 1 0 -1 0 0 6180.dat
1 72 -40 -8 -10 0 0 -1 0 1 0 1 0 0 6180.dat
0 STEP
1 71 -70 0 -50 0 0 1 0 1 0 -1 0 0 44302a.dat
1 71 -50 0 -50 0 0 1 0 1 0 -1 0 0 44302a.dat
1 71 50 0 -50 0 0 1 0 1 0 -1 0 0 44302a.dat
1 71 70 0 -50 0 0 1 0 1 0 -1 0 0 44302a.dat
0 STEP
1 71 -60 0 10 0 0 1 0 1 0 -1 0 0 11203.dat
1 71 60 0 10 0 0 1 0 1 0 -1 0 0 11203.dat
1 71 -60 0 50 0 0 1 0 1 0 -1 0 0 11203.dat
1 71 60 0 50 0 0 1 0 1 0 -1 0 0 11203.dat
1 71 -20 0 30 0 0 1 0 1 0 -1 0 0 11203.dat
1 71 20 0 30 0 0 1 0 1 0 -1 0 0 11203.dat
0 STEP
1 0 30 0 -40 0 0 -1 0 1 0 1 0 0 3024.dat
1 0 -30 0 -40 0 0 -1 0 1 0 1 0 0 3024.dat
1 0 30 0 -20 0 0 -1 0 1 0 1 0 0 3024.dat
1 0 -30 0 -20 0 0 -1 0 1 0 1 0 0 3024.dat
1 0 50 0 -20 0 0 -1 0 1 0 1 0 0 3024.dat
1 0 -50 0 -20 0 0 -1 0 1 0 1 0 0 3024.dat
1 71 -70 0 -20 0 0 -1 0 1 0 1 0 0 3024.dat
1 71 70 0 -20 0 0 -1 0 1 0 1 0 0 3024.dat
0 STEP
1 72 60 -8 70 0 0 1 0 1 0 -1 0 0 3022.dat
1 72 -60 -8 70 0 0 -1 0 1 0 1 0 0 3022.dat
1 71 -60 -8 100 -1 0 0 0 1 0 0 0 -1 32803.dat
1 71 60 -8 100 -1 0 0 0 1 0 0 0 -1 32803.dat
0 STEP
1 0 60 -16 110 0 0 -1 0 1 0 1 0 0 24299.dat
1 0 -60 -16 110 0 0 1 0 1 0 -1 0 0 24307.dat
1 0 -60 -16 50 0 0 1 0 1 0 -1 0 0 3020.dat
1 0 60 -16 50 0 0 1 0 1 0 -1 0 0 3020.dat
0 STEP
1 0 -50 -16 0 -1 0 0 0 1 0 0 0 -1 2420.dat
1 0 50 -16 0 0 0 1 0 1 0 -1 0 0 2420.dat
1 0 -50 -16 -60 0 0 -1 0 1 0 1 0 0 2420.dat
1 0 50 -16 -60 1 0 0 0 1 0 0 0 1 2420.dat
1 0 -70 -16 -30 0 0 1 0 1 0 -1 0 0 60470.dat
1 0 70 -16 -30 0 0 -1 0 1 0 1 0 0 60470.dat
0 STEP
1 0 -20 -16 30 0 0 1 0 1 0 -1 0 0 24299.dat
1 0 20 -16 30 0 0 -1 0 1 0 1 0 0 24307.dat
0 STEP
1 72 -60 -24 10 0 0 1 0 1 0 -1 0 0 3034.dat
1 72 60 -24 10 0 0 1 0 1 0 -1 0 0 3034.dat
0 STEP
1 71 -60 -16 90 -1 0 0 0 1 0 0 0 -1 15068.dat
1 71 60 -16 90 -1 0 0 0 1 0 0 0 -1 15068.dat
0 STEP
1 71 -60 -32 50 0 0 1 0 1 0 -1 0 0 3068b.dat
1 71 60 -32 50 0 0 1 0 1 0 -1 0 0 3068b.dat
1 71 -60 -32 10 0 0 1 0 1 0 -1 0 0 3068b.dat
1 71 60 -32 10 0 0 1 0 1 0 -1 0 0 3068b.dat
1 71 -60 -32 -30 0 0 1 0 1 0 -1 0 0 3068b.dat
1 71 60 -32 -30 0 0 1 0 1 0 -1 0 0 3068b.dat
1 71 -60 -32 -60 -1 0 0 0 1 0 0 0 -1 99563.dat
1 71 60 -32 -60 -1 0 0 0 1 0 0 0 -1 99563.dat
0 STEP
1 71 -30 -16 40 0 0 -1 0 1 0 1 0 0 54200.dat
1 71 30 -16 40 0 0 1 0 1 0 -1 0 0 54200.dat
0 STEP
1 0 -30 -16 -40 -1 0 0 0 1 0 0 0 -1 49668.dat
1 0 30 -16 -40 -1 0 0 0 1 0 0 0 -1 49668.dat
1 0 -30 -8 -50 1 0 0 0 1 0 0 0 1 11477.dat
1 0 30 -8 -50 1 0 0 0 1 0 0 0 1 11477.dat
0 STEP
1 14 0 -16 -40 -1 0 0 0 1 0 0 0 -1 15208.dat
1 14 0 -8 -50 1 0 0 0 1 0 0 0 1 15068.dat
0 STEP
0 !LEOCAD PIECE PIVOT  20 -14 -40 1 0 0 0 1 0 0 0 1
1 0 -110 0 10 1 0 0 0 1 0 0 0 1 19-01-wing-strut.ldr
0 STEP
0 !LEOCAD PIECE PIVOT  -20 -14 -40 1 0 0 0 1 0 0 0 1
1 0 110 0 10 1 0 0 0 1 0 0 0 1 19-02-wing-strut.ldr
0 STEP
1 0 0 -8 140 -1 0 0 0 1 0 0 0 -1 23-shield.ldr
0 STEP
0 STEP
0 STEP
0 STEP
0 NOFILE
0 FILE 09-heel.ldr
0 
0 Name: 09-heel.ldr
0 Author: Nathanel Titane // nathanel.titane@gmail.com // All Rights Reserved
1 0 0 24 10 -1 0 0 0 1 0 0 0 -1 32028.dat
0 STEP
1 72 0 16 10 0 0 -1 0 1 0 1 0 0 32802.dat
1 72 -30 16 10 0 0 1 0 1 0 -1 0 0 54200.dat
1 72 30 16 10 0 0 -1 0 1 0 1 0 0 54200.dat
0 STEP
1 0 0 0 0 0 0 -1 0 1 0 1 0 0 92013.dat
1 0 0 16 -30 1 0 0 0 1 0 0 0 1 32803.dat
0 STEP
1 0 -10 -8 -10 1 0 0 0 1 0 0 0 1 28192.dat
1 0 10 -8 -10 1 0 0 0 1 0 0 0 1 28192.dat
1 0 0 -8 10 -1 0 0 0 1 0 0 0 -1 3069b.dat
0 STEP
0 NOFILE
0 FILE 10-toe.ldr
0 
0 Name: 10-toe.ldr
0 Author: Nathanel Titane // nathanel.titane@gmail.com // All Rights Reserved
1 0 0 24 10 -1 0 0 0 1 0 0 0 -1 32028.dat
1 0 0 32 10 -1 0 0 0 1 0 0 0 -1 32028.dat
0 STEP
1 72 0 24 10 0 0 -1 0 1 0 1 0 0 32802.dat
1 72 -30 24 10 0 0 1 0 1 0 -1 0 0 54200.dat
1 72 30 24 10 0 0 -1 0 1 0 1 0 0 54200.dat
0 STEP
1 0 0 0 0 0 0 -1 0 1 0 1 0 0 92013.dat
1 71 0 8 -20 0 0 -1 0 1 0 1 0 0 4871.dat
1 71 -30 8 -10 -1 0 0 0 1 0 0 0 -1 54200.dat
1 71 -30 8 -30 1 0 0 0 1 0 0 0 1 54200.dat
1 71 30 8 -30 1 0 0 0 1 0 0 0 1 54200.dat
1 71 30 8 -10 -1 0 0 0 1 0 0 0 -1 54200.dat
0 STEP
1 72 -10 32 -10 1 0 0 0 1 0 0 0 1 3024.dat
1 72 10 32 -10 1 0 0 0 1 0 0 0 1 3024.dat
1 71 0 24 -50 1 0 0 0 1 0 0 0 1 32803.dat
0 STEP
1 0 0 0 -50 0 0 -1 0 1 0 1 0 0 3002.dat
1 0 0 16 -90 1 0 0 0 1 0 0 0 1 32803.dat
0 STEP
1 0 -10 -8 -70 1 0 0 0 1 0 0 0 1 28192.dat
1 0 10 -8 -70 1 0 0 0 1 0 0 0 1 28192.dat
1 0 0 -8 -20 0 0 -1 0 1 0 1 0 0 87079.dat
0 NOFILE
0 FILE 11-01-shin.ldr
0 
0 Name: 11-01-shin.ldr
0 Author: Nathanel Titane // nathanel.titane@gmail.com // All Rights Reserved
1 71 0 -37.4552 -62.9681 0 0 -1 0.258819 0.965926 0 0.965926 -0.258819 0 4871.dat
1 72 0 -42.5944 -51.2383 -1 0 0 0 0.965926 -0.258819 0 -0.258819 -0.965926 3747b.dat
1 72 0 -47.7708 -70.5568 -1 0 0 0 0.965926 -0.258819 0 -0.258819 -0.965926 32064.dat
0 STEP
1 72 0 -63.2256 -66.4157 1 0 0 0 0.965926 0.258819 0 -0.258819 0.965926 99206.dat
1 72 0 -58.012 -16.0489 0 0 -1 0.258819 0.965926 0 0.965926 -0.258819 0 48171.dat
1 0 0 -38 20 0 -1 0 0 0 -1 1 0 0 47455.dat
0 STEP
1 72 0 -86.4078 -60.2041 -1 0 0 0 0.965926 -0.258819 0 -0.258819 -0.965926 32064.dat
0 STEP
1 72 0 -73.504 -42.9561 -1 0 0 0 0.965926 -0.258819 0 -0.258819 -0.965926 3004.dat
1 72 0 -70.8787 -2.2485 -1 0 0 0 0.965926 -0.258819 0 -0.258819 -0.965926 99206.dat
1 72 0 -78.6432 -31.2263 -1 0 0 0 0.965926 -0.258819 0 -0.258819 -0.965926 3022.dat
0 STEP
1 72 0 -94.0609 3.9632 -1 0 0 0 0.965926 -0.258819 0 -0.258819 -0.965926 32000.dat
1 72 0 -99.2373 -15.3554 1 0 0 0 0.965926 0.258819 0 -0.258819 0.965926 3298.dat
0 STEP
0 !LEOCAD PIECE PIVOT  0 10 0 1 0 0 0 1 0 0 0 1
1 71 0 -81.8134 11.0342 -1 0 0 0 0.258819 0.965926 0 0.965926 -0.258819 3938.dat
0 !LEOCAD GROUP BEGIN Group #4
0 !LEOCAD PIECE PIVOT  0 10 0 1 0 0 0 1 0 0 0 1
1 0 0 -81.8134 11.0342 -1 0 0 0 0.258819 0.965926 0 0.965926 -0.258819 3937.dat
0 !LEOCAD PIECE PIVOT  0 10 0 1 0 0 0 1 0 0 0 1
1 71 0 -75.6018 34.2165 -1 0 0 0 0.258819 0.965926 0 0.965926 -0.258819 3938.dat
0 !LEOCAD GROUP END
0 !LEOCAD GROUP BEGIN Group #3
0 !LEOCAD PIECE PIVOT  0 10 0 1 0 0 0 1 0 0 0 1
1 0 0 -68.0136 35.2155 -1 0 0 0 -0.5 0.866025 0 0.866025 0.5 3937.dat
0 !LEOCAD PIECE PIVOT  0 10 0 1 0 0 0 1 0 0 0 1
1 71 0 -80.0136 56.0001 -1 0 0 0 -0.5 0.866025 0 0.866025 0.5 3938.dat
0 !LEOCAD GROUP END
0 !LEOCAD GROUP BEGIN Group #2
0 !LEOCAD PIECE PIVOT  0 10 0 1 0 0 0 1 0 0 0 1
1 0 0 -75.3544 62.0722 -1 0 0 0 -0.965926 0.258819 0 0.258819 0.965926 3937.dat
0 !LEOCAD PIECE PIVOT  0 10 0 1 0 0 0 1 0 0 0 1
1 71 0 -98.5365 68.2838 -1 0 0 0 -0.965926 0.258819 0 0.258819 0.965926 3938.dat
0 !LEOCAD GROUP END
0 !LEOCAD GROUP BEGIN Group #1
0 !LEOCAD PIECE PIVOT  0 10 0 1 0 0 0 1 0 0 0 1
1 0 0 -98.1958 70.872 -1 0 0 0 -1 0 0 0 1 3937.dat
0 STEP
0 !LEOCAD GROUP END
1 71 30 -63.2256 -66.4157 0 0 -1 0.258819 0.965926 0 0.965926 -0.258819 0 4070.dat
1 71 -30 -63.2256 -66.4157 0 0 1 -0.258819 0.965926 0 -0.965926 -0.258819 0 4070.dat
1 71 30 -58.0492 -47.0972 -1 0 0 0 0.965926 -0.258819 0 -0.258819 -0.965926 4287.dat
1 71 -30 -58.0492 -47.0972 -1 0 0 0 0.965926 -0.258819 0 -0.258819 -0.965926 4287.dat
0 STEP
1 14 30 -68.3648 -54.6859 0 0 -1 0.258819 0.965926 0 0.965926 -0.258819 0 32028.dat
1 0 30 -58.012 -16.0489 0 0 -1 0.258819 0.965926 0 0.965926 -0.258819 0 32028.dat
0 STEP
1 14 -30 -68.3648 -54.6859 0 0 1 -0.258819 0.965926 0 -0.965926 -0.258819 0 2540.dat
1 0 -30 -58.012 -16.0489 0 0 1 -0.258819 0.965926 0 -0.965926 -0.258819 0 2540.dat
0 STEP
1 0 -50 -50.9038 2.752 -0.5 0 -0.866026 0.836516 -0.258819 -0.482963 -0.224144 -0.965926 0.129409 44676.dat
1 14 -50.0001 -71.6093 -74.5221 0.5 0 -0.866026 -0.836516 0.258819 -0.482963 0.224144 0.965926 0.129409 44676.dat
0 STEP
1 72 30 -65.6651 48.1184 0 0 -1 0.258819 0.965926 0 0.965926 -0.258819 0 3009.dat
1 72 -30 -65.6651 48.1184 0 0 -1 0.258819 0.965926 0 0.965926 -0.258819 0 3009.dat
1 72 30 -83.7824 -19.4965 1 0 0 0 0.965926 0.258819 0 -0.258819 0.965926 4286.dat
1 72 -30 -83.7824 -19.4965 1 0 0 0 0.965926 0.258819 0 -0.258819 0.965926 4286.dat
0 STEP
1 71 -10 -106.9647 -13.2848 0 0 1 -0.258819 0.965926 0 -0.965926 -0.258819 0 28192.dat
1 71 -10 -101.7883 6.0337 0 0 1 -0.258819 0.965926 0 -0.965926 -0.258819 0 28192.dat
1 71 10 -106.9647 -13.2848 0 0 -1 0.258819 0.965926 0 0.965926 -0.258819 0 28192.dat
1 71 10 -101.7883 6.0337 0 0 -1 0.258819 0.965926 0 0.965926 -0.258819 0 28192.dat
0 STEP
1 72 30 -37.3065 61.2252 0 0 -1 0.258819 0.965926 0 0.965926 -0.258819 0 3009.dat
1 72 -30 -37.3065 61.2252 0 0 -1 0.258819 0.965926 0 0.965926 -0.258819 0 3009.dat
1 72 30 -47.5478 115.7332 -1 0 0 0 0.965926 -0.258819 0 -0.258819 -0.965926 4286.dat
1 72 -30 -47.5478 115.7332 -1 0 0 0 0.965926 -0.258819 0 -0.258819 -0.965926 4286.dat
0 STEP
1 71 -30 -70.8415 28.7999 0 0 1 -0.258819 0.965926 0 -0.965926 -0.258819 0 85984.dat
1 71 -30 -60.4887 67.4369 0 0 1 -0.258819 0.965926 0 -0.965926 -0.258819 0 85984.dat
1 71 -30 -50.136 106.0739 0 0 1 -0.258819 0.965926 0 -0.965926 -0.258819 0 85984.dat
1 71 30 -70.8415 28.7999 0 0 -1 0.258819 0.965926 0 0.965926 -0.258819 0 85984.dat
1 71 30 -60.4887 67.4369 0 0 -1 0.258819 0.965926 0 0.965926 -0.258819 0 85984.dat
1 71 30 -50.136 106.0739 0 0 -1 0.258819 0.965926 0 0.965926 -0.258819 0 85984.dat
0 STEP
1 72 0 -19.3006 35.6951 0 0 -1 0.258819 0.965926 0 0.965926 -0.258819 0 4854.dat
1 0 0 -11.5732 33.6245 0 0 -1 0.258819 0.965926 0 0.965926 -0.258819 0 87079.dat
0 STEP
1 71 -30 -6.3597 83.9914 0 0 -1 0.258819 0.965926 0 0.965926 -0.258819 0 3024.dat
1 71 30 -1.1833 103.3099 0 0 -1 0.258819 0.965926 0 0.965926 -0.258819 0 3024.dat
1 71 30 -6.3597 83.9914 0 0 -1 0.258819 0.965926 0 0.965926 -0.258819 0 3024.dat
1 71 -30 -1.1833 103.3099 0 0 -1 0.258819 0.965926 0 0.965926 -0.258819 0 3024.dat
1 0 -30 1.3677 81.9208 0 0 -1 0.258819 0.965926 0 0.965926 -0.258819 0 4073.dat
1 0 -30 6.5441 101.2393 0 0 -1 0.258819 0.965926 0 0.965926 -0.258819 0 4073.dat
1 0 30 6.5441 101.2393 0 0 -1 0.258819 0.965926 0 0.965926 -0.258819 0 4073.dat
1 0 30 1.3677 81.9208 0 0 -1 0.258819 0.965926 0 0.965926 -0.258819 0 4073.dat
0 STEP
1 72 30 -19.1891 128.8401 0 0 -1 0.258819 0.965926 0 0.965926 -0.258819 0 4070.dat
1 72 -30 -19.1891 128.8401 0 0 1 -0.258819 0.965926 0 -0.965926 -0.258819 0 4070.dat
0 STEP
1 0 30 -14.0128 148.1586 0 0 -1 0.258819 0.965926 0 0.965926 -0.258819 0 3024.dat
1 0 -30 -14.0128 148.1586 0 0 1 -0.258819 0.965926 0 -0.965926 -0.258819 0 3024.dat
1 14 30 -6.2854 146.088 0 0 -1 0.258819 0.965926 0 0.965926 -0.258819 0 3024.dat
1 14 -30 -6.2854 146.088 0 0 1 -0.258819 0.965926 0 -0.965926 -0.258819 0 3024.dat
0 STEP
1 72 -30 1.442 144.0175 -1 0 0 0 0.965926 -0.258819 0 -0.258819 -0.965926 24201.dat
1 72 30 1.442 144.0175 -1 0 0 0 0.965926 -0.258819 0 -0.258819 -0.965926 24201.dat
0 STEP
1 0 0 -40.6997 -82.8043 0 0 -1 0.258819 0.965926 0 0.965926 -0.258819 0 32062.dat
1 0 0 -43.2879 -92.4636 0 0 -1 -0.965926 0.258819 0 0.258819 0.965926 0 32474.dat
0 STEP
1 0 0 -79.3367 -72.4515 0 0 -1 0.258819 0.965926 0 0.965926 -0.258819 0 32062.dat
1 0 0 -81.9249 -82.1108 0 0 1 0.965926 0.258819 0 -0.258819 0.965926 0 32474.dat
0 STEP
0 !LEOCAD PIECE PIVOT  0 10 40 1 0 0 0 1 0 0 0 1
1 0 0 -31.9481 -132.1046 1 0 0 0 0.866025 -0.5 0 0.5 0.866025 09-heel.ldr
0 STEP
0 !LEOCAD PIECE PIVOT  0 10 40 1 0 0 0 1 0 0 0 1
1 0 0 -93.2646 -121.7518 -1 0 0 0 -0.866026 0.5 0 0.5 0.866026 10-toe.ldr
0 STEP
0 !LEOCAD PIECE PIVOT  0 -14 60 1 0 0 0 1 0 0 0 1
1 0 0 -24 120 -1 0 0 0 1 0 0 0 -1 12-01-knee.ldr
0 STEP
0 !LEOCAD GROUP BEGIN Group #1
1 0 0 -132.1959 64.872 1 0 0 0 0 -1 0 1 0 12-02-knee-cap.ldr
0 STEP
0 STEP
0 STEP
0 STEP
0 STEP
0 STEP
