0 FILE 00-instructions.ldr
0 Name: 00-instructions.ldr
0 Author: Nathanel Titane // nathanel.titane@gmail.com // All Rights Reserved
0
0 // LPUB[3D] FRONT COVER PAGE /////////////////////////////////////////////////
0
0 !LPUB PAGE DOCUMENT_TITLE_FRONT COLOR "#666666"
0 !LPUB PAGE DOCUMENT_TITLE_FRONT CONTENT GLOBAL "MODEL // MS-09R DOM"
0 !LPUB PAGE DOCUMENT_TITLE_FRONT DISPLAY GLOBAL TRUE
0 !LPUB PAGE DOCUMENT_TITLE_FRONT FONT "Noto Sans,72,-1,0,75,0,0,0,0,0,Bold"
0 !LPUB PAGE DOCUMENT_TITLE_FRONT MARGINS 0.2500 0.1000
0 !LPUB PAGE DOCUMENT_TITLE_FRONT PLACEMENT GLOBAL TOP_LEFT PAGE INSIDE OFFSET 0.0000 0.0000

0 !LPUB PAGE DOCUMENT_AUTHOR_FRONT CONTENT GLOBAL "MODEL DESIGN AND INSTRUCTIONS // NATHANEL TITANE"
0 !LPUB PAGE DOCUMENT_AUTHOR_FRONT COLOR "#666666"
0 !LPUB PAGE DOCUMENT_AUTHOR_FRONT DISPLAY GLOBAL TRUE
0 !LPUB PAGE DOCUMENT_AUTHOR_FRONT FONT "Noto Sans,18,-1,0,75,0,0,0,0,0,Bold"
0 !LPUB PAGE DOCUMENT_AUTHOR_FRONT MARGINS 0.3000 1.0000
0 !LPUB PAGE DOCUMENT_AUTHOR_FRONT PLACEMENT TOP_LEFT PAGE INSIDE OFFSET 0.0000 0.0000

0 !LPUB PAGE MODEL_PARTS COLOR "#666666"
0 !LPUB PAGE MODEL_PARTS CONTENT GLOBAL "1336 PIECES"
0 !LPUB PAGE MODEL_PARTS DISPLAY GLOBAL TRUE
0 !LPUB PAGE MODEL_PARTS FONT "Noto Sans,72,-1,0,75,0,0,0,0,0,Bold"
0 !LPUB PAGE MODEL_PARTS MARGINS 0.2500 0.1000
0 !LPUB PAGE MODEL_PARTS PLACEMENT GLOBAL BOTTOM_LEFT PAGE INSIDE OFFSET 0.0000 0.0000

0 !LPUB PAGE PUBLISH_DESCRIPTION COLOR "#666666"
0 !LPUB PAGE PUBLISH_DESCRIPTION CONTENT GLOBAL "LEGO // LINUX - Where Lego and Linux Meet"
0 !LPUB PAGE PUBLISH_DESCRIPTION DISPLAY GLOBAL TRUE
0 !LPUB PAGE PUBLISH_DESCRIPTION FONT "Noto Sans,36,-1,0,75,0,0,0,0,0,Bold"
0 !LPUB PAGE PUBLISH_DESCRIPTION MARGINS 0.2000 0.2000
0 !LPUB PAGE PUBLISH_DESCRIPTION PLACEMENT GLOBAL BOTTOM_RIGHT PAGE INSIDE OFFSET 0.0000 0.0000
0
0 // LPUB[3D] BACK COVER PAGE //////////////////////////////////////////////////
0
0 // LPUB[3D] DOCUMENT DISCLAIMER
0 !LPUB PAGE LEGO_DISCLAIMER COLOR "#666666"
0 !LPUB PAGE LEGO_DISCLAIMER CONTENT GLOBAL "LEGO® // REGISTERED TRADEMARK OF THE LEGO GROUP"
0 !LPUB PAGE LEGO_DISCLAIMER DISPLAY GLOBAL TRUE
0 !LPUB PAGE LEGO_DISCLAIMER FONT "Noto Sans,36,-1,0,75,0,0,0,0,0,Bold"
0 !LPUB PAGE LEGO_DISCLAIMER PLACEMENT GLOBAL CENTER PAGE INSIDE OFFSET 0.0000 -0.2500
0
0 // LPUB[3D] PAGE DOCUMENT AUTHOR
0 !LPUB PAGE DOCUMENT_AUTHOR_BACK COLOR "#666666"
0 !LPUB PAGE DOCUMENT_AUTHOR_BACK CONTENT GLOBAL "MODEL DESIGN AND INSTRUCTIONS // NATHANEL TITANE"
0 !LPUB PAGE DOCUMENT_AUTHOR_BACK DISPLAY GLOBAL TRUE
0 !LPUB PAGE DOCUMENT_AUTHOR_BACK FONT "Noto Sans,36,-1,0,75,0,0,0,0,0,Bold"
0 !LPUB PAGE DOCUMENT_AUTHOR_BACK PLACEMENT CENTER PAGE INSIDE OFFSET 0.0000 -0.2000
0
0 // LPUB[3D] PAGE PUBLICATION COPYRIGHT
0 !LPUB PAGE PUBLISH_COPYRIGHT_BACK COLOR "#666666"
0 !LPUB PAGE PUBLISH_COPYRIGHT_BACK CONTENT GLOBAL "COPYRIGHT // ALL RIGHTS RESERVED"
0 !LPUB PAGE PUBLISH_COPYRIGHT_BACK DISPLAY GLOBAL TRUE
0 !LPUB PAGE PUBLISH_COPYRIGHT_BACK FONT "Noto Sans,36,-1,0,75,0,0,0,0,0,Bold"
0 !LPUB PAGE PUBLISH_COPYRIGHT_BACK PLACEMENT GLOBAL CENTER PAGE INSIDE OFFSET 0.0000 -0.1500
0
0 // LPUB[3D] PAGE PUBLICATION EMAIL
0 !LPUB PAGE PUBLISH_EMAIL_BACK COLOR "#666666"
0 !LPUB PAGE PUBLISH_EMAIL_BACK CONTENT GLOBAL "CONTACT // NATHANEL.TITANE@GMAIL.COM // INFO@LEGOLINUX.COM"
0 !LPUB PAGE PUBLISH_EMAIL_BACK DISPLAY GLOBAL TRUE
0 !LPUB PAGE PUBLISH_EMAIL_BACK FONT "Noto Sans,18,-1,0,75,0,0,0,0,0,Bold"
0 !LPUB PAGE PUBLISH_EMAIL_BACK PLACEMENT GLOBAL CENTER PAGE INSIDE OFFSET 0.0000 -0.0500
0
0 // LPUB[3D] PAGE PUBLICATION URL
0 !LPUB PAGE PUBLISH_URL_BACK COLOR "#666666"
0 !LPUB PAGE PUBLISH_URL_BACK CONTENT GLOBAL "WEB // HTTPS://LEGOLINUX.COM/MODELS/MECHANICORE-SYSTEM/MS-09R-DOM"
0 !LPUB PAGE PUBLISH_URL_BACK DISPLAY GLOBAL TRUE
0 !LPUB PAGE PUBLISH_URL_BACK FONT "Noto Sans,18,-1,0,75,0,0,0,0,0,Bold"
0 !LPUB PAGE PUBLISH_URL_BACK PLACEMENT GLOBAL CENTER PAGE INSIDE OFFSET 0.0000 -0.0250
0
0 // LPUB[3D] PAGE LOGO
0 !LPUB PAGE DOCUMENT_LOGO_BACK DISPLAY GLOBAL TRUE
0 !LPUB PAGE DOCUMENT_LOGO_BACK FILE GLOBAL "/media/internal/Lego/lpub3d/instructions/logo.png"
0 !LPUB PAGE DOCUMENT_LOGO_BACK PLACEMENT CENTER PAGE INSIDE OFFSET 0.0000 0.45000
0 !LPUB PAGE DOCUMENT_LOGO_BACK SCALE GLOBAL  1.0000
0
0 // LPUB[3D] CONFIGURATION ////////////////////////////////////////////////////
0
0 // LPUB[3D] PAGE WATERMARK
0 !LPUB PAGE PUBLISH_EMAIL CONTENT GLOBAL "CONTACT // NATHANEL.TITANE@GMAIL.COM // INFO@LEGOLINUX.COM"
0 !LPUB PAGE PUBLISH_EMAIL COLOR "#666666"
0 !LPUB PAGE PUBLISH_EMAIL DISPLAY GLOBAL TRUE
0 !LPUB PAGE PUBLISH_EMAIL FONT "Noto Sans,18,-1,0,75,0,0,0,0,0,Bold"
0 !LPUB PAGE PUBLISH_EMAIL MARGINS 0.0000 0.1500
0 !LPUB PAGE PUBLISH_EMAIL PLACEMENT GLOBAL BOTTOM PAGE INSIDE OFFSET 0.0000 0.0000
0 !LPUB PAGE DOCUMENT_AUTHOR CONTENT GLOBAL "MODEL DESIGN AND INSTRUCTIONS // NATHANEL TITANE"
0 !LPUB PAGE DOCUMENT_AUTHOR COLOR "#666666"
0 !LPUB PAGE DOCUMENT_AUTHOR DISPLAY GLOBAL TRUE
0 !LPUB PAGE DOCUMENT_AUTHOR FONT "Noto Sans,18,-1,0,75,0,0,0,0,0,Bold"
0 !LPUB PAGE DOCUMENT_AUTHOR MARGINS 0.0000 0.2000
0 !LPUB PAGE DOCUMENT_AUTHOR PLACEMENT GLOBAL TOP PAGE INSIDE OFFSET 0.0000 0.0000
0
0 // LPUB[3D] STEPS HIGHLIGHT
0 !LPUB HIGHLIGHT_STEP ENABLED GLOBAL TRUE
0 !LPUB HIGHLIGHT_STEP COLOR GLOBAL "#7137C8"
0
0 // LPUB[3D] STEP FADE
0 !LPUB FADE_STEP OPACITY GLOBAL "50"
0 !LPUB FADE_STEP COLOR GLOBAL "Trans_Black"
0 !LPUB FADE_STEP ENABLED GLOBAL TRUE
0 !LPUB FINAL_MODEL_ENABLED GLOBAL TRUE
0
0 // LPUB[3D] SUBMODEL PREVIEW
0 !LPUB SUBMODEL_DISPLAY SHOW GLOBAL TRUE
0 !LPUB SUBMODEL_DISPLAY BACKGROUND COLOR "#DDDDDD"
0 !LPUB SUBMODEL_DISPLAY MARGINS 0.1500 0.7500
0 !LPUB SUBMODEL_DISPLAY BORDER SQUARE 0 Black 0.031 MARGINS 0.050 0.050
0 !LPUB SUBMODEL_DISPLAY PLACEMENT GLOBAL LEFT PAGE INSIDE
0 !LPUB SUBMODEL_DISPLAY CAMERA_ANGLES 30.0000 45.0000
0
0 // LPUB[3D] ASSEMBLIES
0 !LPUB ASSEM CAMERA_ANGLES 30.0000 45.0000
0 !LPUB ASSEM MARGINS 0.5000 0.5000
0 !LPUB ASSEM MODEL_SCALE 1.0000
0 !LPUB ASSEM PLACEMENT CENTER PAGE INSIDE OFFSET 0.0000 0.0000
0
0 // LPUB[3D] BILL OF MATERIALS
0 !LPUB BOM BACKGROUND COLOR "#DDDDDD"
0 !LPUB BOM BORDER SQUARE 0 #666666 0.025 MARGINS 0.050 0.050
0 !LPUB BOM CONSTRAIN HEIGHT 13.0000
0 !LPUB BOM CONSTRAIN SQUARE
0 !LPUB BOM PLACEMENT CENTER PAGE INSIDE OFFSET 0.0000 0.0000
0
0 // LPUB[3D] CALLOUTS
0 !LPUB CALLOUT BORDER SQUARE 0 #666666 0.025 MARGINS 0.050 0.050
0 !LPUB CALLOUT MARGINS 0.1250 0.1250
0 !LPUB CALLOUT PLACEMENT RIGHT PAGE INSIDE OFFSET 0.0000 0.0000
0
0 // LPUB[3D] PAGE
0 !LPUB PAGE DOCUMENT_COVER_IMAGE DISPLAY GLOBAL TRUE
0 !LPUB PAGE DOCUMENT_COVER_IMAGE FILE GLOBAL "../renders/flat/flat.png"
0 !LPUB PAGE DOCUMENT_COVER_IMAGE FILL GLOBAL ASPECT
0 !LPUB PAGE DOCUMENT_COVER_IMAGE MARGINS GLOBAL 0.0000 0.0000
0 !LPUB PAGE DOCUMENT_COVER_IMAGE PLACEMENT GLOBAL CENTER PAGE INSIDE OFFSET 0.0000 0.0000
0 !LPUB PAGE DOCUMENT_COVER_IMAGE SCALE GLOBAL 1.0000
0
0 // LPUB[3D] PAGE NUMBER
0 !LPUB PAGE NUMBER FONT "Noto Sans,36,-1,0,75,0,0,0,0,0,Bold"
0 !LPUB PAGE NUMBER FONT_COLOR "#666666"
0 !LPUB PAGE NUMBER MARGINS 0.1250 0.1250
0 !LPUB PAGE NUMBER PLACEMENT BOTTOM_RIGHT PAGE INSIDE OFFSET 0.0000 0.0000
0
0 // LPUB[3D] PAGE SETUP
0 !LPUB PAGE BORDER GLOBAL NONE 0 MARGINS 0.000 0.000
0 !LPUB PAGE ENABLE_TEXT_PLACEMENT GLOBAL CENTER PAGE INSIDE OFFSET 0.0000 0.0000
0 !LPUB PAGE TEXT_PLACEMENT GLOBAL TRUE
0 !LPUB PAGE PAGE_FOOTER SIZE GLOBAL 32.0000 0.5000
0 !LPUB PAGE PAGE_HEADER SIZE GLOBAL 32.0000 0.5000
0 !LPUB PAGE MARGINS GLOBAL 0.0000 0.0000
0 !LPUB PAGE ORIENTATION GLOBAL LANDSCAPE
0 !LPUB PAGE SIZE GLOBAL 16.0000 32.0000
0
0 // LPUB[3D] PAGE COLORS
0 !LPUB PAGE SUBMODEL_BACKGROUND_COLOR GLOBAL "#DDDDDD" "#FFE680" "#FFAAAA" "#C6AFE9"
0
0 // LPUB[3D] SUBMODELS
0 !LPUB PAGE SUBMODEL_INSTANCE_COUNT FONT_COLOR "#FF5555"
0 !LPUB PAGE SUBMODEL_INSTANCE_COUNT FONT "Noto Sans,72,-1,0,75,0,0,0,0,0,Bold"
0 !LPUB PAGE SUBMODEL_INSTANCE_COUNT MARGINS 0.0000 0.1250
0 !LPUB PAGE SUBMODEL_INSTANCE_COUNT PLACEMENT BOTTOM_RIGHT PAGE INSIDE OFFSET 0.0000 -0.0500
0
0 // LPUB[3D] PARTS LIST
0 !LPUB PLI BACKGROUND COLOR "#DDDDDD"
0 !LPUB PLI BORDER SQUARE 0 #666666 0.025 MARGINS 0.0500 0.050
0 !LPUB PLI CAMERA_ANGLES 30.0000 45.0000
0 !LPUB PLI CONSTRAIN HEIGHT 5.0000
0 !LPUB PLI MODEL_SCALE  1.0000
0 !LPUB PLI MARGINS 0.1500 0.7500
0 !LPUB PLI PLACEMENT TOP_RIGHT PAGE INSIDE OFFSET 0.0000 0.0000
0 !LPUB PLI INSTANCE_COUNT FONT "Noto Sans,36,-1,0,75,0,0,0,0,0,Bold"
0 !LPUB PLI INSTANCE_COUNT FONT_COLOR "#666666"
0 !LPUB PLI INSTANCE_COUNT MARGINS 0.0125 0.0125
0 !LPUB PLI INSTANCE_COUNT MARGINS 0.0125 0.3000
0
0 // LPUB[3D] STEP NUMBER
0 !LPUB STEP_NUMBER FONT "Noto Sans,72,-1,0,75,0,0,0,0,0,Bold"
0 !LPUB STEP_NUMBER FONT_COLOR "#666666"
0 !LPUB STEP_NUMBER MARGINS 0.1250 0.0000
0 !LPUB STEP_NUMBER PLACEMENT TOP_LEFT PAGE INSIDE OFFSET 0.0000 0.0000
0
0 // LPUB[3D] BEGIN INSTRUCTIONS ///////////////////////////////////////////////
0
0 STEP
0 !LPUB INSERT COVER_PAGE FRONT
0 STEP
0 !LPUB ASSEM MODEL_SCALE LOCAL 0.7500
1 0 0 0 0 1 0 0 0 1 0 0 0 1 00-model.ldr
0 STEP
0
0 // LPUB[3D] DISABLE FINAL MODEL SHOWCASE /////////////////////////////////////
0
0 !LPUB NOSTEP
0
0 // LPUB[3D] BOM PAGES
0 STEP
0 !LPUB INSERT PAGE
0 !LPUB INSERT BOM
0 STEP
0 !LPUB INSERT PAGE
0 !LPUB INSERT BOM
0 STEP
0 !LPUB INSERT PAGE
0 !LPUB INSERT BOM
0 STEP
0 !LPUB INSERT PAGE
0 !LPUB INSERT BOM
0 STEP
0 !LPUB INSERT PAGE
0 !LPUB INSERT BOM
0 STEP
0 !LPUB INSERT PAGE
0 !LPUB INSERT BOM
0 STEP
0 !LPUB INSERT PAGE
0 !LPUB INSERT BOM
0 STEP
0 !LPUB INSERT PAGE
0 !LPUB INSERT BOM
0 STEP
0 !LPUB INSERT PAGE
0 !LPUB INSERT BOM
0 STEP
0 !LPUB INSERT PAGE
0 !LPUB INSERT BOM
0 STEP
0 !LPUB INSERT PAGE
0 !LPUB INSERT BOM
0 STEP
0 !LPUB INSERT PAGE
0 !LPUB INSERT BOM
0 STEP
0
0 !LPUB NOSTEP
0
0 !LPUB INSERT COVER_PAGE BACK
0
0 // LPUB[3D] END INSTRUCTIONS /////////////////////////////////////////////////
0
0 NOFILE
0 FILE 00-model.ldr
0 
0 Name: 00-model.ldr
0 Author: Nathanel Titane // nathanel.titane@gmail.com // All Rights Reserved
1 0 0 0 0 1 0 0 0 0 -1 0 1 0 04-waist.ldr
0 STEP
1 0 0 -66 10 1 0 0 0 1 0 0 0 1 07-cockpit.ldr
0 STEP
1 0 -25.4334 -37.0881 -20.8588 0.91704 0.271669 -0.291949 -0.369439 0.854402 -0.365393 0.150176 0.442937 0.883886 10-01-actuator.ldr
1 0 25.4334 -37.0881 -20.8588 0.91704 -0.271669 0.291949 0.369439 0.854402 -0.365393 -0.150176 0.442937 0.883886 10-02-actuator.ldr
0 NOFILE
0 FILE 01-foot.ldr
0 
0 Name: 01-foot.ldr
0 Author: Nathanel Titane // nathanel.titane@gmail.com // All Rights Reserved
1 71 0 0 0 1 0 0 0 1 0 0 0 1 14704.dat
1 71 0 0 20 -1 0 0 0 1 0 0 0 -1 60470.dat
0 STEP
1 72 0 -8 20 -1 0 0 0 1 0 0 0 -1 3023.dat
1 72 0 -16 20 -1 0 0 0 1 0 0 0 -1 32028.dat
1 72 0 -24 20 -1 0 0 0 1 0 0 0 -1 32028.dat
1 72 0 -32 20 -1 0 0 0 1 0 0 0 -1 32028.dat
1 72 0 -40 20 -1 0 0 0 1 0 0 0 -1 32028.dat
0 STEP
1 71 0 -24 0 -1 0 0 0 1 0 0 0 -1 3004.dat
1 71 -10 -48 20 1 0 0 0 1 0 0 0 1 28192.dat
1 71 10 -48 20 1 0 0 0 1 0 0 0 1 28192.dat
0 STEP
1 0 0 22 22 -1 0 0 0 0 1 0 1 0 99207.dat
1 0 0 22 14 1 0 0 0 0 -1 0 1 0 48336.dat
1 0 -10 22 30 -1 0 0 0 0 1 0 1 0 3024.dat
1 0 10 22 30 -1 0 0 0 0 1 0 1 0 3024.dat
0 STEP
1 71 0 22 -10 1 0 0 0 0 -1 0 1 0 3937.dat
1 71 0 32 0 1 0 0 0 -1 0 0 0 -1 3938.dat
1 71 0 56 0 -1 0 0 0 -1 0 0 0 1 3004.dat
1 71 0 56 0 -1 0 0 0 -1 0 0 0 1 85984.dat
0 STEP
1 0 -10 42 22 0 0 1 1 0 0 0 1 0 2555.dat
1 0 10 42 22 0 0 1 1 0 0 0 1 0 2555.dat
1 0 0 42 30 1 0 0 0 0 -1 0 1 0 99780.dat
0 STEP
1 0 0 56 28 -1 0 0 0 -1 0 0 0 1 85984.dat
0 STEP
1 71 40 2 40 0 -1 0 0.173648 0 -0.984808 0.984808 0 0.173648 30374.dat
0 STEP
1 72 -30 11.8481 38.2635 0 0 -1 -0.173648 -0.984808 0 -0.984808 0.173648 0 4070.dat
1 72 -30 -13.5238 32.583 0 0 1 0.173648 -0.984808 0 0.984808 0.173648 0 3039.dat
1 72 -30 8.3751 18.5674 -1 0 0 0 -0.984808 0.173648 0 0.173648 0.984808 4070.dat
0 STEP
1 72 -30 57.3824 20.0803 0 0 1 0.173648 -0.984808 0 0.984808 0.173648 0 3245b.dat
1 72 -30 82.7542 25.7608 -1 0 0 0 -0.984808 0.173648 0 0.173648 0.984808 3040.dat
0 STEP
1 72 -40 -35.4227 46.5986 1 0 0 0 -0.984808 -0.173648 0 0.173648 -0.984808 32000.dat
1 72 -40 -38.8957 26.9025 1 0 0 0 -0.984808 -0.173648 0 0.173648 -0.984808 3004.dat
0 STEP
1 72 30 11.8481 38.2635 0 0 1 0.173648 -0.984808 0 0.984808 0.173648 0 4070.dat
1 72 30 -13.5238 32.583 0 0 -1 -0.173648 -0.984808 0 -0.984808 0.173648 0 3039.dat
1 72 30 8.3751 18.5674 -1 0 0 0 -0.984808 0.173648 0 0.173648 0.984808 4070.dat
0 STEP
1 72 30 57.3824 20.0803 0 0 1 0.173648 -0.984808 0 0.984808 0.173648 0 3245b.dat
1 72 30 82.7542 25.7608 -1 0 0 0 -0.984808 0.173648 0 0.173648 0.984808 3040.dat
0 STEP
1 72 40 -35.4227 46.5986 1 0 0 0 -0.984808 -0.173648 0 0.173648 -0.984808 32000.dat
1 72 40 -38.8957 26.9025 1 0 0 0 -0.984808 -0.173648 0 0.173648 -0.984808 3004.dat
0 STEP
1 72 0 -60.7946 40.9181 1 0 0 0 -0.984808 -0.173648 0 0.173648 -0.984808 3795.dat
1 72 0 -52.9161 39.5289 1 0 0 0 -0.984808 -0.173648 0 0.173648 -0.984808 3068b.dat
0 STEP
1 0 -20 -68.673 42.3073 1 0 0 0 -0.984808 -0.173648 0 0.173648 -0.984808 11203.dat
1 0 20 -68.673 42.3073 1 0 0 0 -0.984808 -0.173648 0 0.173648 -0.984808 11203.dat
1 0 -70 -59.0581 50.7662 0 0 1 0.173648 -0.984808 0 0.984808 0.173648 0 24201.dat
1 0 -70 -62.5311 31.07 0 0 1 0.173648 -0.984808 0 0.984808 0.173648 0 24201.dat
1 0 70 -59.0581 50.7662 0 0 -1 -0.173648 -0.984808 0 -0.984808 0.173648 0 24201.dat
1 0 70 -62.5311 31.07 0 0 -1 -0.173648 -0.984808 0 -0.984808 0.173648 0 24201.dat
0 STEP
1 71 -70 -52.9161 39.5289 0 0 1 0.173648 -0.984808 0 0.984808 0.173648 0 99780.dat
1 71 70 -52.9161 39.5289 0 0 -1 -0.173648 -0.984808 0 -0.984808 0.173648 0 99780.dat
0 STEP
1 0 -70 -29.2807 35.3614 0 0 1 0.173648 -0.984808 0 0.984808 0.173648 0 3004.dat
1 0 -70 -5.6453 31.1938 0 0 -1 -0.173648 -0.984808 0 -0.984808 0.173648 0 3660.dat
1 0 -50 41.6254 22.8587 0 0 1 0.173648 -0.984808 0 0.984808 0.173648 0 3678b.dat
1 0 -50 66.9973 28.5392 -1 0 0 0 -0.984808 0.173648 0 0.173648 0.984808 3040.dat
1 0 -30 90.6327 24.3717 0 0 1 0.173648 -0.984808 0 0.984808 0.173648 0 28192.dat
0 STEP
1 0 70 -29.2807 35.3614 0 0 -1 -0.173648 -0.984808 0 -0.984808 0.173648 0 3004.dat
1 0 70 -5.6453 31.1938 0 0 1 0.173648 -0.984808 0 0.984808 0.173648 0 3660.dat
1 0 50 41.6254 22.8587 0 0 -1 -0.173648 -0.984808 0 -0.984808 0.173648 0 3678b.dat
1 0 50 66.9973 28.5392 -1 0 0 0 -0.984808 0.173648 0 0.173648 0.984808 3040.dat
1 0 30 90.6327 24.3717 0 0 -1 -0.173648 -0.984808 0 -0.984808 0.173648 0 28192.dat
0 NOFILE
0 FILE 02-shin.ldr
0 
0 Name: 02-shin.ldr
0 Author: Nathanel Titane // nathanel.titane@gmail.com // All Rights Reserved
1 72 0 0 0 -1 0 0 0 1 0 0 0 -1 85943.dat
0 STEP
1 0 0 10 30 0 1 0 0 0 1 1 0 0 53585.dat
1 0 0 10 30 -1 0 0 0 0 1 0 1 0 3705.dat
0 STEP
1 72 -20 10 30 0 -1 0 0 0 1 -1 0 0 15535.dat
1 72 -28 10 30 0 -1 0 0 0 1 -1 0 0 4032.dat
1 72 -36 10 30 0 -1 0 0 0 1 -1 0 0 2654.dat
0 STEP
1 72 20 10 30 0 1 0 0 0 1 1 0 0 15535.dat
1 72 28 10 30 0 1 0 0 0 1 1 0 0 4032.dat
1 72 36 10 30 0 1 0 0 0 1 1 0 0 2654.dat
0 STEP
1 0 0 -10 30 0 1 0 0 0 -1 -1 0 0 32174.dat
1 0 0 -58.2843 30 -1 0 0 0 0.707107 -0.707107 0 -0.707107 -0.707107 92907.dat
1 71 0 -51.2133 37.0712 0 0 1 -0.707107 0.707107 0 -0.707107 -0.707107 0 4274.dat
1 0 0 -30 30 1 0 0 0 -0.707107 -0.707107 0 0.707107 -0.707107 6536.dat
1 0 -30 -29.9999 30.0001 0 1 0 -0.707106 0 0.707107 0.707107 0 0.707107 87994.dat
1 71 -5 -44.1421 15.8579 0 0 -1 -0.707107 -0.707107 0 -0.707107 0.707107 0 4265c.dat
1 71 5 -44.1421 15.8579 0 0 -1 -0.707107 -0.707107 0 -0.707107 0.707107 0 4265c.dat
1 0 -30 -44.1421 15.8579 0 1 0 -0.707107 0 -0.707107 -0.707107 0 0.707107 87994.dat
0 STEP
1 0 -28 -37.0711 22.9289 0 1 0 -0.707107 0 -0.707107 -0.707107 0 0.707107 35480.dat
1 71 -36 -44.1421 15.8579 0 1 0 -0.707106 0 0.707107 0.707107 0 0.707107 24246.dat
1 71 -36 -29.9999 30.0001 0 1 0 0.707106 0 -0.707107 -0.707107 0 -0.707107 24246.dat
0 STEP
1 0 28 -37.0711 22.9289 0 -1 0 -0.707107 0 0.707107 -0.707107 0 -0.707107 35480.dat
1 71 36 -44.1421 15.8579 0 -1 0 0.707107 0 0.707106 -0.707106 0 0.707107 24246.dat
1 71 36 -29.9999 30.0001 0 -1 0 -0.707107 0 -0.707106 0.707106 0 -0.707107 24246.dat
0 STEP
1 0 0 -65.3554 22.9289 -1 0 0 0 -0.707107 -0.707107 0 -0.707107 0.707107 3794b.dat
1 0 0 -71.0122 17.2721 -1 0 0 0 -0.707107 -0.707107 0 -0.707107 0.707107 3023.dat
1 0 0 -83.7401 18.6863 0 0 -1 0.707107 -0.707107 0 -0.707107 -0.707107 0 3001.dat
0 STEP
1 0 -10 -56.87 3.1299 0 0 1 -0.707107 -0.707107 0 0.707107 -0.707107 0 36841.dat
1 0 -10 -85.1543 31.4142 0 0 1 -0.707107 -0.707107 0 0.707107 -0.707107 0 36841.dat
1 0 10 -85.1543 31.4142 0 0 -1 0.707107 -0.707107 0 -0.707107 -0.707107 0 36841.dat
1 0 10 -56.87 3.13 0 0 -1 0.707107 -0.707107 0 -0.707107 -0.707107 0 36841.dat
0 STEP
1 0 -10 -51.2131 8.7869 -1 0 0 0 -0.707107 -0.707107 0 -0.707107 0.707107 28192.dat
1 0 10 -51.2131 8.7869 -1 0 0 0 -0.707107 -0.707107 0 -0.707107 0.707107 28192.dat
1 0 -10 -54.0416 -22.3258 -1 0 0 0 -0.707107 -0.707107 0 -0.707107 0.707107 3005.dat
1 0 10 -54.0416 -22.3258 -1 0 0 0 -0.707107 -0.707107 0 -0.707107 0.707107 3005.dat
1 0 0 -97.8821 32.8285 1 0 0 0 -0.707107 0.707107 0 -0.707107 -0.707107 15068.dat
0 STEP
1 71 0 -93.6395 -5.3553 0 0 1 -0.707107 -0.707107 0 0.707107 -0.707107 0 3021.dat
1 71 0 -121.9237 22.929 1 0 0 0 -0.707107 0.707107 0 -0.707107 -0.707107 32803.dat
1 71 0 -92.2253 -18.0832 1 0 0 0 -0.707107 0.707107 0 -0.707107 -0.707107 11203.dat
0 STEP
1 0 0 -10 60 0 0 -1 0 1 0 1 0 0 4519.dat
0 STEP
1 0 0 24 0 1 0 0 0 1 0 0 0 1 60470.dat
1 0 -10 24 -50 0 0 -1 0 1 0 1 0 0 60478.dat
1 0 10 24 -50 0 0 -1 0 1 0 1 0 0 60478.dat
1 0 -10 24 -90 0 0 1 0 1 0 -1 0 0 60478.dat
1 0 10 24 -90 0 0 1 0 1 0 -1 0 0 60478.dat
1 0 0 24 -140 -1 0 0 0 1 0 0 0 -1 60470.dat
0 STEP
1 72 -10 32 -70 0 0 1 0 1 0 -1 0 0 32028.dat
1 72 10 32 -70 0 0 -1 0 1 0 1 0 0 32028.dat
1 71 0 32 -40 -1 0 0 0 1 0 0 0 -1 32803.dat
1 71 0 32 -100 1 0 0 0 1 0 0 0 1 32803.dat
0 STEP
1 72 -10 0 -70 0 0 -1 0 1 0 1 0 0 3701.dat
1 0 0 10 -50 1 0 0 0 1 0 0 0 1 2780.dat
1 0 0 10 -70 1 0 0 0 1 0 0 0 1 2780.dat
1 72 10 0 -70 0 0 -1 0 1 0 1 0 0 3701.dat
0 STEP
1 0 -20 10 -90 1 0 0 0 1 0 0 0 1 2780.dat
1 0 20 10 -90 1 0 0 0 1 0 0 0 1 2780.dat
0 STEP
1 72 0 0 -140 -1 0 0 0 1 0 0 0 -1 3700.dat
1 0 0 10 -150 0 0 -1 0 1 0 1 0 0 6628.dat
0 STEP
1 0 0 -8 0 1 0 0 0 1 0 0 0 1 60470.dat
1 0 -10 -8 -50 0 0 -1 0 1 0 1 0 0 60478.dat
1 0 10 -8 -50 0 0 -1 0 1 0 1 0 0 60478.dat
1 0 -10 -8 -90 0 0 1 0 1 0 -1 0 0 60478.dat
1 0 10 -8 -90 0 0 1 0 1 0 -1 0 0 60478.dat
1 0 0 -8 -140 -1 0 0 0 1 0 0 0 -1 60470.dat
0 STEP
1 72 -10 -16 -70 0 0 1 0 1 0 -1 0 0 32028.dat
1 72 10 -16 -70 0 0 -1 0 1 0 1 0 0 32028.dat
1 71 0 -8 -40 -1 0 0 0 1 0 0 0 -1 85984.dat
1 71 0 -8 -100 1 0 0 0 1 0 0 0 1 85984.dat
1 71 0 -24 -70 1 0 0 0 1 0 0 0 1 87580.dat
0 STEP
1 72 0 32 0 1 0 0 0 1 0 0 0 1 3023.dat
1 71 0 40 0 1 0 0 0 1 0 0 0 1 3839b.dat
1 71 0 48 0 1 0 0 0 1 0 0 0 1 3839b.dat
1 71 0 56 0 -1 0 0 0 1 0 0 0 -1 32803.dat
1 71 0 64 -20 1 0 0 0 1 0 0 0 1 85984.dat
0 STEP
1 72 0 -16 0 1 0 0 0 1 0 0 0 1 3023.dat
1 71 0 -24 0 1 0 0 0 1 0 0 0 1 3839b.dat
1 71 0 -32 0 1 0 0 0 1 0 0 0 1 3839b.dat
1 71 0 -32 -10 -1 0 0 0 1 0 0 0 -1 15068.dat
1 71 0 -40 -20 -1 0 0 0 1 0 0 0 -1 3938.dat
0 STEP
1 71 -10 32 -140 0 0 1 0 1 0 -1 0 0 3665.dat
1 71 10 32 -140 0 0 -1 0 1 0 1 0 0 3665.dat
1 71 -30 8 -140 0 0 1 0 1 0 -1 0 0 3005.dat
1 71 30 8 -140 0 0 -1 0 1 0 1 0 0 3005.dat
1 71 -10 -16 -140 0 0 1 0 1 0 -1 0 0 28192.dat
1 71 10 -16 -140 0 0 -1 0 1 0 1 0 0 28192.dat
0 STEP
1 0 -30 10 -90 0 1 0 -1 0 0 0 0 1 32523.dat
0 STEP
1 71 -40 10 -70 0 -1 0 1 0 0 0 0 1 2460.dat
1 71 -40 10 -110 0 -1 0 1 0 0 0 0 1 2460.dat
1 71 -48 10 -80 0 -1 0 -1 0 0 0 0 -1 3747b.dat
1 72 -40 10 -40 0 -1 0 1 0 0 0 0 1 3839a.dat
1 71 -32 10 -40 0 -1 0 1 0 0 0 0 1 3069b.dat
1 71 -48 20 -110 0 -1 0 0 0 -1 1 0 0 3660.dat
1 71 -48 0 -110 0 -1 0 0 0 1 -1 0 0 3660.dat
1 72 -48 40 -110 0 -1 0 0 0 -1 1 0 0 85984.dat
1 72 -48 -20 -110 0 -1 0 0 0 1 -1 0 0 85984.dat
0 STEP
1 0 30 10 -90 0 -1 0 1 0 0 0 0 1 32523.dat
0 STEP
1 71 40 10 -70 0 1 0 -1 0 0 0 0 1 2460.dat
1 71 40 10 -110 0 1 0 -1 0 0 0 0 1 2460.dat
1 71 48 10 -80 0 1 0 1 0 0 0 0 -1 3747b.dat
1 72 40 10 -39.9999 0 1 0 -1 0 0 0 0 1 3839a.dat
1 71 32 10 -39.9999 0 1 0 -1 0 0 0 0 1 3069b.dat
1 71 48 0 -110 0 1 0 0 0 1 1 0 0 3660.dat
1 71 48 20 -110 0 1 0 0 0 -1 -1 0 0 3660.dat
1 72 48 -20 -110 0 1 0 0 0 1 1 0 0 85984.dat
1 72 48 40 -110 0 1 0 0 0 -1 -1 0 0 85984.dat
0 STEP
1 0 -32 10 -10 0 -1 0 -1 0 0 0 0 -1 41761.dat
1 0 -24 10 -10 0 -1 0 -1 0 0 0 0 -1 3068b.dat
1 72 -56 -20 -140 0 -1 0 1 0 0 0 0 1 54200.dat
1 72 -56 0 -140 0 -1 0 1 0 0 0 0 1 54200.dat
1 72 -56 20 -140 0 -1 0 1 0 0 0 0 1 54200.dat
1 72 -56 40 -140 0 -1 0 1 0 0 0 0 1 54200.dat
1 0 -32 -50 -90 0 -1 0 -1 0 0 0 0 -1 41765.dat
1 72 -24 -50 -70 0 -1 0 -1 0 0 0 0 -1 41770.dat
1 72 -16 -50 -70 0 -1 0 -1 0 0 0 0 -1 41770.dat
1 72 -8 -50 -70 0 -1 0 -1 0 0 0 0 -1 41770.dat
1 71 0 -40 -70 0 -1 0 0 0 1 -1 0 0 2431.dat
1 0 -8 -60 -130 0 -1 0 0 0 -1 1 0 0 3039.dat
1 0 0 -60 -130 0 -1 0 0 0 -1 1 0 0 3069b.dat
1 0 -32 70 -90 0 -1 0 -1 0 0 0 0 -1 41764.dat
1 72 -24 70 -70 0 -1 0 -1 0 0 0 0 -1 41769.dat
1 72 -16 70 -70 0 -1 0 -1 0 0 0 0 -1 41769.dat
1 72 -8 70 -70 0 -1 0 -1 0 0 0 0 -1 41769.dat
1 71 0 60 -70 0 -1 0 0 0 1 -1 0 0 2431.dat
1 0 -8 80 -130 0 -1 0 0 0 1 -1 0 0 3039.dat
1 0 0 80 -130 0 -1 0 0 0 1 -1 0 0 3069b.dat
0 STEP
1 0 32 10 -10 0 1 0 1 0 0 0 0 -1 41761.dat
1 0 24 10 -10 0 1 0 1 0 0 0 0 -1 3068b.dat
1 72 56 40 -140 0 1 0 -1 0 0 0 0 1 54200.dat
1 72 56 20 -140 0 1 0 -1 0 0 0 0 1 54200.dat
1 72 56 0 -140 0 1 0 -1 0 0 0 0 1 54200.dat
1 72 56 -20 -140 0 1 0 -1 0 0 0 0 1 54200.dat
1 0 32 70 -90 0 1 0 1 0 0 0 0 -1 41765.dat
1 72 24 70 -70 0 1 0 1 0 0 0 0 -1 41770.dat
1 72 16 70 -70 0 1 0 1 0 0 0 0 -1 41770.dat
1 72 8 70 -70 0 1 0 1 0 0 0 0 -1 41770.dat
1 71 0 60 -70 0 1 0 0 0 -1 -1 0 0 2431.dat
1 0 8 80 -130 0 1 0 0 0 1 1 0 0 3039.dat
1 0 0 80 -130 0 1 0 0 0 1 1 0 0 3069b.dat
1 0 32 -50 -90 0 1 0 1 0 0 0 0 -1 41764.dat
1 72 24 -50 -70 0 1 0 1 0 0 0 0 -1 41769.dat
1 72 16 -50 -70 0 1 0 1 0 0 0 0 -1 41769.dat
1 72 8 -50 -70 0 1 0 1 0 0 0 0 -1 41769.dat
1 71 0 -40 -70 0 1 0 0 0 -1 -1 0 0 2431.dat
1 0 8 -60 -130 0 1 0 0 0 -1 -1 0 0 3039.dat
1 0 0 -60 -130 0 1 0 0 0 -1 -1 0 0 3069b.dat
0 STEP
1 71 0 22.0776 -176.4356 1 0 0 0 -0.906308 0.422619 0 -0.422619 -0.906308 01-foot.ldr
0 NOFILE
0 FILE 03-01-thigh.ldr
0 
0 Name: 03-01-thigh.ldr
0 Author: Nathanel Titane // nathanel.titane@gmail.com // All Rights Reserved
1 72 0 0 0 0 0 -1 0 1 0 1 0 0 92013.dat
1 0 0 24 -40 0 0 -1 0 1 0 1 0 0 3795.dat
0 STEP
1 72 0 0 -40 0 0 -1 0 1 0 1 0 0 3003.dat
1 72 0 0 -70 -1 0 0 0 1 0 0 0 -1 32064.dat
1 72 0 0 -90 -1 0 0 0 1 0 0 0 -1 32064.dat
0 STEP
1 0 0 32 -30 0 0 -1 0 1 0 1 0 0 3021.dat
1 0 -10 32 -70 0 0 1 0 1 0 -1 0 0 36840.dat
1 0 10 32 -70 0 0 -1 0 1 0 1 0 0 36840.dat
0 STEP
1 71 0 32 -90 1 0 0 0 1 0 0 0 1 32803.dat
1 71 0 40 -40 -1 0 0 0 1 0 0 0 -1 11203.dat
1 71 0 32 10 -1 0 0 0 1 0 0 0 -1 32803.dat
0 STEP
1 71 0 -8 10 1 0 0 0 1 0 0 0 1 99563.dat
1 0 -10 -8 -20 0 0 1 0 1 0 -1 0 0 93274.dat
1 0 10 -8 -20 0 0 -1 0 1 0 1 0 0 93274.dat
1 0 0 -8 -70 0 0 -1 0 1 0 1 0 0 3021.dat
0 STEP
1 0 0 -16 -10 -1 0 0 0 1 0 0 0 -1 48336.dat
1 0 0 -16 -40 0 0 -1 0 1 0 1 0 0 3022.dat
1 0 -10 -16 -70 0 0 1 0 1 0 -1 0 0 36841.dat
1 0 10 -16 -70 0 0 -1 0 1 0 1 0 0 36841.dat
0 STEP
1 71 0 -8 -80 1 0 0 0 1 0 0 0 1 15068.dat
1 71 0 -24 -40 -1 0 0 0 1 0 0 0 -1 3068b.dat
1 71 0 -24 -10 -1 0 0 0 1 0 0 0 -1 99563.dat
0 STEP
1 71 -32 12 -20 0 1 0 0 0 1 1 0 0 3020.dat
1 0 -40 12 10 0 1 0 1 0 0 0 0 -1 99781.dat
1 0 -40 22 -10 0 1 0 0 0 -1 -1 0 0 36841.dat
1 0 -40 2 -10 0 1 0 0 0 1 1 0 0 36841.dat
0 STEP
1 71 -40 12 10 0 1 0 1 0 0 0 0 -1 85984.dat
1 71 -56 12 -30 0 1 0 -1 0 0 0 0 1 24309.dat
0 STEP
1 0 -30 12 32 0 0 1 -1 0 0 0 -1 0 48336.dat
1 71 -30 12 32 0 0 1 -1 0 0 0 -1 0 85984.dat
0 STEP
1 71 32 12 -20 0 -1 0 1 0 0 0 0 1 3022.dat
1 71 24 12 -40 0 -1 0 1 0 0 0 0 1 15068.dat
1 71 24 12 0 0 -1 0 -1 0 0 0 0 -1 15068.dat
0 STEP
1 0 -53 22 24.8038 -0.866025 -0.5 0 0 0 -1 0.5 -0.866025 0 2555.dat
1 0 -53 2 24.8038 -0.866025 -0.5 0 0 0 -1 0.5 -0.866025 0 2555.dat
1 0 -57 22 17.8756 -0.866025 -0.5 0 0 0 -1 0.5 -0.866025 0 3005.dat
1 0 -57 2 17.8756 -0.866025 -0.5 0 0 0 -1 0.5 -0.866025 0 3005.dat
0 STEP
1 0 0 -19.7956 11.5529 -1 0 0 0 -0.965926 0.258819 0 0.258819 0.965926 05-side-skirt.ldr
0 STEP
1 71 -10 10 -150 0 -1 0 1 0 0 0 0 1 02-shin.ldr
0 NOFILE
0 FILE 03-02-thigh.ldr
0 
0 Name: 03-02-thigh.ldr
0 Author: Nathanel Titane // nathanel.titane@gmail.com // All Rights Reserved
1 72 0 0 0 0 0 -1 0 1 0 1 0 0 92013.dat
1 0 0 24 -40 0 0 -1 0 1 0 1 0 0 3795.dat
0 STEP
1 72 0 0 -40 0 0 -1 0 1 0 1 0 0 3003.dat
1 72 0 0 -70 -1 0 0 0 1 0 0 0 -1 32064.dat
1 72 0 0 -90 -1 0 0 0 1 0 0 0 -1 32064.dat
0 STEP
1 0 0 32 -30 0 0 -1 0 1 0 1 0 0 3021.dat
1 0 -10 32 -70 0 0 1 0 1 0 -1 0 0 36840.dat
1 0 10 32 -70 0 0 -1 0 1 0 1 0 0 36840.dat
0 STEP
1 71 0 32 -90 1 0 0 0 1 0 0 0 1 32803.dat
1 71 0 40 -40 -1 0 0 0 1 0 0 0 -1 11203.dat
1 71 0 32 10 -1 0 0 0 1 0 0 0 -1 32803.dat
0 STEP
1 71 0 -8 10 1 0 0 0 1 0 0 0 1 99563.dat
1 0 -10 -8 -20 0 0 1 0 1 0 -1 0 0 93274.dat
1 0 10 -8 -20 0 0 -1 0 1 0 1 0 0 93274.dat
1 0 0 -8 -70 0 0 -1 0 1 0 1 0 0 3021.dat
0 STEP
1 0 0 -16 -10 -1 0 0 0 1 0 0 0 -1 48336.dat
1 0 0 -16 -40 0 0 -1 0 1 0 1 0 0 3022.dat
1 0 -10 -16 -70 0 0 1 0 1 0 -1 0 0 36841.dat
1 0 10 -16 -70 0 0 -1 0 1 0 1 0 0 36841.dat
0 STEP
1 71 0 -8 -80 1 0 0 0 1 0 0 0 1 15068.dat
1 71 0 -24 -40 -1 0 0 0 1 0 0 0 -1 3068b.dat
1 71 0 -24 -10 -1 0 0 0 1 0 0 0 -1 99563.dat
0 STEP
1 71 32 12 -20 0 -1 0 0 0 -1 1 0 0 3020.dat
1 0 40 12 10 0 -1 0 -1 0 0 0 0 -1 99781.dat
1 0 40 22 -10 0 -1 0 0 0 -1 1 0 0 36841.dat
1 0 40 2 -10 0 -1 0 0 0 1 -1 0 0 36841.dat
0 STEP
1 71 40 12 10 0 -1 0 -1 0 0 0 0 -1 85984.dat
1 71 56 12 -30 0 -1 0 1 0 0 0 0 1 24309.dat
0 STEP
1 0 30 12 32 0 0 -1 1 0 0 0 -1 0 48336.dat
1 71 30 12 32 0 0 -1 1 0 0 0 -1 0 85984.dat
0 STEP
1 71 -32 12 -20 0 1 0 -1 0 0 0 0 1 3022.dat
1 71 -24 12 -40 0 1 0 -1 0 0 0 0 1 15068.dat
1 71 -24 12 0 0 1 0 1 0 0 0 0 -1 15068.dat
0 STEP
1 0 53 22 24.8038 0.866025 0.5 0 0 0 1 0.5 -0.866025 0 2555.dat
1 0 53 2 24.8038 0.866025 0.5 0 0 0 1 0.5 -0.866025 0 2555.dat
1 0 57 22 17.8756 0.866025 0.5 0 0 0 1 0.5 -0.866025 0 3005.dat
1 0 57 2 17.8756 0.866025 0.5 0 0 0 1 0.5 -0.866025 0 3005.dat
0 STEP
1 0 0 -19.7956 11.5529 -1 0 0 0 -0.965926 0.258819 0 0.258819 0.965926 05-side-skirt.ldr
0 STEP
1 71 10 10 -150 0 1 0 -1 0 0 0 0 1 02-shin.ldr
0 NOFILE
0 FILE 04-waist.ldr
0 
0 Name: 04-waist.ldr
0 Author: Nathanel Titane // nathanel.titane@gmail.com // All Rights Reserved
1 72 0 0 0 -1 0 0 0 1 0 0 0 -1 85943.dat
1 72 -10 0 -30 0 0 1 0 1 0 -1 0 0 32064.dat
1 72 10 0 -30 0 0 1 0 1 0 -1 0 0 32064.dat
1 72 -10 24 0 -1 0 0 0 1 0 0 0 -1 2420.dat
1 72 10 24 0 0 0 1 0 1 0 -1 0 0 2420.dat
1 72 0 24 -40 1 0 0 0 1 0 0 0 1 99781.dat
0 STEP
1 0 -10 32 0 0 0 1 0 1 0 -1 0 0 3665.dat
1 0 10 32 0 0 0 -1 0 1 0 1 0 0 3665.dat
1 72 0 32 -30 0 0 -1 0 1 0 1 0 0 3003.dat
1 71 0 56 -20 1 0 0 0 1 0 0 0 1 3023.dat
1 71 0 56 -40 1 0 0 0 1 0 0 0 1 32803.dat
0 STEP
1 0 0 10 30 0 -1 0 0 0 -1 1 0 0 15100.dat
1 0 0 10 30 -1 0 0 0 0 -1 0 -1 0 4519.dat
0 STEP
1 0 -25 10 30 0 -1 0 0 0 1 -1 0 0 6632.dat
1 0 -15 30 30 0 -1 0 0 0 1 -1 0 0 41677.dat
1 0 0 30 30 -1 0 0 0 0 -1 0 -1 0 32062.dat
0 STEP
1 72 0 30 30 0 -1 0 0 0 -1 1 0 0 18654.dat
1 0 -20 50 30 1 0 0 0 -0.707107 -0.707107 0 0.707107 -0.707107 41678.dat
0 STEP
1 0 20 50 30 1 0 0 0 -0.707107 -0.707107 0 0.707107 -0.707107 41678.dat
1 0 15 30 30 0 -1 0 0 0 1 -1 0 0 41677.dat
0 STEP
1 0 30 71.2131 37.0711 0 0 -1 -0.707107 0.707107 0 0.707107 0.707107 0 2780.dat
1 0 10 71.2131 37.0711 0 0 -1 -0.707107 0.707107 0 0.707107 0.707107 0 2780.dat
1 0 -10 71.2131 37.0711 0 0 -1 -0.707107 0.707107 0 0.707107 0.707107 0 2780.dat
1 0 -30 71.2131 37.0711 0 0 -1 -0.707107 0.707107 0 0.707107 0.707107 0 2780.dat
0 STEP
1 0 25 10 30 0 -1 0 0 0 1 -1 0 0 6632.dat
1 0 40 50 30 0 -1 0 0.707107 0 -0.707107 0.707107 0 0.707107 30374.dat
0 STEP
1 71 -30 30 30 0 -1 0 0 0 1 -1 0 0 4073.dat
1 71 30 30 30 0 1 0 0 0 -1 -1 0 0 4073.dat
0 STEP
1 72 -30 0 0 0 0 1 0 1 0 -1 0 0 6541.dat
1 72 30 0 0 0 0 -1 0 1 0 1 0 0 6541.dat
1 0 -40 10 0 1 0 0 0 0 1 0 -1 0 6628.dat
1 0 40 10 0 -1 0 0 0 0 -1 0 -1 0 6628.dat
0 STEP
1 72 -10 -8 0 -1 0 0 0 1 0 0 0 -1 2420.dat
1 72 10 -8 0 0 0 1 0 1 0 -1 0 0 2420.dat
1 72 0 -8 -40 1 0 0 0 1 0 0 0 1 99781.dat
0 STEP
1 71 -20 -16 0 -1 0 0 0 1 0 0 0 -1 14704.dat
1 71 20 -16 0 -1 0 0 0 1 0 0 0 -1 14704.dat
0 STEP
1 0 -20 -24 0 0 0 1 0 1 0 -1 0 0 15672.dat
1 0 20 -24 0 0 0 -1 0 1 0 1 0 0 15672.dat
1 4 0 -32 0 -1 0 0 0 1 0 0 0 -1 99780.dat
0 STEP
1 72 0 -32 -30 0 0 1 0 1 0 -1 0 0 92013.dat
1 72 0 -40 -20 0 0 1 0 1 0 -1 0 0 3021.dat
1 0 0 -48 -10 -1 0 0 0 1 0 0 0 -1 33909.dat
1 0 -10 -56 -20 -1 0 0 0 1 0 0 0 -1 2555.dat
1 0 10 -56 -20 -1 0 0 0 1 0 0 0 -1 2555.dat
0 STEP
1 0 -30 -60 -10 0 0 -1 0 -1 0 -1 0 0 48336.dat
1 0 -30 -52 0 1 0 0 0 -1 0 0 0 -1 2555.dat
1 0 -30 -52 -20 1 0 0 0 -1 0 0 0 -1 2555.dat
1 0 -30 -60 -20 1 0 0 0 -1 0 0 0 -1 13547.dat
1 0 -30 -68 -40 -1 0 0 0 -1 0 0 0 1 24201.dat
1 0 -30 -68 -40 -1 0 0 0 -1 0 0 0 1 54200.dat
1 72 -30 -52 20 -1 0 0 0 -1 0 0 0 1 3024.dat
1 0 -30 -60 30 1 0 0 0 -1 0 0 0 -1 11477.dat
1 4 -10 -68 0 -1 0 0 0 -1 0 0 0 1 2555.dat
0 STEP
1 0 30 -60 -10 0 0 1 0 -1 0 1 0 0 48336.dat
1 0 30 -52 0 1 0 0 0 -1 0 0 0 -1 2555.dat
1 0 30 -52 -20 1 0 0 0 -1 0 0 0 -1 2555.dat
1 0 30 -60 -20 1 0 0 0 -1 0 0 0 -1 13547.dat
1 0 30 -68 -40 -1 0 0 0 -1 0 0 0 1 24201.dat
1 0 30 -68 -40 -1 0 0 0 -1 0 0 0 1 54200.dat
1 72 30 -52 20 -1 0 0 0 -1 0 0 0 1 3024.dat
1 0 30 -60 30 1 0 0 0 -1 0 0 0 -1 11477.dat
1 4 10 -68 0 -1 0 0 0 -1 0 0 0 1 2555.dat
0 STEP
1 4 -10 -68 20 1 0 0 0 -1 0 0 0 -1 24201.dat
1 4 10 -68 20 1 0 0 0 -1 0 0 0 -1 24201.dat
1 4 0 -68 20 1 0 0 0 -1 0 0 0 -1 85984.dat
0 STEP
1 0 0 -64 -40 -1 0 0 0 1 0 0 0 -1 3004.dat
1 0 0 -80 -60 1 0 0 0 1 0 0 0 1 24309.dat
1 72 0 -56 -70 1 0 0 0 1 0 0 0 1 11203.dat
0 STEP
1 0 0 10 -30 -1 0 0 0 1 0 0 0 -1 3707.dat
0 STEP
1 0 -30 30 -30 -1 0 0 0 1 0 0 0 -1 42003.dat
1 71 -30 30 -20 -1 0 0 0 0 1 0 1 0 4073.dat
1 71 -30 50 -20 -1 0 0 0 0 1 0 1 0 4073.dat
1 71 -30 30 -40 -1 0 0 0 0 -1 0 -1 0 4073.dat
1 71 -30 50 -40 -1 0 0 0 0 -1 0 -1 0 4073.dat
0 STEP
1 0 30 30 -30 -1 0 0 0 1 0 0 0 -1 42003.dat
1 71 30 30 -20 -1 0 0 0 0 1 0 1 0 4073.dat
1 71 30 50 -20 -1 0 0 0 0 1 0 1 0 4073.dat
1 71 30 30 -40 -1 0 0 0 0 -1 0 -1 0 4073.dat
1 71 30 50 -40 -1 0 0 0 0 -1 0 -1 0 4073.dat
0 STEP
1 71 -50 10 -30 0 0 1 0.707107 -0.707107 0 0.707107 0.707107 0 42610.dat
1 71 50 10 -30 0 0 -1 -0.707107 -0.707107 0 -0.707107 0.707107 0 42610.dat
0 STEP
1 0 -70 10 -30 0 1 0 0 0 -1 -1 0 0 32474.dat
1 0 70 10 -30 0 -1 0 0 0 -1 1 0 0 32474.dat
0 STEP
1 71 -70.3538 10 -1.3127 0 0.258819 -0.965926 1 0 0 0 -0.965926 -0.258819 14704.dat
1 0 -72.4243 20 6.4147 -0.965926 0.258819 0 0 0 -1 -0.258819 -0.965926 0 36841.dat
1 0 -72.4243 0 6.4147 0.965926 0.258819 0 0 0 1 0.258819 -0.965926 0 36841.dat
1 0 -89.6724 10 -6.4891 0 0.258819 0.965926 -1 0 0 0 -0.965926 0.258819 32803.dat
1 0 -80.013 10 -3.9009 0 0.258819 0.965926 -1 0 0 0 -0.965926 0.258819 15068.dat
0 STEP
1 71 70.3538 10 -1.3127 0 -0.258819 0.965926 -1 0 0 0 -0.965926 -0.258819 14704.dat
1 0 72.4243 0 6.4147 0.965926 -0.258819 0 0 0 1 -0.258819 -0.965926 0 36841.dat
1 0 72.4243 20 6.4147 -0.965926 -0.258819 0 0 0 -1 0.258819 -0.965926 0 36841.dat
1 0 89.6724 10 -6.4891 0 -0.258819 -0.965926 1 0 0 0 -0.965926 0.258819 32803.dat
1 0 80.013 10 -3.9009 0 -0.258819 -0.965926 1 0 0 0 -0.965926 0.258819 15068.dat
0 STEP
1 0 -20 71.2132 22.929 -1 0 0 0 0.707107 0.707107 0 0.707107 -0.707107 32000.dat
1 0 20 71.2132 22.929 -1 0 0 0 0.707107 0.707107 0 0.707107 -0.707107 32000.dat
1 0 0 163.1371 -68.995 1 0 0 0 0.707107 -0.707107 0 0.707107 0.707107 41761.dat
1 0 60 106.5686 -12.4264 1 0 0 0 0.707107 -0.707107 0 0.707107 0.707107 41765.dat
1 0 -60 106.5686 -12.4264 1 0 0 0 0.707107 -0.707107 0 0.707107 0.707107 41764.dat
0 STEP
1 0 0 65.5564 17.2721 -1 0 0 0 0.707107 0.707107 0 0.707107 -0.707107 3666.dat
1 0 -70 79.6985 3.1299 1 0 0 0 0.707107 -0.707107 0 0.707107 0.707107 2420.dat
1 0 70 79.6985 3.1299 0 0 -1 -0.707107 0.707107 0 0.707107 0.707107 0 2420.dat
1 0 60 115.0538 -32.2254 1 0 0 0 0.707107 -0.707107 0 0.707107 0.707107 41770.dat
1 0 -60 115.0538 -32.2254 1 0 0 0 0.707107 -0.707107 0 0.707107 0.707107 41769.dat
0 STEP
1 0 0 59.8994 11.6153 -1 0 0 0 0.707107 0.707107 0 0.707107 -0.707107 6636.dat
1 0 -50 95.2548 -23.7401 0 0 -1 -0.707107 0.707107 0 0.707107 0.707107 0 2431.dat
1 0 50 95.2548 -23.7401 0 0 -1 -0.707107 0.707107 0 0.707107 0.707107 0 2431.dat
1 0 0 157.4802 -74.6518 1 0 0 0 0.707107 -0.707107 0 0.707107 0.707107 3068b.dat
0 STEP
1 0 -50 129.196 -46.3676 1 0 0 0 0.707107 -0.707107 0 0.707107 0.707107 11477.dat
1 0 50 129.196 -46.3676 1 0 0 0 0.707107 -0.707107 0 0.707107 0.707107 11477.dat
1 0 60 72.6274 10.201 0 0 -1 -0.707107 0.707107 0 0.707107 0.707107 0 15068.dat
1 0 -60 72.6274 10.201 0 0 1 0.707107 0.707107 0 -0.707107 0.707107 0 15068.dat
0 STEP
1 71 -10 103.7401 13.0295 0 0 1 0.707107 0.707107 0 -0.707107 0.707107 0 3660.dat
1 71 10 103.7401 13.0294 0 0 -1 -0.707107 0.707107 0 0.707107 0.707107 0 3660.dat
1 71 0 124.9533 -8.1838 1 0 0 0 0.707107 -0.707107 0 0.707107 0.707107 3747b.dat
1 72 0 112.2254 -6.7695 0 0 1 0.707107 0.707107 0 -0.707107 0.707107 0 3020.dat
1 72 0 147.5808 -42.125 -1 0 0 0 0.707107 0.707107 0 0.707107 -0.707107 3839a.dat
1 72 -30 98.0832 7.3726 0 0 1 0.707107 0.707107 0 -0.707107 0.707107 0 60478.dat
1 72 30 98.0832 7.3726 0 0 1 0.707107 0.707107 0 -0.707107 0.707107 0 60478.dat
0 STEP
1 71 -20 85.3554 8.7867 0 0 1 0.707107 0.707107 0 -0.707107 0.707107 0 15672.dat
1 71 20 85.3554 8.7867 0 0 -1 -0.707107 0.707107 0 0.707107 0.707107 0 15672.dat
1 71 0 106.5686 -12.4265 -1 0 0 0 0.707107 0.707107 0 0.707107 -0.707107 3068b.dat
1 71 0 134.8529 -40.7108 -1 0 0 0 0.707107 0.707107 0 0.707107 -0.707107 3068b.dat
0 STEP
1 72 0 79.6986 3.1299 1 0 0 0 0.707107 -0.707107 0 0.707107 0.707107 48336.dat
1 71 0 74.0417 -2.527 1 0 0 0 0.707107 -0.707107 0 0.707107 0.707107 3069b.dat
1 71 -30 99.4975 -5.3554 0 0 -1 -0.707107 0.707107 0 0.707107 0.707107 0 24246.dat
1 71 30 99.4975 -5.3554 0 0 1 0.707107 0.707107 0 -0.707107 0.707107 0 24246.dat
0 STEP
1 0 -87.794 10 -67.6559 0 0.984808 0.173648 -1 0 0 0 -0.173648 0.984808 03-01-thigh.ldr
1 0 87.794 10 -67.6559 0 -0.984808 -0.173648 1 0 0 0 -0.173648 0.984808 03-02-thigh.ldr
0 STEP
1 0 -50.0435 -44.4967 -10 0.984808 0.173648 0 -0.173648 0.984808 0 0 0 1 06-01-front-skirt.ldr
1 0 50.0434 -44.4967 -10 0.984808 -0.173648 0 0.173648 0.984808 0 0 0 1 06-02-front-skirt.ldr
0 STEP
1 7 0 -12.9369 -74.2262 1 0 0 0 0.906308 0.422618 0 -0.422618 0.906308 18-vernier.ldr
0 NOFILE
0 FILE 05-side-skirt.ldr
0 
0 Name: 05-side-skirt.ldr
0 Author: Nathanel Titane // nathanel.titane@gmail.com // All Rights Reserved
1 0 -10 0 0 0 0 -1 0 1 0 1 0 0 2555.dat
1 0 10 0 0 0 0 -1 0 1 0 1 0 0 2555.dat
1 0 0 8 10 -1 0 0 0 1 0 0 0 -1 33909.dat
1 0 0 0 -10 0 0 -1 0 1 0 1 0 0 4871.dat
1 0 -30 -8 -10 0 0 -1 0 1 0 1 0 0 99563.dat
1 0 30 -8 -10 0 0 -1 0 1 0 1 0 0 99563.dat
1 0 0 8 -30 0 0 -1 0 1 0 1 0 0 3068b.dat
1 0 0 16 -40 1 0 0 0 1 0 0 0 1 32803.dat
1 0 0 16 20 -1 0 0 0 1 0 0 0 -1 32803.dat
0 STEP
0 NOFILE
0 FILE 06-01-front-skirt.ldr
0 
0 Name: 06-01-front-skirt.ldr
0 Author: Nathanel Titane // nathanel.titane@gmail.com // All Rights Reserved
1 0 0 0 0 0 0 -1 0 1 0 1 0 0 48336.dat
1 0 0 0 -50 1 0 0 0 1 0 0 0 1 2420.dat
1 0 -30 0 -50 1 0 0 0 1 0 0 0 1 3023.dat
1 0 -30 0 -10 -1 0 0 0 1 0 0 0 -1 43723.dat
0 STEP
1 0 -20 -24 -10 -1 0 0 0 1 0 0 0 -1 42862.dat
1 0 -10 -24 -50 1 0 0 0 1 0 0 0 1 47759.dat
0 STEP
1 71 0 -32 -40 0 0 1 0 1 0 -1 0 0 60478.dat
1 71 -20 -32 -50 0 0 1 0 1 0 -1 0 0 24246.dat
0 STEP
1 0 0 -48 -10 -1 0 0 0 1 0 0 0 -1 50950.dat
1 0 0 -32 -50 1 0 0 0 1 0 0 0 1 54200.dat
0 NOFILE
0 FILE 06-02-front-skirt.ldr
0 
0 Name: 06-02-front-skirt.ldr
0 Author: Nathanel Titane // nathanel.titane@gmail.com // All Rights Reserved
1 0 0 0 0 0 0 1 0 1 0 -1 0 0 48336.dat
1 0 0 0 -50 0 0 -1 0 1 0 1 0 0 2420.dat
1 0 30 0 -50 1 0 0 0 1 0 0 0 1 3023.dat
1 0 30 0 -10 -1 0 0 0 1 0 0 0 -1 43722.dat
0 STEP
1 0 20 -24 -10 -1 0 0 0 1 0 0 0 -1 48165.dat
1 0 10 -24 -50 1 0 0 0 1 0 0 0 1 47759.dat
0 STEP
1 71 0 -32 -40 0 0 1 0 1 0 -1 0 0 60478.dat
1 71 20 -32 -50 0 0 -1 0 1 0 1 0 0 24246.dat
0 STEP
1 0 0 -48 -10 -1 0 0 0 1 0 0 0 -1 50950.dat
1 0 0 -32 -50 1 0 0 0 1 0 0 0 1 54200.dat
0 NOFILE
0 FILE 07-cockpit.ldr
0 
0 Name: 07-cockpit.ldr
0 Author: Nathanel Titane // nathanel.titane@gmail.com // All Rights Reserved
1 72 0 0 0 1 0 0 0 1 0 0 0 1 27168.dat
1 14 -50 -44 0 0 0.984808 0.173648 0 -0.173648 0.984808 1 0 0 2851.dat
1 14 50 -44 0 0 -0.984808 0.173648 0 -0.173648 -0.984808 1 0 0 2851.dat
0 STEP
1 4 -20 -28 32 -1 0 0 0 0 -1 0 -1 0 26601.dat
1 4 20 -28 32 0 0 -1 1 0 0 0 -1 0 26601.dat
1 4 0 2 32 -1 0 0 0 0 -1 0 -1 0 99780.dat
0 STEP
1 71 0 2 40 -1 0 0 0 0 -1 0 -1 0 3023.dat
1 71 0 -48 40 0 0 1 -1 0 0 0 -1 0 3020.dat
0 STEP
1 71 0 -68 48 0 0 1 -1 0 0 0 -1 0 87580.dat
1 71 0 -68 56 0 0 1 -1 0 0 0 -1 0 3022.dat
0 STEP
1 71 -10 -8 48 0 0 1 -1 0 0 0 -1 0 14704.dat
1 71 10 -8 48 0 0 -1 1 0 0 0 -1 0 14704.dat
0 STEP
1 4 0 -38 40 1 0 0 0 0 1 0 -1 0 85984.dat
1 4 0 -8 56 1 0 0 0 0 1 0 -1 0 3068b.dat
0 STEP
1 0 -30 -38 40 0 0 1 -1 0 0 0 -1 0 36841.dat
1 0 30 -38 40 0 0 -1 1 0 0 0 -1 0 36841.dat
0 STEP
1 72 -32 -68 18 0 -1 0 -1 0 0 0 0 -1 99207.dat
1 72 32 -68 18 0 1 0 1 0 0 0 0 -1 99207.dat
1 72 -32 -68 18 0 -1 0 1 0 0 0 0 1 85984.dat
1 72 32 -68 18 0 1 0 -1 0 0 0 0 1 85984.dat
0 STEP
1 72 -30 -68 56 0 0 1 -1 0 0 0 -1 0 32000.dat
1 72 30 -68 56 0 0 1 -1 0 0 0 -1 0 32000.dat
0 STEP
1 0 -30 -58 64 -1 0 0 0 0 -1 0 -1 0 28192.dat
1 0 30 -58 64 -1 0 0 0 0 -1 0 -1 0 28192.dat
0 STEP
1 0 0 -58 64 -1 0 0 0 0 -1 0 -1 0 48336.dat
1 0 -20 -78 64 1 0 0 0 0 1 0 -1 0 60470.dat
1 0 20 -78 64 1 0 0 0 0 1 0 -1 0 60470.dat
0 STEP
1 0 -30 -58 72 0 0 1 -1 0 0 0 -1 0 27263.dat
1 0 30 -58 72 -1 0 0 0 0 -1 0 -1 0 27263.dat
1 72 0 -78 72 -1 0 0 0 0 -1 0 -1 0 3023.dat
0 STEP
1 0 -50 -58 46 -1 0 0 0 0 -1 0 -1 0 18651.dat
1 0 -50 -78 46 -1 0 0 0 0 -1 0 -1 0 18651.dat
0 STEP
1 0 50 -58 46 1 0 0 0 0 -1 0 1 0 18651.dat
1 0 50 -78 46 1 0 0 0 0 -1 0 1 0 18651.dat
0 STEP
1 0 -60 -38 66 -1 0 0 0 -1 0 0 0 1 92907.dat
1 0 60 -38 66 -1 0 0 0 -1 0 0 0 1 92907.dat
1 0 -60.0001 -98 46 0 0 1 0 1 0 -1 0 0 18651.dat
1 0 60 -98 46 0 0 1 0 1 0 -1 0 0 18651.dat
1 0 -60 -78 46 0 0 -1 0 1 0 1 0 0 42003.dat
1 0 60 -78 46 0 0 -1 0 1 0 1 0 0 42003.dat
0 STEP
1 0 -55 -78 66 0 1 0 0 0 1 1 0 0 41677.dat
1 0 -65 -78 66 0 1 0 0 0 1 1 0 0 41677.dat
1 0 55 -78 66 0 -1 0 0 0 1 -1 0 0 41677.dat
1 0 65 -78 66 0 -1 0 0 0 1 -1 0 0 41677.dat
1 0 -60 -58 66 1 0 0 0 -1 0 0 0 -1 32062.dat
1 0 60 -58 66 1 0 0 0 -1 0 0 0 -1 32062.dat
0 STEP
1 0 -60 -98 66 1 0 0 0 1 0 0 0 1 92907.dat
1 0 60 -98 66 1 0 0 0 1 0 0 0 1 92907.dat
1 0 -60 -98 16 0 1 0 0 0 1 1 0 0 32174.dat
1 0 60 -98 16 0 1 0 0 0 1 1 0 0 32174.dat
1 0 -60 -78 66 1 0 0 0 0 1 0 -1 0 32062.dat
1 0 60 -78 66 1 0 0 0 0 1 0 -1 0 32062.dat
0 STEP
1 0 -10 -32.8038 65 0 0 1 0.5 0.866025 0 -0.866025 0.5 0 2555.dat
1 0 10 -32.8039 65 0 0 1 0.5 0.866025 0 -0.866025 0.5 0 2555.dat
1 0 -10 -25.8756 69 0 0 1 0.5 0.866025 0 -0.866025 0.5 0 3005.dat
1 0 10 -25.8756 69 0 0 1 0.5 0.866025 0 -0.866025 0.5 0 3005.dat
0 STEP
1 0 0 -10 -32 1 0 0 0 0 -1 0 1 0 08-bottom-hatch.ldr
0 STEP
1 0 -30 -96 32 -1 0 0 0 -1 0 0 0 1 09-01-hatch-hinge.ldr
1 0 30 -96 32 -1 0 0 0 -1 0 0 0 1 09-02-hatch-hinge.ldr
0 STEP
1 0 0 -63.6852 -52.0109 1 0 0 0 -0.173647 -0.984808 0 0.984808 -0.173647 09-03-front-hatch.ldr
0 STEP
1 0 0 -96 42 -1 0 0 0 -1 0 0 0 1 09-04-top-hatch.ldr
0 STEP
