0 FILE 00-model.ldr
0 Name: 00-model.ldr
0 Author: Nathanel Titane // nathanel.titane@gmail.com // All Rights Reserved
0 !LEOCAD PIECE PIVOT  0 -62 180 1 0 0 0 1 0 0 0 1
1 0 0 56 -210 1 0 0 0 1 0 0 0 1 01-cockpit.ldr
0 STEP
1 0 -60 0 0 1 0 0 0 1 0 0 0 1 02-01-hinge.ldr
0 STEP
1 0 60 0 0 1 0 0 0 1 0 0 0 1 02-02-hinge.ldr
0 STEP
0 !LEOCAD PIECE PIVOT  0 2 -80 1 0 0 0 1 0 0 0 1
1 0 0 -8 130 1 0 0 0 1 0 0 0 1 03-back.ldr
0 STEP
0 NOFILE
0 FILE 01-cockpit.ldr
0 Name: 01-cockpit.ldr
0 Author: Nathanel Titane // nathanel.titane@gmail.com // All Rights Reserved
1 15 0 0 0 1 0 0 0 1 0 0 0 1 32803.dat
1 15 0 0 60 -1 0 0 0 1 0 0 0 -1 32803.dat
1 0 0 -16 30 -1 0 0 0 1 0 0 0 -1 48172.dat
0 STEP
1 15 0 -24 90 0 0 1 0 1 0 -1 0 0 4854.dat
1 15 0 -24 -30 0 0 1 0 1 0 -1 0 0 4854.dat
0 STEP
1 72 0 -32 120 -1 0 0 0 1 0 0 0 -1 3937.dat
1 71 0 -32 120 1 0 0 0 1 0 0 0 1 6134.dat
1 0 0 -40 100 1 0 0 0 1 0 0 0 1 2432.dat
1 0 0 -16 70 -1 0 0 0 1 0 0 0 -1 33909.dat
0 STEP
1 0 0 -16 -50 0 0 -1 0 1 0 1 0 0 3795.dat
1 15 0 -24 -90 1 0 0 0 1 0 0 0 1 43713.dat
0 STEP
1 0 0 -24 30 0 0 1 0 1 0 -1 0 0 87079.dat
1 72 0 -56 130 0 0 -1 0 1 0 1 0 0 92013.dat
0 STEP
1 71 0 -40 -20 1 0 0 0 1 0 0 0 1 73109.dat
1 71 0 -40 -100 1 0 0 0 1 0 0 0 1 3700.dat
0 STEP
1 0 -30 -32 -30 0 0 -1 0 1 0 1 0 0 3023.dat
1 0 30 -32 -30 0 0 -1 0 1 0 1 0 0 3023.dat
1 15 -30 -32 -80 0 0 -1 0 1 0 1 0 0 3623.dat
1 15 30 -32 -80 0 0 -1 0 1 0 1 0 0 3623.dat
1 15 0 -32 -170 1 0 0 0 1 0 0 0 1 43719.dat
0 STEP
1 71 0 -48 -70 0 0 -1 0 1 0 1 0 0 3795.dat
1 71 0 -56 -20 1 0 0 0 1 0 0 0 1 3794b.dat
0 STEP
1 72 0 -56 0 -1 0 0 0 1 0 0 0 -1 3937.dat
0 !LEOCAD PIECE PIVOT  0 10 0 1 0 0 0 1 0 0 0 1
1 71 0 -51 8.6603 1 0 0 0 0.5 0.866025 0 -0.866025 0.5 3938.dat
1 72 0 -55 15.5885 1 0 0 0 0.5 0.866025 0 -0.866025 0.5 32028.dat
1 72 0 -55 15.5885 -1 0 0 0 0.5 -0.866025 0 -0.866025 -0.5 85984.dat
0 STEP
1 15 0 -56 -150 1 0 0 0 1 0 0 0 1 47753.dat
1 15 -10 -56 -100 0 0 1 0 1 0 -1 0 0 28192.dat
1 15 -10 -56 -80 0 0 1 0 1 0 -1 0 0 28192.dat
1 15 -10 -56 -60 0 0 1 0 1 0 -1 0 0 28192.dat
1 71 -10 -56 -40 0 0 1 0 1 0 -1 0 0 28192.dat
1 15 10 -56 -100 0 0 -1 0 1 0 1 0 0 28192.dat
1 15 10 -56 -80 0 0 -1 0 1 0 1 0 0 28192.dat
1 15 10 -56 -60 0 0 -1 0 1 0 1 0 0 28192.dat
1 71 10 -56 -40 0 0 -1 0 1 0 1 0 0 28192.dat
0 STEP
1 15 -30 -48 50 0 0 1 0 1 0 -1 0 0 3009.dat
1 15 30 -48 50 0 0 1 0 1 0 -1 0 0 3009.dat
1 15 -30 -48 120 -1 0 0 0 1 0 0 0 -1 4287.dat
1 15 30 -48 120 -1 0 0 0 1 0 0 0 -1 4287.dat
0 STEP
1 71 -30 -56 0 1 0 0 0 1 0 0 0 1 28192.dat
1 71 30 -56 0 1 0 0 0 1 0 0 0 1 28192.dat
1 71 -30 -56 70 0 0 -1 0 1 0 1 0 0 6636.dat
1 71 30 -56 70 0 0 -1 0 1 0 1 0 0 6636.dat
0 STEP
1 71 -50 -56 150 1 0 0 0 1 0 0 0 1 3021.dat
1 71 50 -56 150 1 0 0 0 1 0 0 0 1 3021.dat
1 71 -60 -48 150 1 0 0 0 1 0 0 0 1 11203.dat
1 71 60 -48 150 1 0 0 0 1 0 0 0 1 11203.dat
1 71 -60 -64 160 -1 0 0 0 1 0 0 0 -1 60471.dat
1 71 60 -64 160 -1 0 0 0 1 0 0 0 -1 60471.dat
0 STEP
1 71 -30 -80 150 0 0 -1 0 1 0 1 0 0 73109.dat
1 71 30 -80 150 0 0 1 0 1 0 -1 0 0 73109.dat
0 STEP
1 72 0 -80 140 -1 0 0 0 1 0 0 0 -1 3937.dat
1 71 0 -80 140 1 0 0 0 1 0 0 0 1 6134.dat
0 STEP
1 72 0 -80 120 1 0 0 0 1 0 0 0 1 3937.dat
0 !LEOCAD PIECE PIVOT  0 10 0 1 0 0 0 1 0 0 0 1
1 71 0 -75 111.3397 -1 0 0 0 0.5 0.866025 0 0.866025 -0.5 3938.dat
1 72 0 -91 83.6269 1 0 0 0 0.5 -0.866025 0 0.866025 0.5 2432.dat
0 STEP
1 0 -20 -88 160 0 0 1 0 1 0 -1 0 0 92946.dat
1 0 -20 -88 140 0 0 1 0 1 0 -1 0 0 92946.dat
1 0 20 -88 160 0 0 -1 0 1 0 1 0 0 92946.dat
1 0 20 -88 140 0 0 -1 0 1 0 1 0 0 92946.dat
0 STEP
1 0 -10 -96 150 0 0 1 0 1 0 -1 0 0 92280.dat
1 0 10 -96 150 0 0 1 0 1 0 -1 0 0 92280.dat
1 0 0 -104 160 -1 0 0 0 1 0 0 0 -1 3069b.dat
0 STEP
1 71 -80 -72 160 1 0 0 0 1 0 0 0 1 3023.dat
1 71 80 -72 160 1 0 0 0 1 0 0 0 1 3023.dat
1 71 -90 -64 160 -1 0 0 0 1 0 0 0 -1 4081b.dat
1 71 90 -64 160 -1 0 0 0 1 0 0 0 -1 4081b.dat
0 STEP
1 0 -70 -72 120 1 0 0 0 1 0 0 0 1 50950.dat
1 0 70 -72 120 1 0 0 0 1 0 0 0 1 50950.dat
1 15 70 -48 100 1 0 0 0 1 0 0 0 1 2450.dat
1 15 -70 -48 100 0 0 1 0 1 0 -1 0 0 2450.dat
0 STEP
1 15 -90 -56 160 -1 0 0 0 1 0 0 0 -1 24201.dat
1 15 90 -56 160 -1 0 0 0 1 0 0 0 -1 24201.dat
1 15 -90 -72 140 1 0 0 0 1 0 0 0 1 3040.dat
1 15 90 -72 140 1 0 0 0 1 0 0 0 1 3040.dat
0 STEP
1 0 -50 -72 100 1 0 0 0 1 0 0 0 1 50950.dat
1 0 50 -72 100 1 0 0 0 1 0 0 0 1 50950.dat
0 STEP
1 15 -102 -62 180 0 1 0 0 0 -1 -1 0 0 24246.dat
1 15 102 -62 180 0 -1 0 0 0 -1 1 0 0 24246.dat
0 STEP
1 15 -70 -80 130 0 0 1 0 1 0 -1 0 0 43723.dat
1 15 70 -80 130 0 0 -1 0 1 0 1 0 0 43722.dat
1 15 -70 -80 170 -1 0 0 0 1 0 0 0 -1 26603.dat
1 15 70 -80 170 -1 0 0 0 1 0 0 0 -1 26603.dat
0 STEP
1 47 0 -102 140 1 0 0 0 1 0 0 0 1 92579.dat
0 STEP
0 !LEOCAD PIECE PIVOT  0 -14 60 1 0 0 0 1 0 0 0 1
1 0 -60 13.1761 88.5515 -1 0 0 0 0.996195 -0.087156 0 -0.087156 -0.996195 13-01-hip.ldr
0 STEP
0 !LEOCAD PIECE PIVOT  0 -14 60 1 0 0 0 1 0 0 0 1
1 0 60 13.1761 88.5515 -1 0 0 0 0.996195 -0.087156 0 -0.087156 -0.996195 13-02-hip.ldr
0 STEP
0 !LEOCAD PIECE PIVOT  0 -59 -30 1 0 0 0 1 0 0 0 1
1 0 0 13.0001 200 1 0 0 0 1 0 0 0 1 14-head.ldr
0 NOFILE
0 FILE 02-01-hinge.ldr
0 Name: 02-01-hinge.ldr
0 Author: Nathanel Titane // nathanel.titane@gmail.com // All Rights Reserved
1 71 0 0 0 1 0 0 0 1 0 0 0 1 3679.dat
1 0 0 -8 -10 1 0 0 0 1 0 0 0 1 44567a.dat
0 STEP
1 0 -10 -8 20 0 0 -1 0 1 0 1 0 0 44301a.dat
1 0 10 -8 20 0 0 -1 0 1 0 1 0 0 44301a.dat
0 STEP
1 0 10 -16 10 0 0 -1 0 1 0 1 0 0 63864.dat
1 0 -10 -16 0 0 0 1 0 1 0 -1 0 0 99781.dat
1 0 -10 -16 30 0 0 1 0 1 0 -1 0 0 36841.dat
0 STEP
1 15 -32 4 10 0 1 0 1 0 0 0 0 -1 43723.dat
0 STEP
1 15 -40 -6 0 0 1 0 0 0 1 1 0 0 3069b.dat
1 15 -24 -6 40 0 1 0 1 0 0 0 0 -1 11477.dat
0 STEP
1 15 -20 -24 20 -1 0 0 0 1 0 0 0 -1 41770.dat
1 15 -10 -32 30 0 0 1 0 1 0 -1 0 0 3623.dat
0 STEP
1 15 -10 -40 40 0 0 1 0 1 0 -1 0 0 99563.dat
1 15 -10 -24 0 1 0 0 0 1 0 0 0 1 11477.dat
0 NOFILE
0 FILE 02-02-hinge.ldr
0 Name: 02-02-hinge.ldr
0 Author: Nathanel Titane // nathanel.titane@gmail.com // All Rights Reserved
1 71 0 0 0 1 0 0 0 1 0 0 0 1 3679.dat
1 0 0 -8 -10 1 0 0 0 1 0 0 0 1 44567a.dat
0 STEP
1 0 -10 -8 20 0 0 -1 0 1 0 1 0 0 44301a.dat
1 0 10 -8 20 0 0 -1 0 1 0 1 0 0 44301a.dat
0 STEP
1 0 -10 -16 10 0 0 -1 0 1 0 1 0 0 63864.dat
1 0 10 -16 0 0 0 -1 0 1 0 1 0 0 99781.dat
1 0 10 -16 30 0 0 -1 0 1 0 1 0 0 36841.dat
0 STEP
1 15 32 4 10 0 -1 0 -1 0 0 0 0 -1 43722.dat
0 STEP
1 15 40 -6 0 0 -1 0 0 0 -1 1 0 0 3069b.dat
1 15 24 -6 40 0 -1 0 -1 0 0 0 0 -1 11477.dat
0 STEP
1 15 20 -24 20 -1 0 0 0 1 0 0 0 -1 41769.dat
1 15 10 -32 30 0 0 1 0 1 0 -1 0 0 3623.dat
0 STEP
1 15 10 -40 40 0 0 1 0 1 0 -1 0 0 99563.dat
1 15 10 -24 0 1 0 0 0 1 0 0 0 1 11477.dat
0 NOFILE
0 FILE 03-back.ldr
0 Name: 03-back.ldr
0 Author: Nathanel Titane // nathanel.titane@gmail.com // All Rights Reserved
1 71 0 10 -20 0 0 -1 1 0 0 0 -1 0 43857.dat
1 0 10 10 -10 0 0 1 0 1 0 -1 0 0 2780.dat
1 0 -10 10 -10 0 0 -1 0 1 0 1 0 0 2780.dat
0 STEP
1 71 -20 0 0 1 0 0 0 1 0 0 0 1 18677.dat
1 71 20 0 0 -1 0 0 0 1 0 0 0 -1 18677.dat
0 STEP
1 0 10 10 -70 0 0 1 1 0 0 0 1 0 30374.dat
1 0 -10 10 -70 0 0 -1 -1 0 0 0 1 0 30374.dat
0 STEP
1 71 0 10 -40 0 0 -1 1 0 0 0 -1 0 43857.dat
1 0 10 10 -50 0 0 1 0 1 0 -1 0 0 2780.dat
1 0 -10 10 -50 0 0 -1 0 1 0 1 0 0 2780.dat
0 STEP
1 71 -20 0 -60 1 0 0 0 1 0 0 0 1 18677.dat
1 71 20 0 -60 -1 0 0 0 1 0 0 0 -1 18677.dat
0 STEP
1 0 -40 8 0 -1 0 0 0 1 0 0 0 -1 3023.dat
1 0 40 8 0 -1 0 0 0 1 0 0 0 -1 3023.dat
1 71 60 0 0 1 0 0 0 1 0 0 0 1 18677.dat
1 71 -60 0 0 -1 0 0 0 1 0 0 0 -1 18677.dat
0 STEP
1 15 -40 8 20 -1 0 0 0 1 0 0 0 -1 32803.dat
1 15 40 8 20 -1 0 0 0 1 0 0 0 -1 32803.dat
1 15 -40 8 20 -1 0 0 0 1 0 0 0 -1 85984.dat
1 15 40 8 20 -1 0 0 0 1 0 0 0 -1 85984.dat
0 STEP
1 0 70 10 -10 0 0 1 0 1 0 -1 0 0 2780.dat
1 0 -70 10 -10 0 0 1 0 1 0 -1 0 0 2780.dat
0 STEP
0 !LEOCAD GROUP BEGIN Group #3
0 !LEOCAD PIECE PIVOT  0 0 -20 1 0 0 0 1 0 0 0 1
1 0 50 10 -20 0 0 -1 1 0 0 0 -1 0 32523.dat
0 !LEOCAD GROUP END
0 !LEOCAD GROUP BEGIN Group #4
0 !LEOCAD PIECE PIVOT  0 0 20 1 0 0 0 1 0 0 0 1
1 0 -50 10 -20 0 0 -1 1 0 0 0 -1 0 32523.dat
0 !LEOCAD GROUP END
0 !LEOCAD GROUP BEGIN Group #3
1 0 30.0001 10 -30 0 0 -1 0 -1 0 -1 0 0 2780.dat
0 !LEOCAD GROUP END
0 !LEOCAD GROUP BEGIN Group #4
1 0 -30 10 -30 0 0 -1 0 -1 0 -1 0 0 2780.dat
0 STEP
0 !LEOCAD GROUP END
0 !LEOCAD GROUP BEGIN Group #2
0 !LEOCAD PIECE PIVOT  0 0 -20 1 0 0 0 1 0 0 0 1
1 0 30 30 -40 0 -1 0 0 0 1 -1 0 0 44809.dat
0 !LEOCAD GROUP END
0 !LEOCAD GROUP BEGIN Group #1
0 !LEOCAD PIECE PIVOT  20 0 0 1 0 0 0 1 0 0 0 1
1 0 -30 30 -40 0 1 0 -1 0 0 0 0 1 44809.dat
0 !LEOCAD GROUP END
0 !LEOCAD GROUP BEGIN Group #2
1 0 30.0001 40 -60 0 -1 0 -1 0 0 0 0 -1 6628.dat
0 !LEOCAD GROUP END
0 !LEOCAD GROUP BEGIN Group #1
1 0 -30 40 -60 0 1 0 -1 0 0 0 0 1 6628.dat
0 STEP
0 !LEOCAD GROUP END
1 71 -30 0 -80 1 0 0 0 1 0 0 0 1 24201.dat
1 71 30 0 -80 1 0 0 0 1 0 0 0 1 24201.dat
1 72 -30 -8 -80 1 0 0 0 1 0 0 0 1 4085d.dat
1 72 30 -8 -80 1 0 0 0 1 0 0 0 1 4085d.dat
0 STEP
1 15 40 -8 -30 -1 0 0 0 1 0 0 0 -1 6179.dat
1 15 -40 -8 -30 -1 0 0 0 1 0 0 0 -1 6179.dat
0 STEP
1 71 -70 0 -50 0 0 1 0 1 0 -1 0 0 44302a.dat
1 71 -50 0 -50 0 0 1 0 1 0 -1 0 0 44302a.dat
1 71 50 0 -50 0 0 1 0 1 0 -1 0 0 44302a.dat
1 71 70 0 -50 0 0 1 0 1 0 -1 0 0 44302a.dat
1 71 -60 8 -50 0 0 1 0 1 0 -1 0 0 11203.dat
1 71 60 8 -50 0 0 1 0 1 0 -1 0 0 11203.dat
0 STEP
1 0 -10 -16 -50 0 0 1 0 1 0 -1 0 0 60478.dat
1 0 10 -16 -50 0 0 1 0 1 0 -1 0 0 60478.dat
1 0 50 -16 -50 0 0 -1 0 1 0 1 0 0 43723.dat
1 0 -50 -16 -50 0 0 1 0 1 0 -1 0 0 43722.dat
0 STEP
1 0 0 -16 -20 -1 0 0 0 1 0 0 0 -1 15208.dat
1 15 -10 -24 -30 0 0 -1 0 1 0 1 0 0 60478.dat
1 15 10 -24 -30 0 0 -1 0 1 0 1 0 0 60478.dat
0 STEP
1 15 0 -16 -50 1 0 0 0 1 0 0 0 1 15068.dat
1 15 0 -32 -20 1 0 0 0 1 0 0 0 1 99563.dat
0 STEP
1 15 -30 -24 -60 1 0 0 0 1 0 0 0 1 3070b.dat
1 15 30 -24 -60 1 0 0 0 1 0 0 0 1 3070b.dat
0 STEP
0 !LEOCAD GROUP BEGIN Group #6
1 15 -80 -24 -50 0.258819 0 -0.965926 0 1 0 0.965926 0 0.258819 2430.dat
0 !LEOCAD GROUP END
1 15 -80 -24 -50 -1 0 0 0 1 0 0 0 -1 2429.dat
1 15 80 -24 -50 -1 0 0 0 1 0 0 0 -1 2430.dat
0 !LEOCAD GROUP BEGIN Group #5
1 15 80 -24 -50 0.258819 0 0.965926 0 1 0 -0.965926 0 0.258819 2429.dat
0 !LEOCAD GROUP END
0 !LEOCAD GROUP BEGIN Group #6
0 !LEOCAD PIECE PIVOT  20 0 20 1 0 0 0 1 0 0 0 1
1 15 -94.1422 -16 -25.5051 -0.258819 0 0.965926 0 1 0 -0.965926 0 -0.258819 15068.dat
0 !LEOCAD GROUP END
0 !LEOCAD GROUP BEGIN Group #5
0 !LEOCAD PIECE PIVOT  -20 0 20 1 0 0 0 1 0 0 0 1
1 15 94.1422 -16 -25.5051 -0.258819 0 -0.965926 0 1 0 0.965926 0 -0.258819 15068.dat
0 STEP
0 !LEOCAD GROUP END
1 71 -40 -16 -100 1 0 0 0 1 0 0 0 1 43723.dat
1 71 40 -16 -100 1 0 0 0 1 0 0 0 1 43722.dat
0 STEP
1 15 -40 -24 -100 1 0 0 0 1 0 0 0 1 43723.dat
1 15 -40 -32 -80 1 0 0 0 1 0 0 0 1 43723.dat
1 15 40 -24 -100 1 0 0 0 1 0 0 0 1 43722.dat
1 15 40 -32 -80 1 0 0 0 1 0 0 0 1 43722.dat
0 STEP
1 15 -50 -16 -130 1 0 0 0 1 0 0 0 1 11477.dat
1 38 -50 -16 -140 1 0 0 0 1 0 0 0 1 3024.dat
1 15 50 -16 -130 1 0 0 0 1 0 0 0 1 11477.dat
1 38 50 -16 -140 1 0 0 0 1 0 0 0 1 3024.dat
0 STEP
1 34 -70 -32 -60 1 0 0 0 1 0 0 0 1 3070b.dat
1 36 70 -32 -60 1 0 0 0 1 0 0 0 1 3070b.dat
0 STEP
0 !LEOCAD PIECE PIVOT  0 2 20 1 0 0 0 1 0 0 0 1
1 0 0 -16 -100 1 0 0 0 1 0 0 0 1 04-air-brake.ldr
0 STEP
0 !LEOCAD PIECE PIVOT  0 2 -20 1 0 0 0 1 0 0 0 1
1 0 0 -42 -2 1 0 0 0 0 -1 0 1 0 05-booster-hinge.ldr
0 STEP
0 !LEOCAD PIECE PIVOT  0 -30 -30 1 0 0 0 1 0 0 0 1
1 0 0 -92 -30 1 0 0 0 -1 0 0 0 -1 06-booster.ldr
0 STEP
0 !LEOCAD GROUP BEGIN Group #6
1 0 -152.0978 -16 -9.9759 0.258819 0 -0.965926 0 1 0 0.965926 0 0.258819 07-01-wing.ldr
0 STEP
0 !LEOCAD GROUP END
0 !LEOCAD GROUP BEGIN Group #5
1 0 152.0978 -16 -9.9759 0.258819 0 0.965926 0 1 0 -0.965926 0 0.258819 07-02-wing.ldr
0 STEP
0 !LEOCAD GROUP END
0 !LEOCAD PIECE PIVOT  0 32 20 1 0 0 0 1 0 0 0 1
1 0 -30 84 -80 -1 0 0 0 -1 0 0 0 1 15-01-shoulder.ldr
0 STEP
0 !LEOCAD PIECE PIVOT  0 32 20 1 0 0 0 1 0 0 0 1
1 0 30 84 -80 -1 0 0 0 -1 0 0 0 1 15-02-shoulder.ldr
0 STEP
1 0 -60 -40 -80 1 0 0 0 1 0 0 0 1 21-01-fast-pack-back.ldr
0 STEP
1 0 60 -40 -80 1 0 0 0 1 0 0 0 1 21-02-fast-pack-back.ldr
0 NOFILE
0 FILE 04-air-brake.ldr
0 Name: 04-air-brake.ldr
0 Author: Nathanel Titane // nathanel.titane@gmail.com // All Rights Reserved
1 0 0 0 0 -1 0 0 0 1 0 0 0 -1 60470.dat
1 0 0 0 -20 1 0 0 0 1 0 0 0 1 32803.dat
0 STEP
1 0 0 -24 -60 -1 0 0 0 1 0 0 0 -1 6069.dat
1 72 0 -16 -60 1 0 0 0 1 0 0 0 1 32803.dat
0 STEP
1 0 -30 0 -60 0 0 -1 0 1 0 1 0 0 4081b.dat
1 0 30 0 -60 0 0 1 0 1 0 -1 0 0 4081b.dat
0 NOFILE
0 FILE 05-booster-hinge.ldr
0 Name: 05-booster-hinge.ldr
0 Author: Nathanel Titane // nathanel.titane@gmail.com // All Rights Reserved
1 15 0 0 0 1 0 0 0 1 0 0 0 1 60470.dat
1 15 0 -8 0 1 0 0 0 1 0 0 0 1 99563.dat
0 STEP
1 15 -10 8 10 0 0 -1 0 1 0 1 0 0 92280.dat
1 15 10 8 10 0 0 -1 0 1 0 1 0 0 92280.dat
0 STEP
1 72 -10 16 0 -1 0 0 0 1 0 0 0 -1 3024.dat
1 72 10 16 0 -1 0 0 0 1 0 0 0 -1 3024.dat
1 72 -10 16 20 -1 0 0 0 1 0 0 0 -1 3024.dat
1 72 10 16 20 -1 0 0 0 1 0 0 0 -1 3024.dat
0 NOFILE
0 FILE 06-booster.ldr
0 Name: 06-booster.ldr
0 Author: Nathanel Titane // nathanel.titane@gmail.com // All Rights Reserved
1 15 0 0 0 0 0 1 0 1 0 -1 0 0 4871.dat
1 72 0 24 0 -0.707107 0 0.707107 0 1 0 -0.707107 0 -0.707107 18674.dat
1 72 0 32 0 -0.707107 0 0.707107 0 1 0 -0.707107 0 -0.707107 2654.dat
0 STEP
1 0 0 8 -40 -1 0 0 0 1 0 0 0 -1 3022.dat
1 72 0 -8 -10 -1 0 0 0 1 0 0 0 -1 24309.dat
1 72 -10 8 -50 1 0 0 0 1 0 0 0 1 54200.dat
1 72 10 8 -50 1 0 0 0 1 0 0 0 1 54200.dat
0 STEP
1 15 -10 16 -40 0 0 -1 0 1 0 1 0 0 18677.dat
1 15 10 16 -40 0 0 -1 0 1 0 1 0 0 18677.dat
0 STEP
1 15 0 24 -50 1 0 0 0 1 0 0 0 1 60478.dat
1 15 0 24 -70 1 0 0 0 1 0 0 0 1 32803.dat
1 15 0 16 -70 1 0 0 0 1 0 0 0 1 99563.dat
0 STEP
1 15 -30 -24 10 -1 0 0 0 1 0 0 0 -1 4287.dat
1 15 -30 -24 -10 1 0 0 0 1 0 0 0 1 4287.dat
1 15 30 -24 10 -1 0 0 0 1 0 0 0 -1 4287.dat
1 15 30 -24 -10 1 0 0 0 1 0 0 0 1 4287.dat
0 STEP
1 72 -30 -32 40 0 0 1 0 1 0 -1 0 0 14417.dat
1 72 30 -32 40 0 0 -1 0 1 0 1 0 0 14417.dat
1 71 -30 -32 -10 0 0 1 0 1 0 -1 0 0 3623.dat
1 71 30 -32 -10 0 0 1 0 1 0 -1 0 0 3623.dat
0 STEP
1 15 -30 -24 -40 1 0 0 0 1 0 0 0 1 11477.dat
1 15 30 -24 -40 1 0 0 0 1 0 0 0 1 11477.dat
0 STEP
1 15 -30 -40 10 0 0 1 0 1 0 -1 0 0 14719.dat
1 15 30 -40 10 -1 0 0 0 1 0 0 0 -1 14719.dat
1 4 0 -32 40 0 0 -1 0 1 0 1 0 0 3020.dat
1 15 0 -24 0 0 0 -1 0 1 0 1 0 0 11203.dat
1 15 0 -24 40 0 0 -1 0 1 0 1 0 0 11203.dat
0 STEP
1 15 0 -32 -10 1 0 0 0 1 0 0 0 1 48336.dat
1 15 0 -40 -10 1 0 0 0 1 0 0 0 1 99563.dat
0 STEP
1 15 0 -40 40 1 0 0 0 1 0 0 0 1 87079.dat
1 15 0 -32 90 -1 0 0 0 1 0 0 0 -1 32803.dat
0 STEP
1 15 0 -40 80 -1 0 0 0 1 0 0 0 -1 51739.dat
1 15 0 -40 90 -1 0 0 0 1 0 0 0 -1 85984.dat
0 STEP
1 0 0 -48 70 1 0 0 0 1 0 0 0 1 3023.dat
1 15 0 -40 60 1 0 0 0 1 0 0 0 1 15068.dat
0 STEP
1 71 20 26 -30 0 1 0 0 0 1 1 0 0 4073.dat
1 71 -20 26 -30 0 -1 0 0 0 -1 1 0 0 4073.dat
0 STEP
0 !LEOCAD GROUP BEGIN Group #1
1 71 -28 26 -30 0 -1 0 -1 0 0 0 0 -1 26047.dat
1 71 -30 26 -10 1 0 0 0 0 -1 0 1 0 11090.dat
1 71 -30 26 10 1 0 0 0 0 -1 0 1 0 30374.dat
0 STEP
0 !LEOCAD GROUP END
0 !LEOCAD PIECE PIVOT  0 -4 -70 1 0 0 0 1 0 0 0 1
1 0 -64.2538 -28.0004 -28.6502 -0.000001 0.965926 -0.258818 1 0.000001 -0.000001 -0.000001 -0.258818 -0.965926 08-01-tail.ldr
0 STEP
0 !LEOCAD PIECE PIVOT  0 -4 -70 1 0 0 0 1 0 0 0 1
1 0 64.2539 -28.0002 -28.6503 0 -0.965926 0.25882 -1 0 -0.000001 0.000001 -0.25882 -0.965926 08-02-tail.ldr
0 NOFILE
0 FILE 07-01-wing.ldr
0 Name: 07-01-wing.ldr
0 Author: Nathanel Titane // nathanel.titane@gmail.com // All Rights Reserved
1 0 -10 0 0 0 0 1 0 1 0 -1 0 0 3460.dat
1 15 30 0 0 1 0 0 0 1 0 0 0 1 50305.dat
1 15 10 0 160 -1 0 0 0 1 0 0 0 -1 50305.dat
0 STEP
1 15 60 0 100 1 0 0 0 1 0 0 0 1 24299.dat
1 15 60 0 200 -1 0 0 0 1 0 0 0 -1 41769.dat
1 15 60 0 140 1 0 0 0 1 0 0 0 1 11203.dat
0 STEP
1 15 0 -8 0 0 0 -1 0 1 0 1 0 0 87079.dat
1 15 0 -8 80 0 0 -1 0 1 0 1 0 0 87079.dat
1 15 40 -8 80 0 0 -1 0 1 0 1 0 0 87079.dat
1 15 40 -8 160 0 0 -1 0 1 0 1 0 0 87079.dat
0 STEP
1 0 40 -8 210 -1 0 0 0 1 0 0 0 -1 3069b.dat
1 14 40 -8 230 -1 0 0 0 1 0 0 0 -1 3069b.dat
1 15 70 -8 140 0 0 -1 0 1 0 1 0 0 3069b.dat
0 STEP
1 15 0 -8 140 0 0 -1 0 1 0 1 0 0 35787.dat
1 15 40 -8 20 0 0 1 0 1 0 -1 0 0 35787.dat
0 STEP
0 !LEOCAD PIECE PIVOT  0 -14 0 1 0 0 0 1 0 0 0 1
1 0 43.523 48 93.6235 0.258819 0.965926 0 0 0 -1 -0.965926 0.258819 0 26-missile-pod.ldr
0 STEP
0 !LEOCAD PIECE PIVOT  0 -14 0 1 0 0 0 1 0 0 0 1
1 0 43.523 48 153.6235 0.258819 0.965926 0 0 0 -1 -0.965926 0.258819 0 26-missile-pod.ldr
0 NOFILE
0 FILE 07-02-wing.ldr
0 Name: 07-02-wing.ldr
0 Author: Nathanel Titane // nathanel.titane@gmail.com // All Rights Reserved
1 0 10 0 0 0 0 1 0 1 0 -1 0 0 3460.dat
1 15 -30 0 0 1 0 0 0 1 0 0 0 1 50304.dat
1 15 -10 0 160 -1 0 0 0 1 0 0 0 -1 50304.dat
0 STEP
1 15 -60 0 100 1 0 0 0 1 0 0 0 1 24307.dat
1 15 -60 0 200 -1 0 0 0 1 0 0 0 -1 41770.dat
1 15 -60 0 140 1 0 0 0 1 0 0 0 1 11203.dat
0 STEP
1 15 0 -8 0 0 0 -1 0 1 0 1 0 0 87079.dat
1 15 0 -8 80 0 0 -1 0 1 0 1 0 0 87079.dat
1 15 -40 -8 80 0 0 -1 0 1 0 1 0 0 87079.dat
1 15 -40 -8 160 0 0 -1 0 1 0 1 0 0 87079.dat
0 STEP
1 0 -40 -8 210 -1 0 0 0 1 0 0 0 -1 3069b.dat
1 14 -40 -8 230 -1 0 0 0 1 0 0 0 -1 3069b.dat
1 15 -70 -8 140 0 0 -1 0 1 0 1 0 0 3069b.dat
0 STEP
1 15 0 -8 140 1 0 0 0 1 0 0 0 1 35787.dat
1 15 -40 -8 20 -1 0 0 0 1 0 0 0 -1 35787.dat
0 STEP
0 !LEOCAD PIECE PIVOT  0 -14 0 1 0 0 0 1 0 0 0 1
1 0 -43.523 48 93.6235 0.258819 -0.965926 0 0 0 -1 0.965926 0.258819 0 26-missile-pod.ldr
0 STEP
0 !LEOCAD PIECE PIVOT  0 -14 0 1 0 0 0 1 0 0 0 1
1 0 -43.523 48 153.6235 0.258819 -0.965926 0 0 0 -1 0.965926 0.258819 0 26-missile-pod.ldr
0 NOFILE
0 FILE 08-01-tail.ldr
0 Name: 08-01-tail.ldr
0 Author: Nathanel Titane // nathanel.titane@gmail.com // All Rights Reserved
1 15 30 0 0 -1 0 0 0 1 0 0 0 -1 54383.dat
1 15 -20 0 -20 1 0 0 0 1 0 0 0 1 41769.dat
1 15 -20 0 40 -1 0 0 0 1 0 0 0 -1 24299.dat
0 STEP
1 71 0 -8 -50 1 0 0 0 1 0 0 0 1 14704.dat
1 15 0 -8 -10 0 0 -1 0 1 0 1 0 0 26603.dat
1 0 0 -8 30 1 0 0 0 1 0 0 0 1 3069b.dat
1 14 0 -8 50 1 0 0 0 1 0 0 0 1 3069b.dat
0 STEP
1 15 -20 0 -50 0 0 1 0 1 0 -1 0 0 29120.dat
1 15 20 0 -50 0 0 -1 0 1 0 1 0 0 29120.dat
0 NOFILE
0 FILE 08-02-tail.ldr
0 Name: 08-02-tail.ldr
0 Author: Nathanel Titane // nathanel.titane@gmail.com // All Rights Reserved
1 15 -30 0 0 -1 0 0 0 1 0 0 0 -1 54384.dat
1 15 20 0 -20 1 0 0 0 1 0 0 0 1 41770.dat
1 15 20 0 40 -1 0 0 0 1 0 0 0 -1 24307.dat
0 STEP
1 71 0 -8 -50 1 0 0 0 1 0 0 0 1 14704.dat
1 15 0 -8 -10 0 0 -1 0 1 0 1 0 0 26603.dat
1 0 0 -8 30 1 0 0 0 1 0 0 0 1 3069b.dat
1 14 0 -8 50 1 0 0 0 1 0 0 0 1 3069b.dat
0 STEP
1 15 -20 0 -50 0 0 1 0 1 0 -1 0 0 29119.dat
1 15 20 0 -50 0 0 -1 0 1 0 1 0 0 29119.dat
0 NOFILE
0 FILE 09-toe.ldr
0 Name: 09-toe.ldr
0 Author: Nathanel Titane // nathanel.titane@gmail.com // All Rights Reserved
1 0 -10 24 10 0 0 -1 0 1 0 1 0 0 3024.dat
1 0 10 24 10 0 0 -1 0 1 0 1 0 0 3024.dat
1 0 0 24 -20 0 0 -1 0 1 0 1 0 0 11203.dat
0 STEP
1 0 0 0 0 0 0 -1 0 1 0 1 0 0 92013.dat
1 0 0 0 -40 0 0 -1 0 1 0 1 0 0 3003.dat
0 STEP
1 0 0 16 -70 1 0 0 0 1 0 0 0 1 32803.dat
1 0 -10 -8 -50 1 0 0 0 1 0 0 0 1 28192.dat
1 0 10 -8 -50 1 0 0 0 1 0 0 0 1 28192.dat
0 STEP
1 0 0 -8 -10 0 0 -1 0 1 0 1 0 0 26603.dat
0 NOFILE
0 FILE 10-01-shin.ldr
0 Name: 10-01-shin.ldr
0 Author: Nathanel Titane // nathanel.titane@gmail.com // All Rights Reserved
1 15 0 0 0 0 0 1 0 1 0 -1 0 0 3795.dat
0 STEP
1 15 0 8 20 0 0 1 0 1 0 -1 0 0 11203.dat
1 15 0 8 -20 0 0 1 0 1 0 -1 0 0 3022.dat
1 15 0 0 70 -1 0 0 0 1 0 0 0 -1 32803.dat
1 15 0 0 -70 1 0 0 0 1 0 0 0 1 32803.dat
0 STEP
1 71 -10 -24 -10 0 0 1 0 1 0 -1 0 0 4070.dat
1 71 10 -24 -10 0 0 -1 0 1 0 1 0 0 4070.dat
1 71 -10 -24 -30 0 0 1 0 1 0 -1 0 0 4070.dat
1 71 10 -24 -30 0 0 -1 0 1 0 1 0 0 4070.dat
0 STEP
1 72 -24 -14 -20 0 1 0 0 0 -1 -1 0 0 3023.dat
1 72 24 -14 -20 0 -1 0 0 0 -1 1 0 0 3023.dat
1 15 24 -14 -20 0 -1 0 0 0 -1 1 0 0 85984.dat
0 STEP
1 15 0 -24 40 0 0 -1 0 1 0 1 0 0 4854.dat
1 15 0 -24 -60 0 0 -1 0 1 0 1 0 0 4871.dat
1 15 0 -16 40 0 0 -1 0 1 0 1 0 0 87079.dat
0 STEP
1 72 0 -32 -50 -1 0 0 0 1 0 0 0 -1 32064.dat
1 72 0 -32 -70 -1 0 0 0 1 0 0 0 -1 32064.dat
0 STEP
1 72 0 -48 -20 0 0 -1 0 1 0 1 0 0 48171.dat
1 0 0 -38 20 0 -1 0 0 0 -1 1 0 0 47455.dat
0 STEP
1 72 0 -48 -70 1 0 0 0 1 0 0 0 1 99206.dat
1 72 0 -64 -50 -1 0 0 0 1 0 0 0 -1 3004.dat
0 STEP
1 72 0 -64 -10 -1 0 0 0 1 0 0 0 -1 99206.dat
1 72 0 -64 -30 -1 0 0 0 1 0 0 0 -1 3023.dat
0 STEP
1 72 0 -72 -70 -1 0 0 0 1 0 0 0 -1 32064.dat
0 STEP
1 72 0 -88 -10 -1 0 0 0 1 0 0 0 -1 32000.dat
1 72 0 -88 -40 -1 0 0 0 1 0 0 0 -1 3003.dat
0 STEP
1 0 0 -22 -70 0 0 -1 0 1 0 1 0 0 4519.dat
1 0 0 -22 -90 0 0 1 1 0 0 0 1 0 32474.dat
0 STEP
1 0 0 -62 -80 0 0 -1 0 1 0 1 0 0 32062.dat
1 0 0 -62 -90 0 0 -1 -1 0 0 0 1 0 32474.dat
0 STEP
0 !LEOCAD PIECE PIVOT  0 10 0 1 0 0 0 1 0 0 0 1
1 71 0 -78 0 -1 0 0 0 0 1 0 1 0 3938.dat
0 !LEOCAD GROUP BEGIN Group #5
0 !LEOCAD PIECE PIVOT  0 10 0 1 0 0 0 1 0 0 0 1
1 15 0 -78 0 -1 0 0 0 0 1 0 1 0 3937.dat
0 !LEOCAD PIECE PIVOT  0 10 0 1 0 0 0 1 0 0 0 1
1 71 0 -78 24 -1 0 0 0 0 1 0 1 0 3938.dat
0 !LEOCAD GROUP END
0 !LEOCAD GROUP BEGIN Group #4
0 !LEOCAD PIECE PIVOT  0 10 0 1 0 0 0 1 0 0 0 1
1 15 0 -78 24 -1 0 0 0 0 1 0 1 0 3937.dat
0 !LEOCAD PIECE PIVOT  0 10 0 1 0 0 0 1 0 0 0 1
1 71 0 -78 48 -1 0 0 0 0 1 0 1 0 3938.dat
0 !LEOCAD GROUP END
0 !LEOCAD GROUP BEGIN Group #3
0 !LEOCAD PIECE PIVOT  0 10 0 1 0 0 0 1 0 0 0 1
1 15 0 -78 48 -1 0 0 0 0 1 0 1 0 3937.dat
0 !LEOCAD PIECE PIVOT  0 10 0 1 0 0 0 1 0 0 0 1
1 71 0 -78 72 -1 0 0 0 0 1 0 1 0 3938.dat
0 !LEOCAD GROUP END
0 !LEOCAD GROUP BEGIN Group #2
0 !LEOCAD PIECE PIVOT  0 10 0 1 0 0 0 1 0 0 0 1
1 15 0 -78 72 -1 0 0 0 0 1 0 1 0 3937.dat
0 STEP
0 !LEOCAD GROUP END
1 15 -30 -48 60 0 0 -1 0 1 0 1 0 0 3010.dat
1 15 -30 -72 60 0 0 -1 0 1 0 1 0 0 3010.dat
0 STEP
1 15 -30 -32 110 -1 0 0 0 1 0 0 0 -1 24201.dat
1 34 -30 -40 110 0 0 1 0 1 0 -1 0 0 3024.dat
1 15 -30 -64 110 -1 0 0 0 1 0 0 0 -1 4070.dat
1 15 -30 -64 100 -1 0 0 0 1 0 0 0 -1 11477.dat
0 STEP
1 0 -30 -32 -20 0 0 -1 0 1 0 1 0 0 3710.dat
1 72 -30 -40 -50 0 0 -1 0 1 0 1 0 0 3024.dat
1 15 -30 -56 10 1 0 0 0 1 0 0 0 1 4286.dat
0 STEP
1 72 -30 -64 10 0 0 -1 0 1 0 1 0 0 3024.dat
1 15 -30 -64 -50 -1 0 0 0 1 0 0 0 -1 4287.dat
1 14 -30 -72 -40 0 0 1 0 1 0 -1 0 0 2540.dat
1 0 -30 -72 0 0 0 1 0 1 0 -1 0 0 2540.dat
0 STEP
1 0 -50 -70 20 -0.5 0 -0.866026 0.866026 0 -0.5 0 -1 0 44676.dat
1 14 -50 -70 -60 0.5 0 -0.866026 -0.866026 0 -0.5 0 1 0 44676.dat
0 STEP
1 15 -30 -48 -80 0 0 -1 0 1 0 1 0 0 3004.dat
1 15 -30 -72 -80 0 0 -1 0 1 0 1 0 0 3004.dat
0 STEP
1 15 -30 -32 -110 1 0 0 0 1 0 0 0 1 24201.dat
1 71 -30 -40 -110 0 0 -1 0 1 0 1 0 0 3024.dat
1 15 -30 -64 -110 1 0 0 0 1 0 0 0 1 4070.dat
1 15 -30 -64 -100 1 0 0 0 1 0 0 0 1 11477.dat
0 STEP
1 15 30 -48 0 0 0 -1 0 1 0 1 0 0 6111.dat
1 15 30 -72 0 0 0 -1 0 1 0 1 0 0 6111.dat
0 STEP
1 15 30 -32 110 -1 0 0 0 1 0 0 0 -1 24201.dat
1 15 30 -40 110 0 0 1 0 1 0 -1 0 0 3024.dat
1 15 30 -64 110 -1 0 0 0 1 0 0 0 -1 4070.dat
1 15 30 -64 100 -1 0 0 0 1 0 0 0 -1 11477.dat
0 STEP
1 15 30 -32 -110 1 0 0 0 1 0 0 0 1 24201.dat
1 71 30 -40 -110 0 0 -1 0 1 0 1 0 0 3024.dat
1 15 30 -64 -110 1 0 0 0 1 0 0 0 1 4070.dat
1 15 30 -64 -100 1 0 0 0 1 0 0 0 1 11477.dat
0 STEP
1 15 -20 -80 -70 0 0 1 0 1 0 -1 0 0 15672.dat
1 15 20 -80 -70 0 0 -1 0 1 0 1 0 0 15672.dat
0 STEP
1 15 -10 -96 -50 0 0 1 0 1 0 -1 0 0 28192.dat
1 15 -10 -96 -30 0 0 1 0 1 0 -1 0 0 28192.dat
1 15 -10 -96 -10 0 0 1 0 1 0 -1 0 0 28192.dat
1 15 10 -96 -50 0 0 -1 0 1 0 1 0 0 28192.dat
1 15 10 -96 -30 0 0 -1 0 1 0 1 0 0 28192.dat
1 15 10 -96 -10 0 0 -1 0 1 0 1 0 0 28192.dat
0 STEP
1 15 -30 -72 20 0 0 1 0 1 0 -1 0 0 85984.dat
1 15 -30 -72 60 0 0 1 0 1 0 -1 0 0 85984.dat
1 15 30 -72 20 0 0 -1 0 1 0 1 0 0 85984.dat
1 15 30 -72 60 0 0 -1 0 1 0 1 0 0 85984.dat
0 STEP
1 71 -10 -88 -70 0 0 1 0 1 0 -1 0 0 2555.dat
1 71 10 -88 -70 0 0 1 0 1 0 -1 0 0 2555.dat
0 STEP
0 !LEOCAD GROUP BEGIN Group #1
0 !LEOCAD PIECE PIVOT  0 2 -20 1 0 0 0 1 0 0 0 1
1 15 0 -96 -90 -1 0 0 0 1 0 0 0 -1 48336.dat
0 STEP
1 15 -10 -88 -100 1 0 0 0 1 0 0 0 1 11477.dat
1 15 10 -88 -100 1 0 0 0 1 0 0 0 1 11477.dat
0 STEP
0 !LEOCAD GROUP END
0 !LEOCAD PIECE PIVOT  0 10 40 1 0 0 0 1 0 0 0 1
1 0 0 -32 -130 1 0 0 0 1 0 0 0 1 09-toe.ldr
0 STEP
0 !LEOCAD PIECE PIVOT  0 10 40 1 0 0 0 1 0 0 0 1
1 0 0 -52 -130 -1 0 0 0 -1 0 0 0 1 09-toe.ldr
0 STEP
0 !LEOCAD PIECE PIVOT  0 -14 60 1 0 0 0 1 0 0 0 1
1 0 0 -24 120 -1 0 0 0 1 0 0 0 -1 11-01-knee.ldr
0 STEP
0 !LEOCAD GROUP BEGIN Group #2
1 0 0 -84 106 1 0 0 0 1 0 0 0 1 11-02-knee-cap.ldr
0 STEP
0 !LEOCAD GROUP END
1 0 -48 -44 0 0 1 0 -1 0 0 0 0 1 23-01-fast-pack-shin.ldr
0 STEP
1 0 0 32 0 1 0 0 0 1 0 0 0 1 24-01-fast-pack-shin.ldr
0 NOFILE
0 FILE 10-02-shin.ldr
0 Name: 10-02-shin.ldr
0 Author: Nathanel Titane // nathanel.titane@gmail.com // All Rights Reserved
1 15 0 0 0 0 0 1 0 1 0 -1 0 0 3795.dat
0 STEP
1 15 0 8 20 0 0 1 0 1 0 -1 0 0 11203.dat
1 15 0 8 -20 0 0 1 0 1 0 -1 0 0 3022.dat
1 15 0 0 70 -1 0 0 0 1 0 0 0 -1 32803.dat
1 15 0 0 -70 1 0 0 0 1 0 0 0 1 32803.dat
0 STEP
1 71 -10 -24 -10 0 0 1 0 1 0 -1 0 0 4070.dat
1 71 10 -24 -10 0 0 -1 0 1 0 1 0 0 4070.dat
1 71 -10 -24 -30 0 0 1 0 1 0 -1 0 0 4070.dat
1 71 10 -24 -30 0 0 -1 0 1 0 1 0 0 4070.dat
0 STEP
1 72 -24 -14 -20 0 1 0 0 0 -1 -1 0 0 3023.dat
1 72 24 -14 -20 0 -1 0 0 0 -1 1 0 0 3023.dat
1 15 -24 -14 -20 0 1 0 0 0 -1 -1 0 0 85984.dat
0 STEP
1 15 0 -24 40 0 0 -1 0 1 0 1 0 0 4854.dat
1 15 0 -24 -60 0 0 -1 0 1 0 1 0 0 4871.dat
1 15 0 -16 40 0 0 -1 0 1 0 1 0 0 87079.dat
0 STEP
1 72 0 -32 -50 -1 0 0 0 1 0 0 0 -1 32064.dat
1 72 0 -32 -70 -1 0 0 0 1 0 0 0 -1 32064.dat
0 STEP
1 72 0 -48 -20 0 0 -1 0 1 0 1 0 0 48171.dat
1 0 0 -38 20 0 -1 0 0 0 -1 1 0 0 47455.dat
0 STEP
1 72 0 -48 -70 1 0 0 0 1 0 0 0 1 99206.dat
1 72 0 -64 -50 -1 0 0 0 1 0 0 0 -1 3004.dat
0 STEP
1 72 0 -64 -10 -1 0 0 0 1 0 0 0 -1 99206.dat
1 72 0 -64 -30 -1 0 0 0 1 0 0 0 -1 3023.dat
0 STEP
1 72 0 -72 -70 -1 0 0 0 1 0 0 0 -1 32064.dat
0 STEP
1 72 0 -88 -10 -1 0 0 0 1 0 0 0 -1 32000.dat
1 72 0 -88 -40 -1 0 0 0 1 0 0 0 -1 3003.dat
0 STEP
1 0 0 -22 -70 0 0 -1 0 1 0 1 0 0 4519.dat
1 0 0 -22 -90 0 0 1 1 0 0 0 1 0 32474.dat
0 STEP
1 0 0 -62 -80 0 0 -1 0 1 0 1 0 0 32062.dat
1 0 0 -62 -90 0 0 -1 -1 0 0 0 1 0 32474.dat
0 STEP
0 !LEOCAD PIECE PIVOT  0 10 0 1 0 0 0 1 0 0 0 1
1 71 0 -78 0 -1 0 0 0 0 1 0 1 0 3938.dat
0 !LEOCAD GROUP BEGIN Group #5
0 !LEOCAD PIECE PIVOT  0 10 0 1 0 0 0 1 0 0 0 1
1 15 0 -78 0 -1 0 0 0 0 1 0 1 0 3937.dat
0 !LEOCAD PIECE PIVOT  0 10 0 1 0 0 0 1 0 0 0 1
1 71 0 -78 24 -1 0 0 0 0 1 0 1 0 3938.dat
0 !LEOCAD GROUP END
0 !LEOCAD GROUP BEGIN Group #4
0 !LEOCAD PIECE PIVOT  0 10 0 1 0 0 0 1 0 0 0 1
1 15 0 -78 24 -1 0 0 0 0 1 0 1 0 3937.dat
0 !LEOCAD PIECE PIVOT  0 10 0 1 0 0 0 1 0 0 0 1
1 71 0 -78 48 -1 0 0 0 0 1 0 1 0 3938.dat
0 !LEOCAD GROUP END
0 !LEOCAD GROUP BEGIN Group #3
0 !LEOCAD PIECE PIVOT  0 10 0 1 0 0 0 1 0 0 0 1
1 15 0 -78 48 -1 0 0 0 0 1 0 1 0 3937.dat
0 !LEOCAD PIECE PIVOT  0 10 0 1 0 0 0 1 0 0 0 1
1 71 0 -78 72 -1 0 0 0 0 1 0 1 0 3938.dat
0 !LEOCAD GROUP END
0 !LEOCAD GROUP BEGIN Group #2
0 !LEOCAD PIECE PIVOT  0 10 0 1 0 0 0 1 0 0 0 1
1 15 0 -78 72 -1 0 0 0 0 1 0 1 0 3937.dat
0 STEP
0 !LEOCAD GROUP END
1 15 30 -48 60 0 0 -1 0 1 0 1 0 0 3010.dat
1 15 30 -72 60 0 0 -1 0 1 0 1 0 0 3010.dat
0 STEP
1 15 30 -32 110 -1 0 0 0 1 0 0 0 -1 24201.dat
1 36 30 -40 110 0 0 1 0 1 0 -1 0 0 3024.dat
1 15 30 -64 110 -1 0 0 0 1 0 0 0 -1 4070.dat
1 15 30 -64 100 -1 0 0 0 1 0 0 0 -1 11477.dat
0 STEP
1 0 30 -32 -20 0 0 -1 0 1 0 1 0 0 3710.dat
1 72 30 -40 -50 0 0 -1 0 1 0 1 0 0 3024.dat
1 15 30 -56 10 1 0 0 0 1 0 0 0 1 4286.dat
0 STEP
1 72 30 -64 10 0 0 -1 0 1 0 1 0 0 3024.dat
1 15 30 -64 -50 -1 0 0 0 1 0 0 0 -1 4287.dat
1 14 30 -72 -40 0 0 -1 0 1 0 1 0 0 2540.dat
1 0 30 -72 0 0 0 -1 0 1 0 1 0 0 2540.dat
0 STEP
1 0 50 -70 20 -0.5 0 0.866025 -0.866025 0 -0.5 0 -1 0 44676.dat
1 14 50 -70 -60 0.5 0 0.866025 0.866025 0 -0.5 0 1 0 44676.dat
0 STEP
1 15 30 -48 -80 0 0 -1 0 1 0 1 0 0 3004.dat
1 15 30 -72 -80 0 0 -1 0 1 0 1 0 0 3004.dat
0 STEP
1 15 30 -32 -110 1 0 0 0 1 0 0 0 1 24201.dat
1 71 30 -40 -110 0 0 -1 0 1 0 1 0 0 3024.dat
1 15 30 -64 -110 1 0 0 0 1 0 0 0 1 4070.dat
1 15 30 -64 -100 1 0 0 0 1 0 0 0 1 11477.dat
0 STEP
1 15 -30 -48 0 0 0 -1 0 1 0 1 0 0 6111.dat
1 15 -30 -72 0 0 0 -1 0 1 0 1 0 0 6111.dat
0 STEP
1 15 -30 -32 110 -1 0 0 0 1 0 0 0 -1 24201.dat
1 15 -30 -40 110 0 0 1 0 1 0 -1 0 0 3024.dat
1 15 -30 -64 110 -1 0 0 0 1 0 0 0 -1 4070.dat
1 15 -30 -64 100 -1 0 0 0 1 0 0 0 -1 11477.dat
0 STEP
1 15 -30 -32 -110 1 0 0 0 1 0 0 0 1 24201.dat
1 71 -30 -40 -110 0 0 -1 0 1 0 1 0 0 3024.dat
1 15 -30 -64 -110 1 0 0 0 1 0 0 0 1 4070.dat
1 15 -30 -64 -100 1 0 0 0 1 0 0 0 1 11477.dat
0 STEP
1 15 -20 -80 -70 0 0 1 0 1 0 -1 0 0 15672.dat
1 15 20 -80 -70 0 0 -1 0 1 0 1 0 0 15672.dat
0 STEP
1 15 -10 -96 -50 0 0 1 0 1 0 -1 0 0 28192.dat
1 15 -10 -96 -30 0 0 1 0 1 0 -1 0 0 28192.dat
1 15 -10 -96 -10 0 0 1 0 1 0 -1 0 0 28192.dat
1 15 10 -96 -50 0 0 -1 0 1 0 1 0 0 28192.dat
1 15 10 -96 -30 0 0 -1 0 1 0 1 0 0 28192.dat
1 15 10 -96 -10 0 0 -1 0 1 0 1 0 0 28192.dat
0 STEP
1 15 -30 -72 20 0 0 1 0 1 0 -1 0 0 85984.dat
1 15 -30 -72 60 0 0 1 0 1 0 -1 0 0 85984.dat
1 15 30 -72 20 0 0 -1 0 1 0 1 0 0 85984.dat
1 15 30 -72 60 0 0 -1 0 1 0 1 0 0 85984.dat
0 STEP
1 71 -10 -88 -70 0 0 1 0 1 0 -1 0 0 2555.dat
1 71 10 -88 -70 0 0 1 0 1 0 -1 0 0 2555.dat
0 STEP
0 !LEOCAD GROUP BEGIN Group #1
0 !LEOCAD PIECE PIVOT  0 2 -20 1 0 0 0 1 0 0 0 1
1 15 0 -96 -90 -1 0 0 0 1 0 0 0 -1 48336.dat
0 STEP
1 15 -10 -88 -100 1 0 0 0 1 0 0 0 1 11477.dat
1 15 10 -88 -100 1 0 0 0 1 0 0 0 1 11477.dat
0 STEP
0 !LEOCAD GROUP END
0 !LEOCAD PIECE PIVOT  0 10 40 1 0 0 0 1 0 0 0 1
1 0 0 -32 -130 1 0 0 0 1 0 0 0 1 09-toe.ldr
0 STEP
0 !LEOCAD PIECE PIVOT  0 10 40 1 0 0 0 1 0 0 0 1
1 0 0 -52 -130 -1 0 0 0 -1 0 0 0 1 09-toe.ldr
0 STEP
0 !LEOCAD PIECE PIVOT  0 -14 60 1 0 0 0 1 0 0 0 1
1 0 0 -24 120 -1 0 0 0 1 0 0 0 -1 11-01-knee.ldr
0 STEP
0 !LEOCAD GROUP BEGIN Group #2
1 0 0 -84 106 1 0 0 0 1 0 0 0 1 11-02-knee-cap.ldr
0 STEP
0 !LEOCAD GROUP END
1 0 48 -44 0 0 -1 0 -1 0 0 0 0 -1 23-02-fast-pack-shin.ldr
0 STEP
1 0 0 32 0 1 0 0 0 1 0 0 0 1 24-02-fast-pack-shin.ldr
0 NOFILE
0 FILE 11-01-knee.ldr
0 Name: 11-01-knee.ldr
0 Author: Nathanel Titane // nathanel.titane@gmail.com // All Rights Reserved
1 4 0 0 30 -1 0 0 0 1 0 0 0 -1 3023.dat
0 !LEOCAD PIECE PIVOT  0 0 10 1 0 0 0 1 0 0 0 1
1 72 0 0 10 1 0 0 0 1 0 0 0 1 32803.dat
0 STEP
1 72 0 -24 30 0 0 1 0 1 0 -1 0 0 47432.dat
1 0 0 -14 -20 0 1 0 0.087156 0 -0.996195 -0.996195 0 -0.087156 47455.dat
0 STEP
1 4 10 0 50 -1 0 0 0 1 0 0 0 -1 3024.dat
1 4 -10 0 50 -1 0 0 0 1 0 0 0 -1 3024.dat
0 STEP
0 !LEOCAD PIECE PIVOT  0 0 10 1 0 0 0 1 0 0 0 1
1 72 0 -32 50 -1 0 0 0 1 0 0 0 -1 99563.dat
0 !LEOCAD PIECE PIVOT  0 0 10 1 0 0 0 1 0 0 0 1
1 72 0 -32 30 -1 0 0 0 1 0 0 0 -1 99563.dat
0 !LEOCAD PIECE PIVOT  0 0 10 1 0 0 0 1 0 0 0 1
1 72 0 -32 10 -1 0 0 0 1 0 0 0 -1 99563.dat
0 NOFILE
0 FILE 11-02-knee-cap.ldr
0 Name: 11-02-knee-cap.ldr
0 Author: Nathanel Titane // nathanel.titane@gmail.com // All Rights Reserved
1 0 0 16 30 1 0 0 0 1 0 0 0 1 3022.dat
1 15 0 16 0 1 0 0 0 1 0 0 0 1 32803.dat
1 15 0 16 60 -1 0 0 0 1 0 0 0 -1 32803.dat
0 STEP
1 15 0 0 0 1 0 0 0 1 0 0 0 1 99206.dat
1 15 0 -8 30 -1 0 0 0 1 0 0 0 -1 93606.dat
0 STEP
0 NOFILE
0 FILE 12-01-foreleg.ldr
0 Name: 12-01-foreleg.ldr
0 Author: Nathanel Titane // nathanel.titane@gmail.com // All Rights Reserved
1 15 0 0 0 1 0 0 0 1 0 0 0 1 3022.dat
1 15 0 0 30 -1 0 0 0 1 0 0 0 -1 32803.dat
1 15 0 0 -30 1 0 0 0 1 0 0 0 1 32803.dat
0 STEP
1 72 0 -8 30 -1 0 0 0 1 0 0 0 -1 99780.dat
1 72 0 -8 -10 0 0 -1 0 1 0 1 0 0 3021.dat
0 STEP
1 72 0 -32 20 -1 0 0 0 1 0 0 0 -1 48170.dat
1 72 0 -32 -20 0 0 1 0 1 0 -1 0 0 48169.dat
1 0 -40 -22 20 0 0 -1 0 1 0 1 0 0 47455.dat
0 STEP
1 72 0 -40 30 -1 0 0 0 1 0 0 0 -1 99781.dat
1 72 0 -40 -10 0 0 -1 0 1 0 1 0 0 3021.dat
0 STEP
1 4 -10 -10 52 0 0 1 -1 0 0 0 -1 0 2420.dat
1 15 20 -30 52 0 0 -1 1 0 0 0 -1 0 15672.dat
1 0 0 -10 52 -1 0 0 0 0 -1 0 -1 0 85984.dat
0 STEP
1 71 0 -30 76 -1 0 0 0 0 -1 0 -1 0 3937.dat
0 !LEOCAD PIECE PIVOT  0 10 0 1 0 0 0 1 0 0 0 1
1 71 0 -29.1284 75.9619 -1 0 0 0 -0.087156 -0.996195 0 -0.996195 0.087156 3938.dat
1 0 0 -29.1284 75.9619 -1 0 0 0 -0.087156 -0.996195 0 -0.996195 0.087156 85984.dat
0 STEP
1 15 0 -40 -30 1 0 0 0 1 0 0 0 1 85984.dat
1 71 -10 -48 20 0 0 -1 0 1 0 1 0 0 3710.dat
1 15 20 -48 20 -1 0 0 0 1 0 0 0 -1 41769.dat
0 STEP
1 15 0 -56 10 0 0 1 0 1 0 -1 0 0 26603.dat
1 15 -10 -40 60 -1 0 0 0 1 0 0 0 -1 11477.dat
1 15 10 -40 60 -1 0 0 0 1 0 0 0 -1 29119.dat
0 STEP
1 15 30 -30 44 -1 0 0 0 0 -1 0 -1 0 60481.dat
1 15 30 -30 -4 -1 0 0 0 0 -1 0 -1 0 3005.dat
1 15 30 -10 -4 -1 0 0 0 0 -1 0 -1 0 4070.dat
1 15 30 -30 -28 -1 0 0 0 0 -1 0 -1 0 3665.dat
0 STEP
0 !LEOCAD PIECE PIVOT  0 -38 140 1 0 0 0 1 0 0 0 1
1 0 0 -72.0572 -216.1553 -1 0 0 0 -0.996195 0.087156 0 0.087156 0.996195 10-01-shin.ldr
0 NOFILE
0 FILE 12-02-foreleg.ldr
0 Name: 12-02-foreleg.ldr
0 Author: Nathanel Titane // nathanel.titane@gmail.com // All Rights Reserved
1 15 0 0 0 1 0 0 0 1 0 0 0 1 3022.dat
1 15 0 0 30 -1 0 0 0 1 0 0 0 -1 32803.dat
1 15 0 0 -30 1 0 0 0 1 0 0 0 1 32803.dat
0 STEP
1 72 0 -8 30 -1 0 0 0 1 0 0 0 -1 99780.dat
1 72 0 -8 -10 0 0 -1 0 1 0 1 0 0 3021.dat
0 STEP
1 72 0 -32 20 1 0 0 0 1 0 0 0 1 48170.dat
1 72 0 -32 -20 0 0 1 0 1 0 -1 0 0 48169.dat
1 0 40 -22 20 0 0 -1 0 1 0 1 0 0 47455.dat
0 STEP
1 72 0 -40 30 -1 0 0 0 1 0 0 0 -1 99781.dat
1 72 0 -40 -10 0 0 -1 0 1 0 1 0 0 3021.dat
0 STEP
1 4 10 -10 52 -1 0 0 0 0 -1 0 -1 0 2420.dat
1 15 -20 -30 52 0 0 1 -1 0 0 0 -1 0 15672.dat
1 0 0 -10 52 -1 0 0 0 0 -1 0 -1 0 85984.dat
0 STEP
1 71 0 -30 76 -1 0 0 0 0 -1 0 -1 0 3937.dat
1 0 0 -29.1284 75.9619 -1 0 0 0 -0.087156 -0.996195 0 -0.996195 0.087156 85984.dat
0 !LEOCAD PIECE PIVOT  0 10 0 1 0 0 0 1 0 0 0 1
1 71 0 -29.1284 75.9619 -1 0 0 0 -0.087156 -0.996195 0 -0.996195 0.087156 3938.dat
0 STEP
1 15 0 -40 -30 1 0 0 0 1 0 0 0 1 85984.dat
1 71 10 -48 20 0 0 -1 0 1 0 1 0 0 3710.dat
1 15 -20 -48 20 -1 0 0 0 1 0 0 0 -1 41770.dat
0 STEP
1 15 0 -56 10 0 0 1 0 1 0 -1 0 0 26603.dat
1 15 10 -40 60 -1 0 0 0 1 0 0 0 -1 11477.dat
1 15 -10 -40 60 -1 0 0 0 1 0 0 0 -1 29120.dat
0 STEP
1 15 -30 -30 44 -1 0 0 0 0 -1 0 -1 0 60481.dat
1 15 -30 -30 -4 -1 0 0 0 0 -1 0 -1 0 3005.dat
1 15 -30 -10 -4 -1 0 0 0 0 -1 0 -1 0 4070.dat
1 15 -30 -30 -28 -1 0 0 0 0 -1 0 -1 0 3665.dat
0 STEP
0 !LEOCAD PIECE PIVOT  0 -38 140 1 0 0 0 1 0 0 0 1
1 0 0 -72.0572 -216.1553 -1 0 0 0 -0.996195 0.087156 0 0.087156 0.996195 10-02-shin.ldr
0 NOFILE
0 FILE 13-01-hip.ldr
0 Name: 13-01-hip.ldr
0 Author: Nathanel Titane // nathanel.titane@gmail.com // All Rights Reserved
1 0 -10 0 20 0 0 1 0 1 0 -1 0 0 3023.dat
0 !LEOCAD PIECE PIVOT  0 0 10 1 0 0 0 1 0 0 0 1
1 15 10 0 20 0 0 -1 0 1 0 1 0 0 32803.dat
0 STEP
1 72 0 -24 20 0 0 -1 0 1 0 1 0 0 47452.dat
1 0 0 -14 60 -1 0 0 0 1 0 0 0 -1 47455.dat
0 STEP
0 !LEOCAD PIECE PIVOT  0 0 10 1 0 0 0 1 0 0 0 1
1 15 0 -48 10 -1 0 0 0 1 0 0 0 -1 24309.dat
0 STEP
0 !LEOCAD PIECE PIVOT  -40 0 20 1 0 0 0 1 0 0 0 1
1 0 40 8 -60 1 0 0 0 1 0 0 0 1 12-01-foreleg.ldr
0 NOFILE
0 FILE 13-02-hip.ldr
0 Name: 13-02-hip.ldr
0 Author: Nathanel Titane // nathanel.titane@gmail.com // All Rights Reserved
1 0 10 0 20 0 0 -1 0 1 0 1 0 0 3023.dat
0 !LEOCAD PIECE PIVOT  0 0 10 1 0 0 0 1 0 0 0 1
1 15 -10 0 20 0 0 1 0 1 0 -1 0 0 32803.dat
0 STEP
1 72 0 -24 20 0 0 -1 0 1 0 1 0 0 47452.dat
1 0 0 -14 60 1 0 0 0 1 0 0 0 1 47455.dat
0 STEP
0 !LEOCAD PIECE PIVOT  0 0 10 1 0 0 0 1 0 0 0 1
1 15 0 -48 10 -1 0 0 0 1 0 0 0 -1 24309.dat
0 STEP
0 !LEOCAD PIECE PIVOT  40 0 20 1 0 0 0 1 0 0 0 1
1 0 -40 8 -60 1 0 0 0 1 0 0 0 1 12-02-foreleg.ldr
0 NOFILE
0 FILE 14-head.ldr
0 Name: 14-head.ldr
0 Author: Nathanel Titane // nathanel.titane@gmail.com // All Rights Reserved
1 15 -10 0 0 1 0 0 0 1 0 0 0 1 13547.dat
1 15 10 0 0 1 0 0 0 1 0 0 0 1 13547.dat
1 72 0 0 -10 1 0 0 0 1 0 0 0 1 3022.dat
0 STEP
1 15 -10 -24 0 0 0 1 0 1 0 -1 0 0 4070.dat
1 72 0 -14 0 0 -1 0 0 0 -1 1 0 0 78258.dat
1 15 10 -24 0 0 0 -1 0 1 0 1 0 0 4070.dat
0 STEP
1 15 -10 -24 -20 0 0 1 0 1 0 -1 0 0 4070.dat
1 15 10 -24 -20 0 0 -1 0 1 0 1 0 0 4070.dat
0 STEP
1 0 0 -8 -50 1 0 0 0 1 0 0 0 1 3022.dat
1 43 0 -16 -50 1 0 0 0 1 0 0 0 1 3022.dat
0 STEP
1 71 -10 -32 -10 -1 0 0 0 1 0 0 0 -1 92946.dat
1 71 10 -32 -10 -1 0 0 0 1 0 0 0 -1 92946.dat
1 72 0 -40 -20 -1 0 0 0 1 0 0 0 -1 3023.dat
0 STEP
1 15 0 -40 -60 -1 0 0 0 1 0 0 0 -1 15571.dat
0 STEP
1 15 -10 -40 -40 1 0 0 0 1 0 0 0 1 4070.dat
1 15 10 -40 -40 1 0 0 0 1 0 0 0 1 4070.dat
1 15 0 -30 -70 1 0 0 0 0 -1 0 1 0 15571.dat
0 STEP
1 71 0 -48 -30 -1 0 0 0 1 0 0 0 -1 87580.dat
1 0 0 -58 -30 -1 0 0 0 1 0 0 0 -1 32474.dat
0 STEP
0 !LEOCAD GROUP BEGIN Group #1
1 0 -24 -14 -20 0 1 0 0.34202 0 -0.939693 -0.939693 0 -0.34202 4073.dat
1 0 -32 -14 -20 0 1 0 -0.939693 0 -0.34202 -0.34202 0 0.939693 4081b.dat
1 0 -24 -17.4202 -10.603 0 1 0 0.939693 0 0.34202 0.34202 0 -0.939693 11477.dat
0 STEP
0 !LEOCAD GROUP END
0 !LEOCAD GROUP BEGIN Group #2
1 0 24 -14 -20 0 -1 0 0.34202 0 0.939693 -0.939693 0 0.34202 4073.dat
1 0 32 -14 -20 0 -1 0 0.939693 0 -0.34202 0.34202 0 0.939693 4081b.dat
1 0 24 -17.4202 -10.603 0 -1 0 -0.939693 0 0.34202 -0.34202 0 -0.939693 11477.dat
0 STEP
0 !LEOCAD GROUP END
0 !LEOCAD GROUP BEGIN Group #1
1 0 -30 4.1167 -34.6897 -1 0 0 0 -0.939693 -0.34202 0 -0.34202 0.939693 26047.dat
1 0 -30 -18.4359 -42.8981 1 0 0 0 0.939693 -0.34202 0 0.34202 0.939693 26047.dat
1 0 -30 11.6343 -31.9534 1 0 0 0 -0.939693 0.34202 0 -0.34202 -0.939693 24246.dat
1 0 -30 -25.9535 -45.6343 -1 0 0 0 0.939693 0.34202 0 0.34202 -0.939693 24246.dat
0 STEP
0 !LEOCAD GROUP END
0 !LEOCAD GROUP BEGIN Group #2
1 0 30 4.1167 -34.6897 -1 0 0 0 -0.939693 -0.34202 0 -0.34202 0.939693 26047.dat
1 0 30 -18.4359 -42.8981 1 0 0 0 0.939693 -0.34202 0 0.34202 0.939693 26047.dat
1 0 30 11.6343 -31.9534 1 0 0 0 -0.939693 0.34202 0 -0.34202 -0.939693 24246.dat
1 0 30 -25.9535 -45.6343 -1 0 0 0 0.939693 0.34202 0 0.34202 -0.939693 24246.dat
0 STEP
0 !LEOCAD GROUP END
0 !LEOCAD GROUP BEGIN Group #1
1 0 -30 9.0778 -54.1676 0 0 -1 0.939693 0.34202 0 0.34202 -0.939693 0 11090.dat
0 !LEOCAD GROUP END
0 !LEOCAD GROUP BEGIN Group #2
1 0 30 9.0778 -54.1676 0 0 -1 0.939693 0.34202 0 0.34202 -0.939693 0 11090.dat
0 !LEOCAD GROUP END
0 !LEOCAD GROUP BEGIN Group #1
1 0 -30 15.9182 -72.9615 0 0 -1 0.939693 0.34202 0 0.34202 -0.939693 0 87994.dat
0 !LEOCAD GROUP END
0 !LEOCAD GROUP BEGIN Group #2
1 0 30 15.9182 -72.9615 0 0 -1 0.939693 0.34202 0 0.34202 -0.939693 0 87994.dat
0 STEP
0 !LEOCAD GROUP END
0 !LEOCAD GROUP BEGIN Group #1
1 0 -30 -9.7161 -61.008 0 0 -1 0.939693 0.34202 0 0.34202 -0.939693 0 11090.dat
0 !LEOCAD GROUP END
0 !LEOCAD GROUP BEGIN Group #2
1 0 30 -9.7161 -61.008 0 0 -1 0.939693 0.34202 0 0.34202 -0.939693 0 11090.dat
0 !LEOCAD GROUP END
0 !LEOCAD GROUP BEGIN Group #1
1 0 -30 1.2285 -91.0782 0 0 1 0.939693 -0.34202 0 0.34202 0.939693 0 55298.dat
0 !LEOCAD GROUP END
0 !LEOCAD GROUP BEGIN Group #2
1 0 30 1.2285 -91.0782 0 0 1 0.939693 -0.34202 0 0.34202 0.939693 0 55298.dat
0 !LEOCAD GROUP END
0 NOFILE
0 FILE 15-01-shoulder.ldr
0 Name: 15-01-shoulder.ldr
0 Author: Nathanel Titane // nathanel.titane@gmail.com // All Rights Reserved
1 72 0 -24 20 0 0 -1 0 1 0 1 0 0 48170.dat
1 72 20 14 20 0 -1 0 0 0 1 -1 0 0 99781.dat
