0 FILE 00-instructions.ldr
0 Name: 00-instructions.ldr
0 Author: Nathanel Titane // nathanel.titane@gmail.com // All Rights Reserved
0
0 // LPUB[3D] FRONT COVER PAGE /////////////////////////////////////////////////
0
0 !LPUB PAGE DOCUMENT_TITLE_FRONT COLOR "#666666"
0 !LPUB PAGE DOCUMENT_TITLE_FRONT CONTENT GLOBAL "MODEL // QUEADLUUN RAU"
0 !LPUB PAGE DOCUMENT_TITLE_FRONT DISPLAY GLOBAL TRUE
0 !LPUB PAGE DOCUMENT_TITLE_FRONT FONT "Noto Sans,72,-1,0,75,0,0,0,0,0,Bold"
0 !LPUB PAGE DOCUMENT_TITLE_FRONT MARGINS 0.2500 0.1000
0 !LPUB PAGE DOCUMENT_TITLE_FRONT PLACEMENT GLOBAL TOP_LEFT PAGE INSIDE OFFSET 0.0000 0.0000

0 !LPUB PAGE DOCUMENT_AUTHOR_FRONT CONTENT GLOBAL "MODEL DESIGN AND INSTRUCTIONS // NATHANEL TITANE"
0 !LPUB PAGE DOCUMENT_AUTHOR_FRONT COLOR "#666666"
0 !LPUB PAGE DOCUMENT_AUTHOR_FRONT DISPLAY GLOBAL TRUE
0 !LPUB PAGE DOCUMENT_AUTHOR_FRONT FONT "Noto Sans,18,-1,0,75,0,0,0,0,0,Bold"
0 !LPUB PAGE DOCUMENT_AUTHOR_FRONT MARGINS 0.3000 1.0000
0 !LPUB PAGE DOCUMENT_AUTHOR_FRONT PLACEMENT TOP_LEFT PAGE INSIDE OFFSET 0.0000 0.0000

0 !LPUB PAGE MODEL_PARTS COLOR "#666666"
0 !LPUB PAGE MODEL_PARTS CONTENT GLOBAL "842 PIECES"
0 !LPUB PAGE MODEL_PARTS DISPLAY GLOBAL TRUE
0 !LPUB PAGE MODEL_PARTS FONT "Noto Sans,72,-1,0,75,0,0,0,0,0,Bold"
0 !LPUB PAGE MODEL_PARTS MARGINS 0.2500 0.1000
0 !LPUB PAGE MODEL_PARTS PLACEMENT GLOBAL BOTTOM_LEFT PAGE INSIDE OFFSET 0.0000 0.0000

0 !LPUB PAGE PUBLISH_DESCRIPTION COLOR "#666666"
0 !LPUB PAGE PUBLISH_DESCRIPTION CONTENT GLOBAL "LEGO // LINUX - Where Lego and Linux Meet"
0 !LPUB PAGE PUBLISH_DESCRIPTION DISPLAY GLOBAL TRUE
0 !LPUB PAGE PUBLISH_DESCRIPTION FONT "Noto Sans,36,-1,0,75,0,0,0,0,0,Bold"
0 !LPUB PAGE PUBLISH_DESCRIPTION MARGINS 0.2000 0.2000
0 !LPUB PAGE PUBLISH_DESCRIPTION PLACEMENT GLOBAL BOTTOM_RIGHT PAGE INSIDE OFFSET 0.0000 0.0000
0
0 // LPUB[3D] BACK COVER PAGE //////////////////////////////////////////////////
0
0 // LPUB[3D] DOCUMENT DISCLAIMER
0 !LPUB PAGE LEGO_DISCLAIMER COLOR "#666666"
0 !LPUB PAGE LEGO_DISCLAIMER CONTENT GLOBAL "LEGO® // REGISTERED TRADEMARK OF THE LEGO GROUP"
0 !LPUB PAGE LEGO_DISCLAIMER DISPLAY GLOBAL TRUE
0 !LPUB PAGE LEGO_DISCLAIMER FONT "Noto Sans,36,-1,0,75,0,0,0,0,0,Bold"
0 !LPUB PAGE LEGO_DISCLAIMER PLACEMENT GLOBAL CENTER PAGE INSIDE OFFSET 0.0000 -0.2500
0
0 // LPUB[3D] PAGE DOCUMENT AUTHOR
0 !LPUB PAGE DOCUMENT_AUTHOR_BACK COLOR "#666666"
0 !LPUB PAGE DOCUMENT_AUTHOR_BACK CONTENT GLOBAL "MODEL DESIGN AND INSTRUCTIONS // NATHANEL TITANE"
0 !LPUB PAGE DOCUMENT_AUTHOR_BACK DISPLAY GLOBAL TRUE
0 !LPUB PAGE DOCUMENT_AUTHOR_BACK FONT "Noto Sans,36,-1,0,75,0,0,0,0,0,Bold"
0 !LPUB PAGE DOCUMENT_AUTHOR_BACK PLACEMENT CENTER PAGE INSIDE OFFSET 0.0000 -0.2000
0
0 // LPUB[3D] PAGE PUBLICATION COPYRIGHT
0 !LPUB PAGE PUBLISH_COPYRIGHT_BACK COLOR "#666666"
0 !LPUB PAGE PUBLISH_COPYRIGHT_BACK CONTENT GLOBAL "COPYRIGHT // ALL RIGHTS RESERVED"
0 !LPUB PAGE PUBLISH_COPYRIGHT_BACK DISPLAY GLOBAL TRUE
0 !LPUB PAGE PUBLISH_COPYRIGHT_BACK FONT "Noto Sans,36,-1,0,75,0,0,0,0,0,Bold"
0 !LPUB PAGE PUBLISH_COPYRIGHT_BACK PLACEMENT GLOBAL CENTER PAGE INSIDE OFFSET 0.0000 -0.1500
0
0 // LPUB[3D] PAGE PUBLICATION EMAIL
0 !LPUB PAGE PUBLISH_EMAIL_BACK COLOR "#666666"
0 !LPUB PAGE PUBLISH_EMAIL_BACK CONTENT GLOBAL "CONTACT // NATHANEL.TITANE@GMAIL.COM // INFO@LEGOLINUX.COM"
0 !LPUB PAGE PUBLISH_EMAIL_BACK DISPLAY GLOBAL TRUE
0 !LPUB PAGE PUBLISH_EMAIL_BACK FONT "Noto Sans,18,-1,0,75,0,0,0,0,0,Bold"
0 !LPUB PAGE PUBLISH_EMAIL_BACK PLACEMENT GLOBAL CENTER PAGE INSIDE OFFSET 0.0000 -0.0500
0
0 // LPUB[3D] PAGE PUBLICATION URL
0 !LPUB PAGE PUBLISH_URL_BACK COLOR "#666666"
0 !LPUB PAGE PUBLISH_URL_BACK CONTENT GLOBAL "WEB // HTTPS://LEGOLINUX.COM/MODELS/POWER-ARMORS/QUEADLUUN-RAU"
0 !LPUB PAGE PUBLISH_URL_BACK DISPLAY GLOBAL TRUE
0 !LPUB PAGE PUBLISH_URL_BACK FONT "Noto Sans,18,-1,0,75,0,0,0,0,0,Bold"
0 !LPUB PAGE PUBLISH_URL_BACK PLACEMENT GLOBAL CENTER PAGE INSIDE OFFSET 0.0000 -0.0250
0
0 // LPUB[3D] PAGE LOGO
0 !LPUB PAGE DOCUMENT_LOGO_BACK DISPLAY GLOBAL TRUE
0 !LPUB PAGE DOCUMENT_LOGO_BACK FILE GLOBAL "/media/internal/Lego/lpub3d/instructions/logo.png"
0 !LPUB PAGE DOCUMENT_LOGO_BACK PLACEMENT CENTER PAGE INSIDE OFFSET 0.0000 0.45000
0 !LPUB PAGE DOCUMENT_LOGO_BACK SCALE GLOBAL  1.0000
0
0 // LPUB[3D] CONFIGURATION ////////////////////////////////////////////////////
0
0 // LPUB[3D] PAGE WATERMARK
0 !LPUB PAGE PUBLISH_EMAIL CONTENT GLOBAL "CONTACT // NATHANEL.TITANE@GMAIL.COM // INFO@LEGOLINUX.COM"
0 !LPUB PAGE PUBLISH_EMAIL COLOR "#666666"
0 !LPUB PAGE PUBLISH_EMAIL DISPLAY GLOBAL TRUE
0 !LPUB PAGE PUBLISH_EMAIL FONT "Noto Sans,18,-1,0,75,0,0,0,0,0,Bold"
0 !LPUB PAGE PUBLISH_EMAIL MARGINS 0.0000 0.1500
0 !LPUB PAGE PUBLISH_EMAIL PLACEMENT GLOBAL BOTTOM PAGE INSIDE OFFSET 0.0000 0.0000
0 !LPUB PAGE DOCUMENT_AUTHOR CONTENT GLOBAL "MODEL DESIGN AND INSTRUCTIONS // NATHANEL TITANE"
0 !LPUB PAGE DOCUMENT_AUTHOR COLOR "#666666"
0 !LPUB PAGE DOCUMENT_AUTHOR DISPLAY GLOBAL TRUE
0 !LPUB PAGE DOCUMENT_AUTHOR FONT "Noto Sans,18,-1,0,75,0,0,0,0,0,Bold"
0 !LPUB PAGE DOCUMENT_AUTHOR MARGINS 0.0000 0.2000
0 !LPUB PAGE DOCUMENT_AUTHOR PLACEMENT GLOBAL TOP PAGE INSIDE OFFSET 0.0000 0.0000
0
0 // LPUB[3D] STEPS HIGHLIGHT
0 !LPUB HIGHLIGHT_STEP ENABLED GLOBAL TRUE
0 !LPUB HIGHLIGHT_STEP COLOR GLOBAL "#7137C8"
0
0 // LPUB[3D] STEP FADE
0 !LPUB FADE_STEP OPACITY GLOBAL "50"
0 !LPUB FADE_STEP COLOR GLOBAL "Trans_Black"
0 !LPUB FADE_STEP ENABLED GLOBAL TRUE
0 !LPUB FINAL_MODEL_ENABLED GLOBAL TRUE
0
0 // LPUB[3D] SUBMODEL PREVIEW
0 !LPUB SUBMODEL_DISPLAY SHOW GLOBAL TRUE
0 !LPUB SUBMODEL_DISPLAY BACKGROUND COLOR "#DDDDDD"
0 !LPUB SUBMODEL_DISPLAY MARGINS 0.1500 0.7500
0 !LPUB SUBMODEL_DISPLAY BORDER SQUARE 0 Black 0.031 MARGINS 0.050 0.050
0 !LPUB SUBMODEL_DISPLAY PLACEMENT GLOBAL LEFT PAGE INSIDE
0 !LPUB SUBMODEL_DISPLAY CAMERA_ANGLES 30.0000 45.0000
0
0 // LPUB[3D] ASSEMBLIES
0 !LPUB ASSEM CAMERA_ANGLES 30.0000 45.0000
0 !LPUB ASSEM MARGINS 0.5000 0.5000
0 !LPUB ASSEM MODEL_SCALE 1.0000
0 !LPUB ASSEM PLACEMENT CENTER PAGE INSIDE OFFSET 0.0000 0.0000
0
0 // LPUB[3D] BILL OF MATERIALS
0 !LPUB BOM BACKGROUND COLOR "#DDDDDD"
0 !LPUB BOM BORDER SQUARE 0 #666666 0.025 MARGINS 0.050 0.050
0 !LPUB BOM CONSTRAIN HEIGHT 13.0000
0 !LPUB BOM CONSTRAIN SQUARE
0 !LPUB BOM PLACEMENT CENTER PAGE INSIDE OFFSET 0.0000 0.0000
0
0 // LPUB[3D] CALLOUTS
0 !LPUB CALLOUT BORDER SQUARE 0 #666666 0.025 MARGINS 0.050 0.050
0 !LPUB CALLOUT MARGINS 0.1250 0.1250
0 !LPUB CALLOUT PLACEMENT RIGHT PAGE INSIDE OFFSET 0.0000 0.0000
0
0 // LPUB[3D] PAGE
0 !LPUB PAGE DOCUMENT_COVER_IMAGE DISPLAY GLOBAL TRUE
0 !LPUB PAGE DOCUMENT_COVER_IMAGE FILE GLOBAL "../renders/flat/flat.png"
0 !LPUB PAGE DOCUMENT_COVER_IMAGE FILL GLOBAL ASPECT
0 !LPUB PAGE DOCUMENT_COVER_IMAGE MARGINS GLOBAL 0.0000 0.0000
0 !LPUB PAGE DOCUMENT_COVER_IMAGE PLACEMENT GLOBAL CENTER PAGE INSIDE OFFSET 0.0000 0.0000
0 !LPUB PAGE DOCUMENT_COVER_IMAGE SCALE GLOBAL 1.0000
0
0 // LPUB[3D] PAGE NUMBER
0 !LPUB PAGE NUMBER FONT "Noto Sans,36,-1,0,75,0,0,0,0,0,Bold"
0 !LPUB PAGE NUMBER FONT_COLOR "#666666"
0 !LPUB PAGE NUMBER MARGINS 0.1250 0.1250
0 !LPUB PAGE NUMBER PLACEMENT BOTTOM_RIGHT PAGE INSIDE OFFSET 0.0000 0.0000
0
0 // LPUB[3D] PAGE SETUP
0 !LPUB PAGE BORDER GLOBAL NONE 0 MARGINS 0.000 0.000
0 !LPUB PAGE ENABLE_TEXT_PLACEMENT GLOBAL CENTER PAGE INSIDE OFFSET 0.0000 0.0000
0 !LPUB PAGE TEXT_PLACEMENT GLOBAL TRUE
0 !LPUB PAGE PAGE_FOOTER SIZE GLOBAL 32.0000 0.5000
0 !LPUB PAGE PAGE_HEADER SIZE GLOBAL 32.0000 0.5000
0 !LPUB PAGE MARGINS GLOBAL 0.0000 0.0000
0 !LPUB PAGE ORIENTATION GLOBAL LANDSCAPE
0 !LPUB PAGE SIZE GLOBAL 16.0000 32.0000
0
0 // LPUB[3D] PAGE COLORS
0 !LPUB PAGE SUBMODEL_BACKGROUND_COLOR GLOBAL "#DDDDDD" "#FFE680" "#FFAAAA" "#C6AFE9"
0
0 // LPUB[3D] SUBMODELS
0 !LPUB PAGE SUBMODEL_INSTANCE_COUNT FONT_COLOR "#FF5555"
0 !LPUB PAGE SUBMODEL_INSTANCE_COUNT FONT "Noto Sans,72,-1,0,75,0,0,0,0,0,Bold"
0 !LPUB PAGE SUBMODEL_INSTANCE_COUNT MARGINS 0.0000 0.1250
0 !LPUB PAGE SUBMODEL_INSTANCE_COUNT PLACEMENT BOTTOM_RIGHT PAGE INSIDE OFFSET 0.0000 -0.0500
0
0 // LPUB[3D] PARTS LIST
0 !LPUB PLI BACKGROUND COLOR "#DDDDDD"
0 !LPUB PLI BORDER SQUARE 0 #666666 0.025 MARGINS 0.0500 0.050
0 !LPUB PLI CAMERA_ANGLES 30.0000 45.0000
0 !LPUB PLI CONSTRAIN HEIGHT 5.0000
0 !LPUB PLI MODEL_SCALE  1.0000
0 !LPUB PLI MARGINS 0.1500 0.7500
0 !LPUB PLI PLACEMENT TOP_RIGHT PAGE INSIDE OFFSET 0.0000 0.0000
0 !LPUB PLI INSTANCE_COUNT FONT "Noto Sans,36,-1,0,75,0,0,0,0,0,Bold"
0 !LPUB PLI INSTANCE_COUNT FONT_COLOR "#666666"
0 !LPUB PLI INSTANCE_COUNT MARGINS 0.0125 0.0125
0 !LPUB PLI INSTANCE_COUNT MARGINS 0.0125 0.3000
0
0 // LPUB[3D] STEP NUMBER
0 !LPUB STEP_NUMBER FONT "Noto Sans,72,-1,0,75,0,0,0,0,0,Bold"
0 !LPUB STEP_NUMBER FONT_COLOR "#666666"
0 !LPUB STEP_NUMBER MARGINS 0.1250 0.0000
0 !LPUB STEP_NUMBER PLACEMENT TOP_LEFT PAGE INSIDE OFFSET 0.0000 0.0000
0
0 // LPUB[3D] BEGIN INSTRUCTIONS ///////////////////////////////////////////////
0
0 STEP
0 !LPUB INSERT COVER_PAGE FRONT
0 STEP
0 !LPUB ASSEM MODEL_SCALE LOCAL 0.7500
1 0 0 0 0 1 0 0 0 1 0 0 0 1 00-model.ldr
0 STEP
0
0 // LPUB[3D] DISABLE FINAL MODEL SHOWCASE /////////////////////////////////////
0
0 !LPUB NOSTEP
0
0 // LPUB[3D] BOM PAGES
0 STEP
0 !LPUB INSERT PAGE
0 !LPUB INSERT BOM
0 STEP
0 !LPUB INSERT PAGE
0 !LPUB INSERT BOM
0 STEP
0 !LPUB INSERT PAGE
0 !LPUB INSERT BOM
0 STEP
0 !LPUB INSERT PAGE
0 !LPUB INSERT BOM
0 STEP
0 !LPUB INSERT PAGE
0 !LPUB INSERT BOM
0 STEP
0 !LPUB INSERT PAGE
0 !LPUB INSERT BOM
0 STEP
0 !LPUB INSERT PAGE
0 !LPUB INSERT BOM
0 STEP
0 !LPUB INSERT PAGE
0 !LPUB INSERT BOM
0 STEP
0 !LPUB INSERT PAGE
0 !LPUB INSERT BOM
0 STEP
0 !LPUB INSERT PAGE
0 !LPUB INSERT BOM
0 STEP
0 !LPUB INSERT PAGE
0 !LPUB INSERT BOM
0 STEP
0 !LPUB INSERT PAGE
0 !LPUB INSERT BOM
0 STEP
0
0 !LPUB NOSTEP
0
0 !LPUB INSERT COVER_PAGE BACK
0
0 // LPUB[3D] END INSTRUCTIONS /////////////////////////////////////////////////
0
0 NOFILE
0 FILE 00-model.ldr
0 Name: 00-model.ldr
0 Author: Nathanel Titane // nathanel.titane@gmail.com // All Rights Reserved
1 0 0 0 0 -1 0 0 0 -1 0 0 0 1 05-body.ldr
0 STEP
0 !LEOCAD PIECE PIVOT  0 0 70 1 0 0 0 1 0 0 0 1
1 0 -78.1151 233.6122 -9.9936 0.965927 -0.000044 0.258815 0.258815 -0.000039 -0.965927 0.000053 1 -0.000026 04-foreleg.ldr
0 STEP
0 !LEOCAD PIECE PIVOT  0 0 70 1 0 0 0 1 0 0 0 1
1 0 78.116 233.6183 -9.9916 0.965927 -0.000057 -0.258815 -0.258815 -0.000012 -0.965927 0.000052 1 -0.000026 04-foreleg.ldr
0 STEP
1 0 -50.0143 35.9857 -0.0325 1 0 -0.000053 0 1 -0.000053 0.000053 0.000053 1 06-01-side.ldr
0 STEP
1 0 49.9857 35.9857 -0.0219 -1 0 0.000106 0 1 0.000053 -0.000106 0.000053 -1 06-02-side.ldr
0 STEP
1 0 0.0022 31.2244 -3.9452 1 0 -0.000053 0.000053 0.087128 0.996197 0.000005 -0.996197 0.087128 07-head.ldr
0 STEP
1 0 -100.0047 31.66 82.5883 -1 -0.000007 0 0.000007 -0.965927 -0.258815 0.000001 -0.258815 0.965927 13-01-booster.ldr
0 STEP
1 0 99.9953 31.6615 82.577 1 -0.000007 -0.000052 0.000007 -0.965927 0.258815 -0.000052 -0.258815 -0.965927 13-02-booster.ldr
0 STEP
1 0 -27.9994 38.0026 170.0038 -0.00005 1 -0.000013 -0.500015 -0.000036 -0.866017 -0.866017 -0.000037 0.500015 14-missile-pod.ldr
0 STEP
1 0 28.0004 37.9991 169.9995 0.000102 -1 -0.000013 0.500015 0.000062 -0.866017 0.866017 0.000082 0.500015 14-missile-pod.ldr
0 NOFILE
0 FILE 01-foot.ldr
0 Name: 01-foot.ldr
0 Author: Nathanel Titane // nathanel.titane@gmail.com // All Rights Reserved
1 72 0 0 0 0.000026 0 -1 0 1 0 1 0 0.000026 92013.dat
1 72 0 -8 0 1 0 0 0 1 0 0 0 1 3068b.dat
1 72 -10 24 0 0.000026 0 1 0 1 0 -1 0 0.000026 44301a.dat
1 72 10 24 0 0.000026 0 1 0 1 0 -1 0 0.000026 44301a.dat
0 STEP
1 15 0.0032 32 10 -1 0 -0.000053 0 1 0 0.000053 0 -1 3004.dat
1 15 0.0032 32 -10 1 0 0 0 1 0 0 0 1 30363.dat
0 STEP
1 15 0.0008 56 -20 0.000026 0 1 0 1 0 -1 0 0.000026 3020.dat
1 71 0.0021 56 -70 -1 0 0.000026 0 1 0 -0.000026 0 -1 3023.dat
0 STEP
1 15 -9.9968 64 -30 1 0 0 0 1 0 0 0 1 4287.dat
1 15 10.0032 64 -30 1 0 0 0 1 0 0 0 1 4287.dat
1 15 10.0021 64 -9.9989 -1 0 0.000053 0 1 0 -0.000053 0 -1 3665.dat
1 15 -9.9979 64 -10 -1 0 0.000053 0 1 0 -0.000053 0 -1 3665.dat
0 STEP
1 72 -10 16 -30.0003 -1 0 -0.000053 0.000053 0.000026 -1 0 -1 -0.000026 30553.dat
1 72 10 16 -30.0003 -1 0 -0.000053 0.000053 0.000026 -1 0 -1 -0.000026 30553.dat
1 1 -10 -4 -30.0008 -0.000079 0 -1 1 0.000026 -0.000079 0.000026 -1 0 43093.dat
1 1 10 -4 -30.0008 -0.000079 0 -1 1 0.000026 -0.000079 0.000026 -1 0 43093.dat
0 STEP
1 15 0 -32 -30 1 0 0 0 1 0 0 0 1 3747b.dat
1 15 0 -56 -70 1 0 0 0 1 0 0 0 1 3004.dat
1 15 -0.0011 -56 -50 -1 0 -0.000053 0 1 0 0.000053 0 -1 3298.dat
1 15 0 -32 -10 1 0 0 0 1 0 0 0 1 3004.dat
0 STEP
1 15 -0.0011 -128 -70 -1 0 -0.000053 0 1 0 0.000053 0 -1 3684a.dat
1 15 -10.0011 -128 -69.9995 -0.000053 0 1 0 1 0 -1 0 -0.000053 54200.dat
1 15 9.9989 -128 -70.0005 0.000053 0 -1 0 1 0 1 0 0.000053 54200.dat
0 NOFILE
0 FILE 02-shin.ldr
0 Name: 02-shin.ldr
0 Author: Nathanel Titane // nathanel.titane@gmail.com // All Rights Reserved
1 72 0 24 110 0 0 1 0 1 0 -1 0 0 2445.dat
1 0 0 16 110 0 0 1 0 1 0 -1 0 0 3795.dat
1 0 -10 -8 150 0 0 1 0 1 0 -1 0 0 11211.dat
1 0 -10 -8 110 0 0 1 0 1 0 -1 0 0 11211.dat
1 0 -10 -8 70 0 0 1 0 1 0 -1 0 0 11211.dat
1 0 10 -8 70 0 0 -1 0 1 0 1 0 0 11211.dat
1 0 10 -8 110 0 0 -1 0 1 0 1 0 0 11211.dat
1 0 10 -8 150 0 0 -1 0 1 0 1 0 0 11211.dat
0 STEP
1 72 0 0 190 -1 0 0 0 1 0 0 0 -1 3003.dat
1 72 -0.0011 0 220 -1 0 0.000053 0 1 0 -0.000053 0 -1 85943.dat
1 0 0 10 250 0 1 0 1 0 0 0 0 -1 53585.dat
1 0 0 10 250 -1 0 0 0 1 0 0 0 -1 32062.dat
0 STEP
1 72 0 0 40 1 0 0 0 1 0 0 0 1 32064.dat
1 72 0 0 20 1 0 0 0 1 0 0 0 1 32064.dat
1 72 0 0 0 1 0 0 0 1 0 0 0 1 32064.dat
1 0 0 10 20 0 0 -1 0 1 0 1 0 0 3705.dat
1 0 0 10 -20 1 0 0 0 0 -1 0 1 0 32474.dat
0 STEP
1 0 -10 32 10 -1 0 0.000053 0 1 0 -0.000053 0 -1 42023.dat
1 0 10 32 10.001 -1 0 0.000053 0 1 0 -0.000053 0 -1 42023.dat
1 72 -10 32 210 1 0 0 0 1 0 0 0 1 42023.dat
1 72 10 32 210 1 0 0 0 1 0 0 0 1 42023.dat
0 STEP
1 72 0 56 200 1 0 0 0 1 0 0 0 1 32028.dat
1 72 0 64 200 1 0 0 0 1 0 0 0 1 32028.dat
1 72 0 56 220 -1 0 0 0 1 0 0 0 -1 32028.dat
1 72 0 64 220 -1 0 0 0 1 0 0 0 -1 32028.dat
1 71 0 56 10.001 -0.000079 0 -1 0 1 0 1 0 -0.000079 3022.dat
0 STEP
1 72 0 -8 20 0 0 1 0 1 0 -1 0 0 3021.dat
1 72 0 -8 200 0 0 1 0 1 0 -1 0 0 3021.dat
0 STEP
1 0 0 -32 200 1 0 0 0 1 0 0 0 1 3039.dat
1 0 0 -32 220 -1 0 0 0 1 0 0 0 -1 3004.dat
1 0 0 -40 210 0 0 1 0 1 0 -1 0 0 3022.dat
0 STEP
1 71 0 -32 0 1 0 0 0 1 0 0 0 1 3660.dat
1 71 0 -56 10 1 0 -0.000053 0 1 0 0.000053 0 1 93606.dat
1 4 0 -32 90 -1 0 0 0 1 0 0 0 -1 41766.dat
0 STEP
1 0 0 -64 230 1 0 0 0 1 0 0 0 1 93606.dat
1 72 -10 -56 270 0.000053 0 1 0 1 0 -1 0 0.000053 32028.dat
1 72 10 -56 270 -0.000106 0 -1 0 1 0 1 0 -0.000106 32028.dat
1 0 0 -48 290 -1 0 0 0 1 0 0 0 -1 15068.dat
1 0 0 -48 250 0 0 1 0 1 0 -1 0 0 11203.dat
1 0 0 -48 290 0 0 1 0 1 0 -1 0 0 11203.dat
0 STEP
1 4 0 56 210.001 -0.000079 0 -1 0 1 0 1 0 -0.000079 4871.dat
0 STEP
1 4 -30 32 220 -1 0 0 0 1 0 0 0 -1 4287.dat
1 4 -30 32 200 1 0 0 0 1 0 0 0 1 3665.dat
1 4 -30 8 250 0 0 1 0 1 0 -1 0 0 3004.dat
1 4 -30 8 210 0 0 1 0 1 0 -1 0 0 3700.dat
1 4 -30 8 180 1 0 0 0 1 0 0 0 1 3005.dat
1 71 -30 0 260 1 0 0 0 1 0 0 0 1 3024.dat
1 0 -30 0 210 0 0 -1 0 1 0 1 0 0 3710.dat
1 4 -30 -24 220 -1 0 0 0 1 0 0 0 -1 4286.dat
1 4 -30 -24 200 1 0 0 0 1 0 0 0 1 3040.dat
1 4 -30 -24 210 0.000053 0 1 0 1 0 -1 0 0.000053 85984.dat
1 71 -40 18 210 -1 0 0.000053 0 1 0 -0.000053 0 -1 4274.dat
0 STEP
1 0 -48 18 209.9996 -0.000037 1 0.000037 0.707107 0 0.707107 0.707107 0.000053 -0.707107 60474.dat
1 0 -56 18 209.9992 -0.000037 1 0.000037 0.707107 0 0.707107 0.707107 0.000053 -0.707107 15535.dat
1 15 -56 18 209.9992 -0.000037 -1 -0.000037 0.707107 0 -0.707107 0.707107 -0.000052 0.707107 18674.dat
1 15 -64 18 209.9988 -0.000037 -1 -0.000037 0.707107 0 -0.707107 0.707107 -0.000052 0.707107 2654.dat
0 STEP
1 15 -56.0007 18 224.1413 -0.000037 1 0.000037 0.707107 0 0.707107 0.707107 0.000053 -0.707107 27925.dat
1 15 -56 32.1421 209.9992 0.000037 1 0.000036 0.707107 0 -0.707107 -0.707107 0.000052 -0.707107 27925.dat
1 15 -55.9993 18 195.857 0.000036 1 -0.000037 -0.707107 0 -0.707107 -0.707107 0.000052 0.707107 27925.dat
1 15 -56 3.8579 209.9992 -0.000037 1 -0.000036 -0.707107 0 0.707107 0.707107 0.000052 0.707107 27925.dat
0 STEP
1 4 30 32 220.0032 -1 0 0 0 1 0 0 0 -1 4287.dat
1 4 30 32 200.0032 1 0 0 0 1 0 0 0 1 3665.dat
1 4 30 8 250.0032 0 0 1 0 1 0 -1 0 0 3004.dat
1 4 30 8 210.0032 0 0 1 0 1 0 -1 0 0 3700.dat
1 4 30 8 180.0032 1 0 0 0 1 0 0 0 1 3005.dat
1 71 30 0 260.0031 1 0 0 0 1 0 0 0 1 3024.dat
1 0 30 0 210.0032 0 0 -1 0 1 0 1 0 0 3710.dat
1 4 30 -24 220.0032 -1 0 0 0 1 0 0 0 -1 4286.dat
1 4 30 -24 200.0032 1 0 0 0 1 0 0 0 1 3040.dat
1 4 30 -24 210.0032 -0.000053 0 -1 0 1 0 1 0 -0.000053 85984.dat
1 71 40 18 210.0032 1 0 -0.000053 0 1 0 0.000053 0 1 4274.dat
0 STEP
1 0 48 18 210 0 -1 0 0.707107 0 0.707107 -0.707107 0 0.707107 60474.dat
1 0 56 18 210 0 -1 0 0.707107 0 0.707107 -0.707107 0 0.707107 15535.dat
1 15 56 18 210 0 1 0 0.707107 0 -0.707107 -0.707107 0 -0.707107 18674.dat
1 15 64 18 210 0 1 0 0.707107 0 -0.707107 -0.707107 0 -0.707107 2654.dat
0 STEP
1 15 56 18 195.8578 0 -1 0 0.707107 0 0.707107 -0.707107 0 0.707107 27925.dat
1 15 56 32.1421 210 0 -1 0 0.707107 0 -0.707107 0.707107 0 0.707107 27925.dat
1 15 56 18 224.1422 0 -1 0 -0.707107 0 -0.707107 0.707107 0 -0.707107 27925.dat
1 15 56 3.8579 210 0 -1 0 -0.707107 0 0.707107 -0.707107 0 -0.707107 27925.dat
0 STEP
1 0 -30 48 10.001 0.000132 0 1 0 1 0 -1 0 0.000132 85984.dat
1 0 30 48 10.001 -0.000185 0 -1 0 1 0 1 0 -0.000185 85984.dat
1 0 0 48 10.001 -0.000079 0 -1 0 1 0 1 0 -0.000079 4871.dat
0 STEP
1 0 -27.9996 12.0029 89.9996 0 1 -0.000053 0 -0.000053 -1 -1 0 0 3034.dat
1 0 -35.9991 22.0034 29.9996 0 1 -0.000053 0 -0.000053 -1 -1 0 0 63868.dat
1 0 -36.0001 2.0034 29.9996 0 1 -0.000053 0 -0.000053 -1 -1 0 0 63868.dat
1 72 -43.9991 22.0038 29.9996 0 1 -0.000053 0 -0.000053 -1 -1 0 0 32028.dat
0 STEP
1 0 -28.0017 -27.997 29.9996 0 1 0.000053 0 -0.000053 1 1 0 0 3022.dat
1 72 -28.0012 -17.997 70.0028 0 1 0.000053 0.000053 -0.000053 1 1 0 -0.000053 32028.dat
1 4 -52.0007 -7.9958 30.0017 0 1 0.000053 0.000053 -0.000053 1 1 0 -0.000053 93606.dat
1 4 -51.9991 22.0042 69.9996 0.000053 1 0 1 -0.000053 0 0 0 -1 42022.dat
1 4 -52.0001 2.0042 69.9996 0.000053 1 0 1 -0.000053 0 0 0 -1 41747.dat
1 4 -59.9996 12.0046 69.9996 0.000053 1 0 1 -0.000053 0 0 0 -1 3068b.dat
0 STEP
1 0 -35.9991 22.0034 -30.0004 0 1 0.000053 0 -0.000053 1 1 0 0 60478.dat
1 0 -36.0001 2.0034 -30.0004 0 1 0.000053 0 -0.000053 1 1 0 0 60478.dat
1 0 -43.9996 12.0038 -30.0004 0 1 0.000053 0 -0.000053 1 1 0 0 3022.dat
1 72 -51.9996 12.0042 -20.0004 0.000053 1 0 1 -0.000053 0 0 0 -1 32028.dat
0 STEP
1 4 -59.9996 12.0046 -50.0004 -0.000053 1 0 -1 -0.000053 0 0 0 1 47753.dat
1 0 -35.9996 12.0034 -70.0004 -0.000053 1 0 -1 -0.000053 0 0 0 1 43719.dat
1 72 -27.9996 12.0029 -70.0004 -0.000053 1 0 -1 -0.000053 0 0 0 1 43719.dat
0 STEP
1 0 28.0004 12 89.9996 0 -1 0 0 0 1 -1 0 0 3034.dat
1 0 36.0004 2 29.9996 0 -1 0 0 0 1 -1 0 0 63868.dat
1 0 36.0004 22 29.9996 0 -1 0 0 0 1 -1 0 0 63868.dat
1 72 44.0004 22 29.9996 0 -1 0 0 0 -1 1 0 0 32028.dat
0 STEP
1 0 28.0004 -28 29.9996 0 -1 0 0 0 -1 1 0 0 3022.dat
1 72 28.0004 -18 69.9996 0 -1 0 0 0 1 -1 0 0 32028.dat
1 4 52.0004 -8 29.9996 0 -1 0 0 0 1 -1 0 0 93606.dat
1 4 52.0004 22 69.9996 0 -1 0 -1 0 0 0 0 -1 42022.dat
1 4 52.0004 2 69.9996 0 -1 0 -1 0 0 0 0 -1 41748.dat
1 4 60.0004 12 69.9996 0 -1 0 -1 0 0 0 0 -1 3068b.dat
0 STEP
1 0 36.0004 2 -30.0004 0 -1 0 0 0 -1 1 0 0 60478.dat
1 0 36.0004 22 -30.0004 0 -1 0 0 0 -1 1 0 0 60478.dat
1 0 44.0004 12 -30.0004 0 -1 0 0 0 -1 1 0 0 3022.dat
1 72 52.0004 12 -20.0004 0 -1 0 -1 0 0 0 0 -1 32028.dat
0 STEP
1 4 60.0004 12 -50.0004 0 -1 0 1 0 0 0 0 1 47753.dat
1 0 36.0004 12 -70.0004 0 -1 0 1 0 0 0 0 1 43719.dat
1 72 28.0004 12 -70.0004 0 -1 0 1 0 0 0 0 1 43719.dat
0 STEP
0 !LEOCAD PIECE PIVOT  0 11 40 1 0 0 0 1 0 0 0 1
1 0 0 17.9202 -60.7275 1 -0.000004 0.000003 0.000005 0.906309 -0.422615 -0.000001 0.422615 0.906309 01-foot.ldr
0 NOFILE
0 FILE 04-foreleg.ldr
0 Name: 04-foreleg.ldr
0 Author: Nathanel Titane // nathanel.titane@gmail.com // All Rights Reserved
1 15 -10 24 0 -1 0 0 0 1 0 0 0 -1 4287.dat
1 15 10 24 0 -1 0 0 0 1 0 0 0 -1 4287.dat
1 72 0 0 30 0 0 -1 0 1 0 1 0 0 48170.dat
0 STEP
1 72 0 0 -20 0 0 1 0 1 0 -1 0 0 3002.dat
1 15 -10 24 -20 1 0 0 0 1 0 0 0 1 4287.dat
1 15 10 24 -20 1 0 0 0 1 0 0 0 1 4287.dat
0 STEP
1 72 0 0 -60 1 0 0 0 1 0 0 0 1 32064.dat
1 0 0 10 -70 0 0 -1 0 1 0 1 0 0 32062.dat
1 0 0 10 -90 0 -1 0 0 0 -1 1 0 0 32174.dat
0 STEP
1 15 0 -8 -10 0 0 1 0 1 0 -1 0 0 3020.dat
1 15 0 -16 -10 -1 0 0 0 1 0 0 0 -1 3068b.dat
1 15 0 0 30 -1 0 0 0 1 0 0 0 -1 15068.dat
1 15 0 0 -50 1 0 0 0 1 0 0 0 1 15068.dat
0 STEP
0 !LEOCAD PIECE PIVOT  0 10 250 1 0 0 0 1 0 0 0 1
1 0 0 20 -340 1 0 0 0 1 0 0 0 1 02-shin.ldr
0 NOFILE
0 FILE 05-body.ldr
0 Name: 05-body.ldr
0 Author: Nathanel Titane // nathanel.titane@gmail.com // All Rights Reserved
1 4 0 8 0 -1 0 0 0 1 0 0 0 -1 43713.dat
1 0 0 0 50 1 0 -0.000026 0 1 0 0.000026 0 1 30363.dat
0 STEP
1 72 -30 0 0 0 0 1 0 1 0 -1 0 0 3023.dat
1 72 30 0 0 0 0 1 0 1 0 -1 0 0 3023.dat
1 0 30 -8 0 0 0 1 0 1 0 -1 0 0 3023.dat
1 0 -30 -8 0 0 0 1 0 1 0 -1 0 0 3023.dat
1 72 0 0 80 -1 0 0 0 1 0 0 0 -1 43719.dat
0 STEP
1 0 0 -24 50 1 0 -0.000053 0 1 0 0.000053 0 1 3660.dat
1 0 0 -24 70 -1 0 0.000026 0 1 0 -0.000026 0 -1 4865a.dat
1 0 0 -24 90 1 0 -0.000079 0 1 0 0.000079 0 1 4865a.dat
0 STEP
1 0 -10 -32 40 0 0 1 0 1 0 -1 0 0 60478.dat
1 0 10 -32 40 0 0 1 0 1 0 -1 0 0 60478.dat
1 0 0 -56 60 0 0 1 0 1 0 -1 0 0 3001.dat
1 0 0 -32 80 -1 0 0.000027 0 1 0 -0.000027 0 -1 2817.dat
0 STEP
1 4 -30 -32 -10 1 0 0 0 1 0 0 0 1 3665.dat
1 4 -30 -32 10 -1 0 0 0 1 0 0 0 -1 4287.dat
1 4 -30 -56 -30 1 0 0 0 1 0 0 0 1 3005.dat
1 4 -30 -56 30 -1 0 0 0 1 0 0 0 -1 3040.dat
1 0 -30 -56 0 0 0 -1 0 1 0 1 0 0 32000.dat
0 STEP
1 4 30 -32 -10 1 0 0 0 1 0 0 0 1 3665.dat
1 4 30 -32 10 -1 0 0 0 1 0 0 0 -1 4287.dat
1 4 30 -56 -30 1 0 0 0 1 0 0 0 1 3005.dat
1 4 30 -56 30 -1 0 0 0 1 0 0 0 -1 3040.dat
1 0 30 -56 0 0 0 -1 0 1 0 1 0 0 32000.dat
0 STEP
1 0 0 -80 70 0 0 1 0 1 0 -1 0 0 3002.dat
1 4 10 -80 30 -0.000026 0 -1 0 1 0 1 0 -0.000026 3040.dat
1 4 -10 -80 30 -0.000026 0 1 0 1 0 -1 0 -0.000026 3040.dat
0 STEP
1 0 -29.9995 -80 0 -0.000053 0 -1 0 1 0 1 0 -0.000053 3660.dat
1 0 30 -80 0 0 0 1 0 1 0 -1 0 0 3660.dat
1 4 30 -80 -30 0 0 1 0 1 0 -1 0 0 3676.dat
1 4 -30 -80 -30 1 0 0 0 1 0 0 0 1 3676.dat
0 STEP
1 0 -0.0003 -88 -40 1 0 -0.000026 0 1 0 0.000026 0 1 33909.dat
1 4 30 -104 -40 1 0 0 0 1 0 0 0 1 3044c.dat
1 4 -30 -104 -40 1 0 0 0 1 0 0 0 1 3044c.dat
0 STEP
1 0 -10 -88 40 -1 0 0 0 1 0 0 0 -1 85970.dat
1 0 10 -88 40 -1 0 0 0 1 0 0 0 -1 85970.dat
1 72 -10 -96 40 0.000079 0 1 0 1 0 -1 0 0.000079 32028.dat
1 72 10 -96 40 -0.000132 0 -1 0 1 0 1 0 -0.000132 32028.dat
1 72 10 -104 40 -0.000132 0 -1 0 1 0 1 0 -0.000132 32028.dat
1 72 -10 -104 40 0.000079 0 1 0 1 0 -1 0 0.000079 32028.dat
1 0 0 -176 30 -1 0 0 0 1 0 0 0 -1 3684a.dat
0 STEP
1 0 0 -72 110 -1 0 0 0 1 0 0 0 -1 3004.dat
1 0 0 -72 170 1 0 -0.000053 0 1 0 0.000053 0 1 3747b.dat
1 0 0 -72 190 -1 0 0.000106 0 1 0 -0.000106 0 -1 3660.dat
0 STEP
1 0 0 -48 190 -1 0 0.000106 0 1 0 -0.000106 0 -1 3039.dat
1 0 -10 -48 170 -0.000132 0 -1 0 1 0 1 0 -0.000132 6541.dat
1 0 10 -48 170 -0.000132 0 -1 0 1 0 1 0 -0.000132 6541.dat
1 0 0 -48 110 -1 0 0.000211 0 1 0 -0.000211 0 -1 3298.dat
0 STEP
1 0 -10 -24 120 -1 0 0.000211 0 1 0 -0.000211 0 -1 42023.dat
1 0 10 -24 120 -1 0 0.000211 0 1 0 -0.000211 0 -1 42023.dat
1 72 -9.9979 0 110 -1 0 0.000211 0 1 0 -0.000211 0 -1 85861.dat
1 72 -10.0021 0 130 -1 0 0.000211 0 1 0 -0.000211 0 -1 85861.dat
1 72 10.0021 0 110 -1 0 0.000211 0 1 0 -0.000211 0 -1 85861.dat
1 72 9.9979 0 130 -1 0 0.000211 0 1 0 -0.000211 0 -1 85861.dat
0 STEP
1 0 -10 -128 0 0 0 1 0 1 0 -1 0 0 3678b.dat
1 0 10 -128 0 0 0 -1 0 1 0 1 0 0 3678b.dat
1 0 0 -152 0 0 0 1 0 1 0 -1 0 0 3003.dat
1 0 0 -112 -30 1 0 0 0 1 0 0 0 1 3660.dat
0 STEP
1 0 10 -120 -40 0.000026 0 1 0 1 0 -1 0 0.000026 60478.dat
1 0 -10 -120 -40 0.000026 0 1 0 1 0 -1 0 0.000026 60478.dat
1 0 0 -192 -30 1 0 0.000026 0 1 0 -0.000026 0 1 3684a.dat
0 STEP
1 0 0 -176 0 -1 0 0 0 1 0 0 0 -1 48172.dat
1 0 -60 -165.9989 0 1 0 -0.000053 -0.000053 0.000026 -1 0 1 0.000026 47455.dat
1 0 60 -166 0 -1 0 0 0 0.000026 1 0 1 -0.000026 47455.dat
0 STEP
1 0 0 -184 -10 1 0 0 0 1 0 0 0 1 3023.dat
1 0 0 -200 0 -1 0 0 0 1 0 0 0 -1 93606.dat
0 STEP
1 0 -10 -113.7573 -74.2426 0.000026 0 1 -0.707098 0.707116 0.000018 -0.707116 -0.707098 0.000018 2555.dat
1 0 10 -113.7573 -74.2426 0.000026 0 1 -0.707098 0.707116 0.000018 -0.707116 -0.707098 0.000018 2555.dat
0 STEP
1 0 0 -112.3433 -61.5146 1 0 0 0 0.707116 0.707098 0 -0.707098 0.707116 43713.dat
1 0 0 -99.6154 -60.1003 1 0 0 0 0.707116 0.707098 0 -0.707098 0.707116 3069b.dat
1 0 0 -122.2423 -94.0417 1 0 0 0 0.707116 0.707098 0 -0.707098 0.707116 85984.dat
1 0 0 -136.3843 -108.184 1 0 0 0 0.707116 0.707098 0 -0.707098 0.707116 85984.dat
0 STEP
1 0 0 -174.568 -112.4271 1 0 0 0 0.707116 0.707098 0 -0.707098 0.707116 43719.dat
1 0 10 -174.568 -112.4271 0.000026 0 -1 0.707098 0.707116 0.000018 0.707116 -0.707098 0.000018 85984.dat
1 0 -10 -174.568 -112.4272 0.000027 0 1 -0.707098 0.707116 0.000019 -0.707116 -0.707098 0.000019 85984.dat
0 STEP
1 0 30 -129.314 -44.5443 0.000026 0 1 -0.707098 0.707116 0.000018 -0.707116 -0.707098 0.000018 3004.dat
1 0 30 -153.3558 -34.6451 -1 0 0.000053 -0.000037 0.707116 -0.707098 -0.000037 -0.707098 -0.707116 3040.dat
1 0 30 -153.3558 -34.6451 -0.000106 0 -1 0.707098 0.707116 -0.000075 0.707116 -0.707098 -0.000075 54200.dat
0 STEP
1 0 -30 -129.314 -44.5443 0.000026 0 1 -0.707098 0.707116 0.000018 -0.707116 -0.707098 0.000018 3004.dat
1 0 -30 -153.3558 -34.6451 -1 0 0.000053 -0.000037 0.707116 -0.707098 -0.000037 -0.707098 -0.707116 3040.dat
1 0 -30 -153.3558 -34.6451 0.000158 0 1 -0.707098 0.707116 0.000112 -0.707116 -0.707098 0.000112 54200.dat
0 STEP
1 0 10 32 50 1 0 0.000026 0 1 0 -0.000026 0 1 13547.dat
1 0 -10 32 50 1 0 0.000026 0 1 0 -0.000026 0 1 13547.dat
1 0 0 32 40 1 0 0.000026 0 1 0 -0.000026 0 1 3068b.dat
1 0 0 48 50 -1 0 0.000053 0 1 0 -0.000053 0 -1 60471.dat
0 STEP
1 0 0 56 90 0.000026 0 1 0 1 0 -1 0 0.000026 44300.dat
1 0 0 64 70 1 0 0 0 1 0 0 0 1 4070.dat
1 34 0 74.0002 64 -1 0 -0.000026 -0.000026 0.000026 1 0 1 -0.000026 54200.dat
1 0 0 64 90 -1 0 0.000053 0 1 0 -0.000053 0 -1 4287.dat
1 0 -0.0005 64 120 -1 0 -0.000053 0 1 0 0.000053 0 -1 11477.dat
0 STEP
1 0 0 88 30 -1 0 0.000027 0 1 0 -0.000027 0 -1 13547.dat
1 0 0 88 40 -0.000053 0 -1 0 1 0 1 0 -0.000053 3069b.dat
0 NOFILE
0 FILE 06-01-side.ldr
0 Name: 06-01-side.ldr
0 Author: Nathanel Titane // nathanel.titane@gmail.com // All Rights Reserved
1 0 -50 56 0 -1 0 0 0 1 0 0 0 -1 3022.dat
1 0 -50 48 0 -1 0 0 0 1 0 0 0 -1 3795.dat
1 0 -50 24 0 -1 0 0 0 1 0 0 0 -1 2456.dat
0 STEP
1 0 0 0 0 0 0 -1 0 1 0 1 0 0 32000.dat
1 0 10 10 -10 -1 0 0 0 1 0 0 0 -1 2780.dat
1 0 10 10 10 -1 0 0 0 1 0 0 0 -1 2780.dat
0 STEP
1 0 -50 0 10 -1 0 0 0 1 0 0 0 -1 30414.dat
1 0 -50 0 -10 1 0 0 0 1 0 0 0 1 30414.dat
0 STEP
1 0 -100 0 0 0 0 -1 0 1 0 1 0 0 32064.dat
1 0 -110 10 0 1 0 0 0 1 0 0 0 1 32062.dat
1 0 -120 10 0 0 1 0 -1 0 0 0 0 1 32474.dat
0 STEP
1 0 -40 56 10 0 0 1 0 1 0 -1 0 0 13547.dat
1 0 -40 56 -10 0 0 1 0 1 0 -1 0 0 13547.dat
1 71 -40 72 -10 -1 0 0 0 1 0 0 0 -1 4073.dat
1 71 -40 72 10 -1 0 0 0 1 0 0 0 -1 4073.dat
0 STEP
1 0 2 70 0 0 1 -0.000026 0.000026 0.000026 1 1 0 -0.000026 99207.dat
1 72 -6 69.9998 0 0 1 0.000026 -0.000079 0.000026 -1 -1 0 0.000079 32028.dat
1 72 -14 69.9996 0 0 1 0.000026 -0.000079 0.000026 -1 -1 0 0.000079 32028.dat
1 0 -22 69.9994 0 0 1 0.000026 -0.000079 0.000026 -1 -1 0 0.000079 48336.dat
1 0 -30 69.9992 0 0 1 0.000026 -0.000079 0.000026 -1 -1 0 0.000079 3069b.dat
0 STEP
1 0 -35.5546 102.7269 0 -0.000037 0.707098 -0.707116 0.000037 0.707116 0.707098 1 0 -0.000053 60470.dat
1 0 -36.969 115.4548 0 0 0.707098 0.707116 0 0.707116 -0.707098 -1 0 0 3022.dat
0 STEP
1 0 -62.4249 118.2829 0 0 0.707098 0.707116 0 0.707116 -0.707098 -1 0 0 47753.dat
1 0 -59.5968 149.3957 0 0 0.707098 0.707116 0 0.707116 -0.707098 -1 0 0 43719.dat
0 STEP
1 4 -70 -24 0 0 0 1 0 1 0 -1 0 0 47753.dat
1 71 -10 -24 -10 1 0 0.000026 0 1 0 -0.000026 0 1 3039.dat
1 71 -10 -24 10 -1 0 0.000027 0 1 0 -0.000027 0 -1 3039.dat
0 STEP
1 4 -10 20 44 0 0 1 -1 0 0 0 -1 0 44126.dat
1 4 -10 50 44 0 0 1 -1 0 0 0 -1 0 41747.dat
1 4 -10 20 -44 0 0 1 1 0 0 0 1 0 44126.dat
1 4 -10 50 -44 0 0 1 1 0 0 0 1 0 41748.dat
1 71 -10 -24 0 0 0 1 0 1 0 -1 0 0 15068.dat
1 72 0 -32 0 0 0 1 0 1 0 -1 0 0 3023.dat
0 STEP
1 0 -19.9997 39.9992 52 -0.000079 0 -1 1 0 -0.000079 0 -1 0 60478.dat
1 0 0.0003 40.0008 52 -0.000079 0 -1 1 0 -0.000079 0 -1 0 60478.dat
1 71 -9.9989 20 44 1 0 -0.000053 0.000053 0 1 0 -1 0 15068.dat
1 71 -10.0005 50 60 1 0 -0.000053 0.000053 0 1 0 -1 0 3069b.dat
0 STEP
1 0 -10 40 -52 1 0 0 0 0 -1 0 1 0 3022.dat
1 71 -10 20 -44 -1 0 0 0 0 1 0 1 0 15068.dat
1 71 -20 50 -60 0 0 1 1 0 0 0 1 0 54200.dat
1 71 0 50 -60 0 0 -1 -1 0 0 0 1 0 54200.dat
1 71 -10 50.0003 -60 1 0 0.000026 0.000026 0 -1 0 1 0 48336.dat
0 STEP
1 0 -181.9315 85.5807 -9.9945 0.965927 -0.000007 0.258815 0.258815 0.000025 -0.965927 0 1 0.000026 09-01-arm.ldr
0 NOFILE
0 FILE 06-02-side.ldr
0 Name: 06-02-side.ldr
0 Author: Nathanel Titane // nathanel.titane@gmail.com // All Rights Reserved
1 0 -50 56 0 -1 0 0 0 1 0 0 0 -1 3022.dat
1 0 -50 48 0 -1 0 0 0 1 0 0 0 -1 3795.dat
1 0 -50 24 0 -1 0 0 0 1 0 0 0 -1 2456.dat
0 STEP
1 0 0 0 0 0 0 -1 0 1 0 1 0 0 32000.dat
1 0 10 10 -10 -1 0 0 0 1 0 0 0 -1 2780.dat
1 0 10 10 10 -1 0 0 0 1 0 0 0 -1 2780.dat
0 STEP
1 0 -50 0 10 -1 0 0 0 1 0 0 0 -1 30414.dat
1 0 -50 0 -10 1 0 0 0 1 0 0 0 1 30414.dat
0 STEP
1 0 -100 0 0 0 0 -1 0 1 0 1 0 0 32064.dat
1 0 -110 10 0 1 0 0 0 1 0 0 0 1 32062.dat
1 0 -120 10 0 0 1 0 -1 0 0 0 0 1 32474.dat
0 STEP
1 0 -40 56 10 0 0 1 0 1 0 -1 0 0 13547.dat
1 0 -40 56 -10 0 0 1 0 1 0 -1 0 0 13547.dat
1 71 -40 72 -10 -1 0 0 0 1 0 0 0 -1 4073.dat
1 71 -40 72 10 -1 0 0 0 1 0 0 0 -1 4073.dat
0 STEP
1 0 2 70 0 0 1 -0.000026 0.000026 0.000026 1 1 0 -0.000026 99207.dat
1 72 -6 69.9998 0 0 1 0.000026 -0.000079 0.000026 -1 -1 0 0.000079 32028.dat
1 72 -14 69.9996 0 0 1 0.000026 -0.000079 0.000026 -1 -1 0 0.000079 32028.dat
1 0 -22 69.9994 0 0 1 0.000026 -0.000079 0.000026 -1 -1 0 0.000079 48336.dat
1 0 -30 69.9992 0 0 1 0.000026 -0.000079 0.000026 -1 -1 0 0.000079 3069b.dat
0 STEP
1 0 -35.5546 102.7269 0 -0.000037 0.707098 -0.707116 0.000037 0.707116 0.707098 1 0 -0.000053 60470.dat
1 0 -36.969 115.4548 0 0 0.707098 0.707116 0 0.707116 -0.707098 -1 0 0 3022.dat
0 STEP
1 0 -62.4249 118.2829 0 0 0.707098 0.707116 0 0.707116 -0.707098 -1 0 0 47753.dat
1 0 -59.5968 149.3957 0 0 0.707098 0.707116 0 0.707116 -0.707098 -1 0 0 43719.dat
0 STEP
1 4 -70 -24 0 0 0 1 0 1 0 -1 0 0 47753.dat
1 71 -10 -24 -10 1 0 0.000026 0 1 0 -0.000026 0 1 3039.dat
1 71 -10 -24 10 -1 0 0.000027 0 1 0 -0.000027 0 -1 3039.dat
0 STEP
1 4 -10 20 44 0 0 1 -1 0 0 0 -1 0 44126.dat
1 4 -10 50 44 0 0 1 -1 0 0 0 -1 0 41747.dat
1 4 -10 20 -44 0 0 1 1 0 0 0 1 0 44126.dat
1 4 -10 50 -44 0 0 1 1 0 0 0 1 0 41748.dat
1 71 -10 -24 0 0 0 1 0 1 0 -1 0 0 15068.dat
1 72 0 -32 0 0 0 1 0 1 0 -1 0 0 3023.dat
0 STEP
1 0 -0.0003 39.9992 -52 0.000079 0 1 1 0 -0.000079 0 1 0 60478.dat
1 0 -20.0003 40.0008 -52 0.000079 0 1 1 0 -0.000079 0 1 0 60478.dat
1 71 -10.0011 20 -44 -1 0 0.000053 0.000053 0 1 0 1 0 15068.dat
1 71 -9.9995 50 -60 -1 0 0.000053 0.000053 0 1 0 1 0 3069b.dat
0 STEP
1 0 -10 40 52 -1 0 0 0 0 -1 0 -1 0 3022.dat
1 71 -10 20 44 1 0 0 0 0 1 0 -1 0 15068.dat
1 71 0 50 60 0 0 -1 1 0 0 0 -1 0 54200.dat
1 71 -20 50 60 0 0 1 -1 0 0 0 -1 0 54200.dat
1 71 -10 50.0003 60 -1 0 -0.000026 0.000026 0 -1 0 -1 0 48336.dat
0 STEP
1 0 -181.9315 85.5807 10.0055 -0.965927 0.000044 0.258815 -0.258815 0.000039 -0.965927 -0.000053 -1 -0.000026 09-02-arm.ldr
0 NOFILE
0 FILE 07-head.ldr
0 Name: 07-head.ldr
0 Author: Nathanel Titane // nathanel.titane@gmail.com // All Rights Reserved
1 0 -10 -8 0 0.000026 0 1 0 1 0 -1 0 0.000026 2555.dat
1 0 10 -8 0 0.000026 0 1 0 1 0 -1 0 0.000026 2555.dat
1 0 0 0 0 -1 0 0.000052 0 1 0 -0.000052 0 -1 3004.dat
1 0 0 24 0 -1 0 0.000052 0 1 0 -0.000052 0 -1 32028.dat
0 STEP
1 0 0 42 6 1 0 -0.000026 0.000026 0.000026 1 0 -1 0.000026 99206.dat
1 41 -0.0011 62 6.0005 -1 0 0.000053 -0.000053 0.000026 -1 0 -1 -0.000026 3023.dat
1 0 -0.0005 51.9998 14.0003 0.000053 0 1 -1 0.000026 0.000053 -0.000026 -1 0 3022.dat
0 STEP
1 15 -0.0011 61.9992 38.0005 -1 0 0.000053 -0.000053 0.000026 -1 0 -1 -0.000026 3048b.dat
1 15 0 41.9992 38 0.000158 0 1 -1 0.000026 0.000158 -0.000026 -1 0 3044b.dat
0 STEP
1 15 10.0021 2.001 -10.0011 -1 0 0.000053 -0.000053 0.000026 -1 0 -1 -0.000026 13547.dat
1 15 -9.9979 1.9999 -10.0011 -1 0 0.000053 -0.000053 0.000026 -1 0 -1 -0.000026 13547.dat
1 15 0.0056 -17.9994 -18.0016 1 0 -0.000132 0.000132 0.000026 1 0 -1 0.000026 32803.dat
1 15 0.0056 -17.9996 -10.0016 1 0 -0.000132 0.000132 0.000026 1 0 -1 0.000026 99563.dat
1 15 0.0016 12.0004 -10.0008 1 0 -0.000132 0.000132 0.000026 1 0 -1 0.000026 3068b.dat
0 NOFILE
0 FILE 08-shoulder-hinge-socket.ldr
0 Name: 08-shoulder-hinge-socket.ldr
0 Author: Nathanel Titane // nathanel.titane@gmail.com // All Rights Reserved
1 0 0 0 0 1 0 0 0 1 0 0 0 1 32174.dat
1 1 -20 0 0 1 0 0 0 1 0 0 0 1 43093.dat
1 1 20 0 0 -1 0 0 0 -1 0 0 0 1 43093.dat
1 1 0 10 20 0 1 0 -1 0 0 0 0 1 43093.dat
0 STEP
1 72 0 20 10 -1 0 0 0 0 1 0 1 0 3700.dat
1 72 0 30 34 -1 0 0 0 0 1 0 1 0 11203.dat
0 STEP
1 72 0 40 10 -1 0 0 0 0 1 0 1 0 3700.dat
1 72 0 30 2 -1 0 0 0 0 1 0 1 0 3068b.dat
0 STEP
1 1 0 50 20 0 -1 0 1 0 0 0 0 1 43093.dat
0 NOFILE
0 FILE 09-01-arm.ldr
0 Name: 09-01-arm.ldr
0 Author: Nathanel Titane // nathanel.titane@gmail.com // All Rights Reserved
1 72 0 0 0 0 0 1 0 1 0 -1 0 0 92013.dat
1 15 -10 24 30 1 0 0 0 1 0 0 0 1 4287.dat
1 15 10 24 30 1 0 0 0 1 0 0 0 1 4287.dat
0 STEP
1 72 0 0 30 1 0 0 0 1 0 0 0 1 32064.dat
1 15 0 -8 20 1 0 0 0 1 0 0 0 1 3022.dat
0 STEP
1 15 0 -16 30 1 0 0 0 1 0 0 0 1 3069b.dat
1 15 0 0 0 1 0 0 0 1 0 0 0 1 15068.dat
0 STEP
1 0 19.9984 9.9963 90.0005 0.000026 0 -1 1 0.000026 0.000026 0.000026 -1 0 08-shoulder-hinge-socket.ldr
0 STEP
0 !LEOCAD PIECE PIVOT  0 10 20 1 0 0 0 1 0 0 0 1
1 0 9.9961 4.8195 -59.3185 0.000026 -1 0 0.965927 0.000026 0.258815 -0.258815 -0.000007 0.965927 10-01-forearm.ldr
0 STEP
1 0 0 -20 80 1 0 0 0 0 -1 0 1 0 12-shoulder.ldr
0 NOFILE
0 FILE 09-02-arm.ldr
0 Name: 09-02-arm.ldr
0 Author: Nathanel Titane // nathanel.titane@gmail.com // All Rights Reserved
1 72 0 0 0 0 0 1 0 1 0 -1 0 0 92013.dat
1 15 -10 24 30 1 0 0 0 1 0 0 0 1 4287.dat
1 15 10 24 30 1 0 0 0 1 0 0 0 1 4287.dat
0 STEP
1 72 0 0 30 1 0 0 0 1 0 0 0 1 32064.dat
1 15 0 -8 20 1 0 0 0 1 0 0 0 1 3022.dat
0 STEP
1 15 0 -16 30 1 0 0 0 1 0 0 0 1 3069b.dat
1 15 0 0 0 1 0 0 0 1 0 0 0 1 15068.dat
0 STEP
1 0 -20.0016 9.9973 90.0005 -0.000026 0 1 -1 0.000026 -0.000026 -0.000026 -1 0 08-shoulder-hinge-socket.ldr
0 STEP
0 !LEOCAD PIECE PIVOT  0 10 20 1 0 0 0 1 0 0 0 1
1 0 -10.0039 4.82 -59.3187 -0.000025 1 0 -0.965927 -0.000024 0.258814 0.258814 0.000007 0.965927 10-02-forearm.ldr
0 STEP
1 0 -0.0032 39.9942 80.0016 -1 0 0 0 -0.000052 1 0 1 0.000052 12-shoulder.ldr
0 NOFILE
0 FILE 10-01-forearm.ldr
0 Name: 10-01-forearm.ldr
0 Author: Nathanel Titane // nathanel.titane@gmail.com // All Rights Reserved
1 0 0 0 0 1 0 0 0 1 0 0 0 1 32064.dat
1 0 0 0 -20 1 0 0 0 1 0 0 0 1 32064.dat
1 0 0 10 0 0.000026 0 1 0 1 0 -1 0 0.000026 4519.dat
1 0 0 10 20 0.000026 0 1 -1 0.000026 0.000026 -0.000026 -1 0 32474.dat
0 STEP
1 0 -10 24 -90 -1 0 0 0 1 0 0 0 -1 42023.dat
1 0 10 24 -90 -1 0 0 0 1 0 0 0 -1 42023.dat
1 0 10 0 -50 0 0 -1 0 1 0 1 0 0 11211.dat
1 0 -10 0 -50 0 0 1 0 1 0 -1 0 0 11211.dat
0 STEP
1 0 0 8 -100 1 0 -0.000053 0 1 0 0.000053 0 1 99206.dat
1 0 0 8 -80 1 0 -0.000053 0 1 0 0.000053 0 1 3023.dat
1 0 0.001 -16 -80.0011 1 0 0.000105 0 1 0 -0.000105 0 1 3039.dat
0 STEP
1 72 0 48 -100 1 0 0 0 1 0 0 0 1 3004.dat
1 72 0 64 -80 -1 0 0.000053 0 1 0 -0.000053 0 -1 32028.dat
1 72 0 56 -80 -1 0 0.000053 0 1 0 -0.000053 0 -1 32028.dat
1 72 0 48 -80 -1 0 0.000053 0 1 0 -0.000053 0 -1 32028.dat
0 STEP
1 72 0 64 -130 1 0 0 0 1 0 0 0 1 3068b.dat
1 4 0 56 -110 0 0 1 0 1 0 -1 0 0 4854.dat
1 71 30 56 -90 0 0 -1 0 1 0 1 0 0 85984.dat
1 71 -30 56 -90 0 0 1 0 1 0 -1 0 0 85984.dat
0 STEP
1 4 30 32 -120 -0.000079 0 -1 0 1 0 1 0 -0.000079 3665.dat
1 4 -30 32 -120 0.000026 0 1 0 1 0 -1 0 0.000026 3665.dat
1 4 -30 32 -140 1 0 0 0 1 0 0 0 1 3665.dat
1 4 30 32 -140 1 0 0 0 1 0 0 0 1 3665.dat
0 STEP
1 0 -10.0063 24.0001 -118.0013 0.000131 0 -1 -1 0.000026 -0.000131 0.000026 1 0 60478.dat
1 0 9.9937 24.0001 -118.0013 0.000131 0 -1 -1 0.000026 -0.000131 0.000026 1 0 60478.dat
1 0 -0.0102 53.9988 -118.0021 1 0 0.000131 0.000131 0.000026 -1 0 1 0.000026 3023.dat
1 0 -0.0063 14 -118.001 -1 0 -0.000158 -0.000158 0.000026 1 0 1 -0.000026 85984.dat
1 0 -0.0063 43.9998 -126.0018 1 0 0.000105 0.000105 0.000026 -1 0 1 0.000026 3680.dat
1 71 -0.0063 43.9998 -126.0018 0.707042 0 0.707172 0.707172 0.000026 -0.707042 -0.000019 1 0.000019 3679.dat
0 STEP
1 71 -0.0063 43.9992 -150.0018 0.707042 0 0.707172 0.707172 0.000026 -0.707042 -0.000019 1 0.000019 3941.dat
1 71 -0.0063 43.9986 -174.0018 0.707042 0 0.707172 0.707172 0.000026 -0.707042 -0.000019 1 0.000019 3941.dat
1 71 -0.0065 29.8558 -198.0014 0.707042 0 0.707172 0.707172 0.000026 -0.707042 -0.000019 1 0.000019 3062b.dat
1 71 -14.1484 43.9981 -198.0018 0.707042 0 0.707172 0.707172 0.000026 -0.707042 -0.000019 1 0.000019 3062b.dat
1 71 -0.0061 58.1401 -198.0021 0.707042 0 0.707172 0.707172 0.000026 -0.707042 -0.000019 1 0.000019 3062b.dat
1 71 14.1358 43.9978 -198.0018 0.707042 0 0.707172 0.707172 0.000026 -0.707042 -0.000019 1 0.000019 3062b.dat
0 STEP
1 0 30 8 -120 -0.000079 0 -1 0 1 0 1 0 -0.000079 3040.dat
1 0 -30 8 -120 0.000026 0 1 0 1 0 -1 0 0.000026 3040.dat
1 0 -30 24 -150 0.000026 0 -1 0 1 0 1 0 0.000026 3023.dat
1 0 -30 16 -150 0.000026 0 -1 0 1 0 1 0 0.000026 3023.dat
1 0 30 24 -150 0 0 -1 0 1 0 1 0 0 3023.dat
1 0 30 16 -150 0 0 -1 0 1 0 1 0 0 3023.dat
0 STEP
1 4 30 -8 -130 1 0 0 0 1 0 0 0 1 61678.dat
1 4 -30 -8 -130 1 0 0 0 1 0 0 0 1 61678.dat
0 STEP
1 4 -44 10 -90 0 1 0 1 0 0 0 0 -1 41748.dat
1 71 -52 9.9945 -100 0.000053 1 0 -1 0.000053 0 0 0 1 24246.dat
1 71 -52 9.9945 -80 -0.000053 1 0 1 0.000053 0 0 0 -1 24246.dat
0 STEP
1 4 44 10 -90 0 -1 0 -1 0 0 0 0 -1 41747.dat
1 71 52 10 -100 -0.000106 -1 0 1 -0.000106 0 0 0 1 24246.dat
1 71 52 10 -80 0 -1 0 -1 0 0 0 0 -1 24246.dat
0 STEP
1 0 -10 -24 -80.0008 -0.000079 0 1 0 1 0 -1 0 -0.000079 28192.dat
1 0 10 -24 -79.9997 0.000026 0 -1 0 1 0 1 0 0.000026 28192.dat
1 4 0 -24 -30 -1 0 0 0 1 0 0 0 -1 47753.dat
0 STEP
0 !LEOCAD PIECE PIVOT  0 -10 -16 1 0 0 0 1 0 0 0 1
1 0 -0.0027 -24.8562 -116.6594 -1 0 0.000053 -0.000046 -0.49997 -0.866043 0.000026 -0.866043 0.49997 11-01-hand.ldr
0 NOFILE
0 FILE 10-02-forearm.ldr
0 Name: 10-02-forearm.ldr
0 Author: Nathanel Titane // nathanel.titane@gmail.com // All Rights Reserved
1 0 0 0 0 1 0 0 0 1 0 0 0 1 32064.dat
1 0 0 0 -20 1 0 0 0 1 0 0 0 1 32064.dat
1 0 0 10 0 0.000026 0 1 0 1 0 -1 0 0.000026 4519.dat
1 0 0 10 20 0.000026 0 1 -1 0.000026 0.000026 -0.000026 -1 0 32474.dat
0 STEP
1 0 -10 24 -90 -1 0 0 0 1 0 0 0 -1 42023.dat
1 0 10 24 -90 -1 0 0 0 1 0 0 0 -1 42023.dat
1 0 10 0 -50 0 0 -1 0 1 0 1 0 0 11211.dat
1 0 -10 0 -50 0 0 1 0 1 0 -1 0 0 11211.dat
0 STEP
1 0 0 8 -100 1 0 -0.000053 0 1 0 0.000053 0 1 99206.dat
1 0 0 8 -80 1 0 -0.000053 0 1 0 0.000053 0 1 3023.dat
