0 FILE 00-instructions.ldr
0 Name: 00-instructions.ldr
0 Author: Nathanel Titane // nathanel.titane@gmail.com // All Rights Reserved
0
0 // LPUB[3D] FRONT COVER PAGE /////////////////////////////////////////////////
0
0 !LPUB PAGE DOCUMENT_TITLE_FRONT COLOR "#666666"
0 !LPUB PAGE DOCUMENT_TITLE_FRONT CONTENT GLOBAL "MODEL // GAT-X103 BUSTER"
0 !LPUB PAGE DOCUMENT_TITLE_FRONT DISPLAY GLOBAL TRUE
0 !LPUB PAGE DOCUMENT_TITLE_FRONT FONT "Noto Sans,72,-1,0,75,0,0,0,0,0,Bold"
0 !LPUB PAGE DOCUMENT_TITLE_FRONT MARGINS 0.2500 0.1000
0 !LPUB PAGE DOCUMENT_TITLE_FRONT PLACEMENT GLOBAL TOP_LEFT PAGE INSIDE OFFSET 0.0000 0.0000

0 !LPUB PAGE DOCUMENT_AUTHOR_FRONT CONTENT GLOBAL "MODEL DESIGN AND INSTRUCTIONS // NATHANEL TITANE"
0 !LPUB PAGE DOCUMENT_AUTHOR_FRONT COLOR "#666666"
0 !LPUB PAGE DOCUMENT_AUTHOR_FRONT DISPLAY GLOBAL TRUE
0 !LPUB PAGE DOCUMENT_AUTHOR_FRONT FONT "Noto Sans,18,-1,0,75,0,0,0,0,0,Bold"
0 !LPUB PAGE DOCUMENT_AUTHOR_FRONT MARGINS 0.3000 1.0000
0 !LPUB PAGE DOCUMENT_AUTHOR_FRONT PLACEMENT TOP_LEFT PAGE INSIDE OFFSET 0.0000 0.0000

0 !LPUB PAGE MODEL_PARTS COLOR "#666666"
0 !LPUB PAGE MODEL_PARTS CONTENT GLOBAL "1318 PIECES"
0 !LPUB PAGE MODEL_PARTS DISPLAY GLOBAL TRUE
0 !LPUB PAGE MODEL_PARTS FONT "Noto Sans,72,-1,0,75,0,0,0,0,0,Bold"
0 !LPUB PAGE MODEL_PARTS MARGINS 0.2500 0.1000
0 !LPUB PAGE MODEL_PARTS PLACEMENT GLOBAL BOTTOM_LEFT PAGE INSIDE OFFSET 0.0000 0.0000

0 !LPUB PAGE PUBLISH_DESCRIPTION COLOR "#666666"
0 !LPUB PAGE PUBLISH_DESCRIPTION CONTENT GLOBAL "LEGO // LINUX - Where Lego and Linux Meet"
0 !LPUB PAGE PUBLISH_DESCRIPTION DISPLAY GLOBAL TRUE
0 !LPUB PAGE PUBLISH_DESCRIPTION FONT "Noto Sans,36,-1,0,75,0,0,0,0,0,Bold"
0 !LPUB PAGE PUBLISH_DESCRIPTION MARGINS 0.2000 0.2000
0 !LPUB PAGE PUBLISH_DESCRIPTION PLACEMENT GLOBAL BOTTOM_RIGHT PAGE INSIDE OFFSET 0.0000 0.0000
0
0 // LPUB[3D] BACK COVER PAGE //////////////////////////////////////////////////
0
0 // LPUB[3D] DOCUMENT DISCLAIMER
0 !LPUB PAGE LEGO_DISCLAIMER COLOR "#666666"
0 !LPUB PAGE LEGO_DISCLAIMER CONTENT GLOBAL "LEGO® // REGISTERED TRADEMARK OF THE LEGO GROUP"
0 !LPUB PAGE LEGO_DISCLAIMER DISPLAY GLOBAL TRUE
0 !LPUB PAGE LEGO_DISCLAIMER FONT "Noto Sans,36,-1,0,75,0,0,0,0,0,Bold"
0 !LPUB PAGE LEGO_DISCLAIMER PLACEMENT GLOBAL CENTER PAGE INSIDE OFFSET 0.0000 -0.2500
0
0 // LPUB[3D] PAGE DOCUMENT AUTHOR
0 !LPUB PAGE DOCUMENT_AUTHOR_BACK COLOR "#666666"
0 !LPUB PAGE DOCUMENT_AUTHOR_BACK CONTENT GLOBAL "MODEL DESIGN AND INSTRUCTIONS // NATHANEL TITANE"
0 !LPUB PAGE DOCUMENT_AUTHOR_BACK DISPLAY GLOBAL TRUE
0 !LPUB PAGE DOCUMENT_AUTHOR_BACK FONT "Noto Sans,36,-1,0,75,0,0,0,0,0,Bold"
0 !LPUB PAGE DOCUMENT_AUTHOR_BACK PLACEMENT CENTER PAGE INSIDE OFFSET 0.0000 -0.2000
0
0 // LPUB[3D] PAGE PUBLICATION COPYRIGHT
0 !LPUB PAGE PUBLISH_COPYRIGHT_BACK COLOR "#666666"
0 !LPUB PAGE PUBLISH_COPYRIGHT_BACK CONTENT GLOBAL "COPYRIGHT // ALL RIGHTS RESERVED"
0 !LPUB PAGE PUBLISH_COPYRIGHT_BACK DISPLAY GLOBAL TRUE
0 !LPUB PAGE PUBLISH_COPYRIGHT_BACK FONT "Noto Sans,36,-1,0,75,0,0,0,0,0,Bold"
0 !LPUB PAGE PUBLISH_COPYRIGHT_BACK PLACEMENT GLOBAL CENTER PAGE INSIDE OFFSET 0.0000 -0.1500
0
0 // LPUB[3D] PAGE PUBLICATION EMAIL
0 !LPUB PAGE PUBLISH_EMAIL_BACK COLOR "#666666"
0 !LPUB PAGE PUBLISH_EMAIL_BACK CONTENT GLOBAL "CONTACT // NATHANEL.TITANE@GMAIL.COM // INFO@LEGOLINUX.COM"
0 !LPUB PAGE PUBLISH_EMAIL_BACK DISPLAY GLOBAL TRUE
0 !LPUB PAGE PUBLISH_EMAIL_BACK FONT "Noto Sans,18,-1,0,75,0,0,0,0,0,Bold"
0 !LPUB PAGE PUBLISH_EMAIL_BACK PLACEMENT GLOBAL CENTER PAGE INSIDE OFFSET 0.0000 -0.0500
0
0 // LPUB[3D] PAGE PUBLICATION URL
0 !LPUB PAGE PUBLISH_URL_BACK COLOR "#666666"
0 !LPUB PAGE PUBLISH_URL_BACK CONTENT GLOBAL "WEB // HTTPS://LEGOLINUX.COM/MODELS/MOBILE-SUITS/GAT-X103-BUSTER"
0 !LPUB PAGE PUBLISH_URL_BACK DISPLAY GLOBAL TRUE
0 !LPUB PAGE PUBLISH_URL_BACK FONT "Noto Sans,18,-1,0,75,0,0,0,0,0,Bold"
0 !LPUB PAGE PUBLISH_URL_BACK PLACEMENT GLOBAL CENTER PAGE INSIDE OFFSET 0.0000 -0.0250
0
0 // LPUB[3D] PAGE LOGO
0 !LPUB PAGE DOCUMENT_LOGO_BACK DISPLAY GLOBAL TRUE
0 !LPUB PAGE DOCUMENT_LOGO_BACK FILE GLOBAL "/media/internal/Lego/lpub3d/instructions/logo.png"
0 !LPUB PAGE DOCUMENT_LOGO_BACK PLACEMENT CENTER PAGE INSIDE OFFSET 0.0000 0.45000
0 !LPUB PAGE DOCUMENT_LOGO_BACK SCALE GLOBAL  1.0000
0
0 // LPUB[3D] CONFIGURATION ////////////////////////////////////////////////////
0
0 // LPUB[3D] PAGE WATERMARK
0 !LPUB PAGE PUBLISH_EMAIL CONTENT GLOBAL "CONTACT // NATHANEL.TITANE@GMAIL.COM // INFO@LEGOLINUX.COM"
0 !LPUB PAGE PUBLISH_EMAIL COLOR "#666666"
0 !LPUB PAGE PUBLISH_EMAIL DISPLAY GLOBAL TRUE
0 !LPUB PAGE PUBLISH_EMAIL FONT "Noto Sans,18,-1,0,75,0,0,0,0,0,Bold"
0 !LPUB PAGE PUBLISH_EMAIL MARGINS 0.0000 0.1500
0 !LPUB PAGE PUBLISH_EMAIL PLACEMENT GLOBAL BOTTOM PAGE INSIDE OFFSET 0.0000 0.0000
0 !LPUB PAGE DOCUMENT_AUTHOR CONTENT GLOBAL "MODEL DESIGN AND INSTRUCTIONS // NATHANEL TITANE"
0 !LPUB PAGE DOCUMENT_AUTHOR COLOR "#666666"
0 !LPUB PAGE DOCUMENT_AUTHOR DISPLAY GLOBAL TRUE
0 !LPUB PAGE DOCUMENT_AUTHOR FONT "Noto Sans,18,-1,0,75,0,0,0,0,0,Bold"
0 !LPUB PAGE DOCUMENT_AUTHOR MARGINS 0.0000 0.2000
0 !LPUB PAGE DOCUMENT_AUTHOR PLACEMENT GLOBAL TOP PAGE INSIDE OFFSET 0.0000 0.0000
0
0 // LPUB[3D] STEPS HIGHLIGHT
0 !LPUB HIGHLIGHT_STEP ENABLED GLOBAL TRUE
0 !LPUB HIGHLIGHT_STEP COLOR GLOBAL "#7137C8"
0
0 // LPUB[3D] STEP FADE
0 !LPUB FADE_STEP OPACITY GLOBAL "50"
0 !LPUB FADE_STEP COLOR GLOBAL "Trans_Black"
0 !LPUB FADE_STEP ENABLED GLOBAL TRUE
0 !LPUB FINAL_MODEL_ENABLED GLOBAL TRUE
0
0 // LPUB[3D] SUBMODEL PREVIEW
0 !LPUB SUBMODEL_DISPLAY SHOW GLOBAL TRUE
0 !LPUB SUBMODEL_DISPLAY BACKGROUND COLOR "#DDDDDD"
0 !LPUB SUBMODEL_DISPLAY MARGINS 0.1500 0.7500
0 !LPUB SUBMODEL_DISPLAY BORDER SQUARE 0 Black 0.031 MARGINS 0.050 0.050
0 !LPUB SUBMODEL_DISPLAY PLACEMENT GLOBAL LEFT PAGE INSIDE
0 !LPUB SUBMODEL_DISPLAY CAMERA_ANGLES 30.0000 45.0000
0
0 // LPUB[3D] ASSEMBLIES
0 !LPUB ASSEM CAMERA_ANGLES 30.0000 45.0000
0 !LPUB ASSEM MARGINS 0.5000 0.5000
0 !LPUB ASSEM MODEL_SCALE 1.0000
0 !LPUB ASSEM PLACEMENT CENTER PAGE INSIDE OFFSET 0.0000 0.0000
0
0 // LPUB[3D] BILL OF MATERIALS
0 !LPUB BOM BACKGROUND COLOR "#DDDDDD"
0 !LPUB BOM BORDER SQUARE 0 #666666 0.025 MARGINS 0.050 0.050
0 !LPUB BOM CONSTRAIN HEIGHT 13.0000
0 !LPUB BOM CONSTRAIN SQUARE
0 !LPUB BOM PLACEMENT CENTER PAGE INSIDE OFFSET 0.0000 0.0000
0
0 // LPUB[3D] CALLOUTS
0 !LPUB CALLOUT BORDER SQUARE 0 #666666 0.025 MARGINS 0.050 0.050
0 !LPUB CALLOUT MARGINS 0.1250 0.1250
0 !LPUB CALLOUT PLACEMENT RIGHT PAGE INSIDE OFFSET 0.0000 0.0000
0
0 // LPUB[3D] PAGE
0 !LPUB PAGE DOCUMENT_COVER_IMAGE DISPLAY GLOBAL TRUE
0 !LPUB PAGE DOCUMENT_COVER_IMAGE FILE GLOBAL "../renders/flat/flat.png"
0 !LPUB PAGE DOCUMENT_COVER_IMAGE FILL GLOBAL ASPECT
0 !LPUB PAGE DOCUMENT_COVER_IMAGE MARGINS GLOBAL 0.0000 0.0000
0 !LPUB PAGE DOCUMENT_COVER_IMAGE PLACEMENT GLOBAL CENTER PAGE INSIDE OFFSET 0.0000 0.0000
0 !LPUB PAGE DOCUMENT_COVER_IMAGE SCALE GLOBAL 1.0000
0
0 // LPUB[3D] PAGE NUMBER
0 !LPUB PAGE NUMBER FONT "Noto Sans,36,-1,0,75,0,0,0,0,0,Bold"
0 !LPUB PAGE NUMBER FONT_COLOR "#666666"
0 !LPUB PAGE NUMBER MARGINS 0.1250 0.1250
0 !LPUB PAGE NUMBER PLACEMENT BOTTOM_RIGHT PAGE INSIDE OFFSET 0.0000 0.0000
0
0 // LPUB[3D] PAGE SETUP
0 !LPUB PAGE BORDER GLOBAL NONE 0 MARGINS 0.000 0.000
0 !LPUB PAGE ENABLE_TEXT_PLACEMENT GLOBAL CENTER PAGE INSIDE OFFSET 0.0000 0.0000
0 !LPUB PAGE TEXT_PLACEMENT GLOBAL TRUE
0 !LPUB PAGE PAGE_FOOTER SIZE GLOBAL 32.0000 0.5000
0 !LPUB PAGE PAGE_HEADER SIZE GLOBAL 32.0000 0.5000
0 !LPUB PAGE MARGINS GLOBAL 0.0000 0.0000
0 !LPUB PAGE ORIENTATION GLOBAL LANDSCAPE
0 !LPUB PAGE SIZE GLOBAL 16.0000 32.0000
0
0 // LPUB[3D] PAGE COLORS
0 !LPUB PAGE SUBMODEL_BACKGROUND_COLOR GLOBAL "#DDDDDD" "#FFE680" "#FFAAAA" "#C6AFE9"
0
0 // LPUB[3D] SUBMODELS
0 !LPUB PAGE SUBMODEL_INSTANCE_COUNT FONT_COLOR "#FF5555"
0 !LPUB PAGE SUBMODEL_INSTANCE_COUNT FONT "Noto Sans,72,-1,0,75,0,0,0,0,0,Bold"
0 !LPUB PAGE SUBMODEL_INSTANCE_COUNT MARGINS 0.0000 0.1250
0 !LPUB PAGE SUBMODEL_INSTANCE_COUNT PLACEMENT BOTTOM_RIGHT PAGE INSIDE OFFSET 0.0000 -0.0500
0
0 // LPUB[3D] PARTS LIST
0 !LPUB PLI BACKGROUND COLOR "#DDDDDD"
0 !LPUB PLI BORDER SQUARE 0 #666666 0.025 MARGINS 0.0500 0.050
0 !LPUB PLI CAMERA_ANGLES 30.0000 45.0000
0 !LPUB PLI CONSTRAIN HEIGHT 5.0000
0 !LPUB PLI MODEL_SCALE  1.0000
0 !LPUB PLI MARGINS 0.1500 0.7500
0 !LPUB PLI PLACEMENT TOP_RIGHT PAGE INSIDE OFFSET 0.0000 0.0000
0 !LPUB PLI INSTANCE_COUNT FONT "Noto Sans,36,-1,0,75,0,0,0,0,0,Bold"
0 !LPUB PLI INSTANCE_COUNT FONT_COLOR "#666666"
0 !LPUB PLI INSTANCE_COUNT MARGINS 0.0125 0.0125
0 !LPUB PLI INSTANCE_COUNT MARGINS 0.0125 0.3000
0
0 // LPUB[3D] STEP NUMBER
0 !LPUB STEP_NUMBER FONT "Noto Sans,72,-1,0,75,0,0,0,0,0,Bold"
0 !LPUB STEP_NUMBER FONT_COLOR "#666666"
0 !LPUB STEP_NUMBER MARGINS 0.1250 0.0000
0 !LPUB STEP_NUMBER PLACEMENT TOP_LEFT PAGE INSIDE OFFSET 0.0000 0.0000
0
0 // LPUB[3D] BEGIN INSTRUCTIONS ///////////////////////////////////////////////
0
0 STEP
0 !LPUB INSERT COVER_PAGE FRONT
0 STEP
0 !LPUB ASSEM MODEL_SCALE LOCAL 0.7500
1 0 0 0 0 1 0 0 0 1 0 0 0 1 00-model.ldr
0 STEP
0
0 // LPUB[3D] DISABLE FINAL MODEL SHOWCASE /////////////////////////////////////
0
0 !LPUB NOSTEP
0
0 // LPUB[3D] BOM PAGES
0 STEP
0 !LPUB INSERT PAGE
0 !LPUB INSERT BOM
0 STEP
0 !LPUB INSERT PAGE
0 !LPUB INSERT BOM
0 STEP
0 !LPUB INSERT PAGE
0 !LPUB INSERT BOM
0 STEP
0 !LPUB INSERT PAGE
0 !LPUB INSERT BOM
0 STEP
0 !LPUB INSERT PAGE
0 !LPUB INSERT BOM
0 STEP
0 !LPUB INSERT PAGE
0 !LPUB INSERT BOM
0 STEP
0 !LPUB INSERT PAGE
0 !LPUB INSERT BOM
0 STEP
0 !LPUB INSERT PAGE
0 !LPUB INSERT BOM
0 STEP
0 !LPUB INSERT PAGE
0 !LPUB INSERT BOM
0 STEP
0 !LPUB INSERT PAGE
0 !LPUB INSERT BOM
0 STEP
0 !LPUB INSERT PAGE
0 !LPUB INSERT BOM
0 STEP
0 !LPUB INSERT PAGE
0 !LPUB INSERT BOM
0 STEP
0
0 !LPUB NOSTEP
0
0 !LPUB INSERT COVER_PAGE BACK
0
0 // LPUB[3D] END INSTRUCTIONS /////////////////////////////////////////////////
0
0 NOFILE
0 FILE 00-model.ldr
0 
0 Name: 00-model.ldr
0 Author: Nathanel Titane // nathanel.titane@gmail.com // All Rights Reserved
1 0 0 0 0 1 0 0 0 0 -1 0 1 0 05-waist.ldr
0 STEP
1 0 0 -80 0 1 0 0 0 0 -1 0 1 0 08-torso.ldr
0 STEP
0 NOFILE
0 FILE 01-foot.ldr
0 
0 Name: 01-foot.ldr
0 Author: Nathanel Titane // nathanel.titane@gmail.com // All Rights Reserved
1 288 0 56 -20 1 0 0 0 1 0 0 0 1 3003.dat
1 288 0 64 -20 1 0 0 0 1 0 0 0 1 4871.dat
0 STEP
1 72 0 56 10 1 0 0 0 1 0 0 0 1 3023.dat
1 72 0 56 -50 1 0 0 0 1 0 0 0 1 3023.dat
0 STEP
1 72 -10 32 0 0 0 1 0 1 0 -1 0 0 32000.dat
1 72 10 32 0 0 0 1 0 1 0 -1 0 0 32000.dat
1 0 0 42 10 1 0 0 0 1 0 0 0 1 2780.dat
0 STEP
1 288 0 32 -50 -1 0 0 0 1 0 0 0 -1 3039.dat
1 288 0 32 -50 1 0 0 0 1 0 0 0 1 85984.dat
0 STEP
1 72 -10 24 0 0 0 1 0 1 0 -1 0 0 44301a.dat
1 72 10 24 0 0 0 1 0 1 0 -1 0 0 44301a.dat
0 STEP
1 72 0 0 0 0 0 -1 0 1 0 1 0 0 92013.dat
1 72 0 -24 0 1 0 0 0 1 0 0 0 1 3043.dat
0 STEP
1 72 -10 16 -30 -1 0 0 0 0 -1 0 -1 0 30553.dat
1 72 10 16 -30 -1 0 0 0 0 -1 0 -1 0 30553.dat
1 1 -10 -4 -30 0 0 -1 1 0 0 0 -1 0 43093.dat
1 1 10 -4 -30 0 0 -1 1 0 0 0 -1 0 43093.dat
0 STEP
1 288 0 -30 -30 -1 0 0 0 1 0 0 0 -1 3660.dat
1 19 0 -78 -30 -1 0 0 0 1 0 0 0 -1 3678b.dat
0 STEP
1 288 0 -126 -50 -1 0 0 0 1 0 0 0 -1 3678b.dat
1 288 0 -126 -50 -1 0 0 0 1 0 0 0 -1 85984.dat
0 STEP
1 0 10 -76 -50 0 0 1 -1 0 0 0 -1 0 2780.dat
1 0 -10 -76 -50 0 0 1 -1 0 0 0 -1 0 2780.dat
0 STEP
1 288 0 -26 -50 1 0 0 0 -1 0 0 0 -1 3245b.dat
1 288 0 -26 -50 -1 0 0 0 -1 0 0 0 1 85984.dat
0 STEP
1 72 -30 37 -18.6603 0 0 1 0.866036 0.499981 0 -0.499981 0.866036 0 47905.dat
1 72 30 37 -18.6603 0 0 1 0.866036 0.499981 0 -0.499981 0.866036 0 47905.dat
0 STEP
1 72 -30 19.6797 -8.6608 1 0 0 0 0.499981 -0.866036 0 0.866036 0.499981 6541.dat
1 72 -30 54.3208 -28.6598 0 0 1 0.866036 0.499981 0 -0.499981 0.866036 0 87087.dat
1 19 -30 31.6798 12.1237 1 0 0 0 0.499981 -0.866036 0 0.866036 0.499981 4287.dat
1 72 30 19.6797 -8.6608 1 0 0 0 0.499981 -0.866036 0 0.866036 0.499981 6541.dat
1 72 30 54.3208 -28.6598 0 0 -1 -0.866036 0.499981 0 0.499981 0.866036 0 87087.dat
1 19 30 31.6798 12.1237 1 0 0 0 0.499981 -0.866036 0 0.866036 0.499981 4287.dat
0 STEP
1 19 -30 7.6808 -29.4459 1 0 0 0 0.499981 -0.866036 0 0.866036 0.499981 4286.dat
1 19 -30 7.6808 -29.4459 0 0 1 0.866036 0.499981 0 -0.499981 0.866036 0 54200.dat
1 19 30 7.6808 -29.4459 0 0 -1 -0.866036 0.499981 0 0.499981 0.866036 0 54200.dat
1 19 30 7.6808 -29.4459 1 0 0 0 0.499981 -0.866036 0 0.866036 0.499981 4286.dat
0 STEP
1 19 -48 46.9998 -1.3397 0 1 0 -0.499981 0 -0.866036 -0.866036 0 0.499981 43722.dat
1 19 -56 42 -10 0 1 0 -0.866036 0 0.499981 0.499981 0 0.866036 63864.dat
1 19 48 46.9998 -1.3397 0 -1 0 0.499981 0 -0.866036 0.866036 0 0.499981 43723.dat
1 19 56 42 -10 0 -1 0 0.866036 0 0.499981 -0.499981 0 0.866036 63864.dat
0 STEP
1 72 -30 16.0192 4.9993 0 0 1 0.499981 -0.866036 0 0.866036 0.499981 0 3794b.dat
1 19 -30 9.0907 8.9992 0 0 1 0.499981 -0.866036 0 0.866036 0.499981 0 3004.dat
1 72 30 16.0192 4.9993 0 0 1 0.499981 -0.866036 0 0.866036 0.499981 0 3794b.dat
1 19 30 9.0907 8.9992 0 0 1 0.499981 -0.866036 0 0.866036 0.499981 0 3004.dat
0 STEP
1 19 0 -11.6947 20.9991 0 0 1 0.499981 -0.866036 0 0.866036 0.499981 0 4871.dat
1 19 0 -18.622 24.9983 0 0 1 0.499981 -0.866036 0 0.866036 0.499981 0 3068b.dat
0 NOFILE
0 FILE 02-shin.ldr
0 
0 Name: 02-shin.ldr
0 Author: Nathanel Titane // nathanel.titane@gmail.com // All Rights Reserved
1 72 0 24 90 0 0 1 0 1 0 -1 0 0 3832.dat
1 72 0 16 110 0 0 1 0 1 0 -1 0 0 3795.dat
0 STEP
1 71 0 32 160 1 0 0 0 1 0 0 0 1 3938.dat
1 72 0 32 180 1 0 0 0 1 0 0 0 1 3023.dat
1 71 0 40 180 1 0 0 0 1 0 0 0 1 3938.dat
0 STEP
1 72 -10 32 120 -1 0 0 0 1 0 0 0 -1 2341.dat
1 72 10 32 120 -1 0 0 0 1 0 0 0 -1 2341.dat
0 STEP
1 72 0 42.929 187.071 1 0 0 0 0.707107 0.707107 0 -0.707107 0.707107 3937.dat
1 72 0 34.929 167.071 1 0 0 0 0.707107 0.707107 0 -0.707107 0.707107 3937.dat
1 72 0 59.899 170.101 -1 0 0 0 0.707107 -0.707107 0 -0.707107 -0.707107 48336.dat
1 71 9.9997 72.6271 171.5154 0 0 -1 0.707107 0.707107 0 0.707107 -0.707107 0 92280.dat
1 71 -10 72.6267 171.515 0 0 -1 0.707107 0.707107 0 0.707107 -0.707107 0 92280.dat
0 STEP
1 72 -10 51.8991 150.1009 1 0 0 0 0.707107 0.707107 0 -0.707107 0.707107 3005.dat
1 72 10 51.8991 150.1009 1 0 0 0 0.707107 0.707107 0 -0.707107 0.707107 3005.dat
1 72 -9.9992 71.2129 158.7875 -1 0 0 0 0.707107 -0.707107 0 -0.707107 -0.707107 3665.dat
1 72 10 71.2129 158.7875 -1 0 0 0 0.707107 -0.707107 0 -0.707107 -0.707107 3665.dat
0 STEP
1 19 -10 32 20 1 0 0 0 1 0 0 0 1 3665.dat
1 19 10 32 40 -1 0 0 0 1 0 0 0 -1 4287.dat
1 19 10 32 20 1 0 0 0 1 0 0 0 1 3665.dat
1 19 -10 32 40 -1 0 0 0 1 0 0 0 -1 4287.dat
0 STEP
1 72 0 0 0 1 0 0 0 1 0 0 0 1 32064.dat
1 72 0 0 20 1 0 0 0 1 0 0 0 1 32064.dat
1 72 0 0 40 1 0 0 0 1 0 0 0 1 32064.dat
1 72 0 0 180 1 0 0 0 1 0 0 0 1 32000.dat
0 STEP
1 0 -10 10 190 0 0 1 0 1 0 -1 0 0 2780.dat
1 0 10 10 190 0 0 1 0 1 0 -1 0 0 2780.dat
0 STEP
1 0 -10 -8 150 0 0 1 0 1 0 -1 0 0 11211.dat
1 0 -10 -8 110 0 0 1 0 1 0 -1 0 0 11211.dat
1 0 -10 -8 70 0 0 1 0 1 0 -1 0 0 11211.dat
1 0 10 -8 150 0 0 -1 0 1 0 1 0 0 11211.dat
1 0 10 -8 110 0 0 -1 0 1 0 1 0 0 11211.dat
1 0 10 -8 70 0 0 -1 0 1 0 1 0 0 11211.dat
0 STEP
1 72 0 -8 180 -1 0 0 0 1 0 0 0 -1 3023.dat
1 72 0 -8 20 0 0 -1 0 1 0 1 0 0 3021.dat
0 STEP
1 72 0 0 200 1 0 0 0 1 0 0 0 1 32000.dat
1 72 -10 24 200 -1 0 0 0 1 0 0 0 -1 3665.dat
1 72 10 24 200 -1 0 0 0 1 0 0 0 -1 3665.dat
0 STEP
1 72 0 0 220 -1 0 0 0 1 0 0 0 -1 85943.dat
1 72 0 -8 210 -1 0 0 0 1 0 0 0 -1 3068b.dat
0 STEP
1 0 0 10 250 0 1 0 1 0 0 0 0 -1 53585.dat
1 0 0 10 250 -1 0 0 0 1 0 0 0 -1 3705.dat
0 STEP
1 72 -19.9997 9.9997 250 0 -1 0 -1 0 0 0 0 -1 15535.dat
1 72 -27.9997 10 250 0 -1 0 -1 0 0 0 0 -1 4032.dat
1 72 -35.9997 10 250 0 -1 0 -1 0 0 0 0 -1 2654.dat
0 STEP
1 72 20 9.9966 250 0 1 0 1 0 0 0 0 -1 15535.dat
1 72 28 9.9959 250 0 1 0 1 0 0 0 0 -1 4032.dat
1 72 36 9.9953 250 0 1 0 1 0 0 0 0 -1 2654.dat
0 STEP
1 0 0 10 -20 1 0 0 0 0 -1 0 1 0 32474.dat
1 0 0 10 10 0 0 -1 0 1 0 1 0 0 3705.dat
0 STEP
1 72 0 -32 180 1 0 0 0 1 0 0 0 1 30363.dat
1 72 0 -32 180 1 0 0 0 1 0 0 0 1 85984.dat
0 STEP
1 19 -10 -8 100 0 0 1 0 1 0 -1 0 0 54200.dat
1 19 10 -8 100 0 0 -1 0 1 0 1 0 0 54200.dat
1 19 -10 -32 20 0 0 1 0 1 0 -1 0 0 54200.dat
1 19 10 -32 20 0 0 -1 0 1 0 1 0 0 54200.dat
1 19 0 -32 20 -1 0 0 0 1 0 0 0 -1 30363.dat
1 19 0 -8 0 1 0 0 0 1 0 0 0 1 85984.dat
0 STEP
1 72 -28 12 140 0 1 0 0 0 -1 -1 0 0 3021.dat
1 72 -28 12 190 0 1 0 1 0 0 0 0 -1 3176.dat
1 72 -28 12 220 0 -1 0 -1 0 0 0 0 -1 3794b.dat
1 72 -28 42 190 0 1 0 0 0 -1 -1 0 0 32028.dat
1 72 -28 -18 190 0 1 0 0 0 1 1 0 0 32028.dat
1 19 -52 12 200 0 1 0 1 0 0 0 0 -1 47759.dat
0 STEP
1 0 0 10.6933 -61.2252 1 0 0 0 0.965927 -0.258815 0 0.258815 0.965927 01-foot.ldr
1 19 -52 2 180 0 1 0 -1 0 0 0 0 1 43710.dat
1 19 -52 22 180 0 1 0 -1 0 0 0 0 1 43711.dat
1 19 -60 12 190 0 1 0 0 0 -1 -1 0 0 3068b.dat
0 STEP
1 72 28 12 140 0 -1 0 0 0 1 -1 0 0 3021.dat
1 72 28 12 190 0 -1 0 -1 0 0 0 0 -1 3176.dat
1 72 28 12 220.0001 0 1 0 1 0 0 0 0 -1 3794b.dat
1 72 28 -18 190 0 -1 0 0 0 1 -1 0 0 32028.dat
1 72 28 42 190 0 -1 0 0 0 -1 1 0 0 32028.dat
1 19 52 12 200 0 -1 0 -1 0 0 0 0 -1 47759.dat
0 STEP
1 19 52 22 180 0 -1 0 1 0 0 0 0 1 43710.dat
1 19 52 2 180 0 -1 0 1 0 0 0 0 1 43711.dat
1 19 60 12 190 0 -1 0 0 0 1 -1 0 0 3068b.dat
0 STEP
1 72 -28 12 100 0 1 0 1 0 0 0 0 -1 99563.dat
1 72 -28 12 70 0 1 0 0 0 -1 -1 0 0 3022.dat
1 72 28 12 100 0 -1 0 -1 0 0 0 0 -1 99563.dat
1 72 28 12 69.9999 0 -1 0 0 0 1 -1 0 0 3022.dat
0 STEP
1 72 -28 12 30 0 1 0 -1 0 0 0 0 1 3176.dat
1 72 -28 12 0 0 -1 0 -1 0 0 0 0 -1 4073.dat
1 72 -28 -18 20 0 1 0 0 0 1 1 0 0 3024.dat
1 19 -52 22 20 0 1 0 1 0 0 0 0 -1 60477.dat
1 19 -52 2 20 0 1 0 1 0 0 0 0 -1 43711.dat
1 19 -60 12 20 0 1 0 -1 0 0 0 0 1 99563.dat
0 STEP
1 72 28 12 29.9999 0 -1 0 1 0 0 0 0 1 3176.dat
1 72 28 12 -0.0001 0 1 0 1 0 0 0 0 -1 4073.dat
1 72 28 -18 19.9999 0 -1 0 0 0 -1 1 0 0 3024.dat
1 19 60 12 19.9999 0 -1 0 1 0 0 0 0 1 99563.dat
1 19 52 2 19.9999 0 -1 0 -1 0 0 0 0 -1 43710.dat
1 19 52 22 19.9999 0 -1 0 -1 0 0 0 0 -1 60477.dat
0 STEP
1 0 0 10.6933 -61.2252 1 0 0 0 0.965927 -0.258815 0 0.258815 0.965927 01-foot.ldr
0 NOFILE
0 FILE 04-01-foreleg.ldr
0 
0 Name: 04-01-foreleg.ldr
0 Author: Nathanel Titane // nathanel.titane@gmail.com // All Rights Reserved
1 19 0 24 10 0 0 -1 0 1 0 1 0 0 3020.dat
1 19 -10 24 0 1 0 0 0 1 0 0 0 1 13547.dat
1 19 10 24 0 1 0 0 0 1 0 0 0 1 13547.dat
1 71 0 40 0 1 0 0 0 1 0 0 0 1 3023.dat
0 STEP
1 71 0 24 60 1 0 0 0 1 0 0 0 1 3023.dat
1 19 -10 32 20 -1 0 0 0 1 0 0 0 -1 4287.dat
1 19 10 32 20 -1 0 0 0 1 0 0 0 -1 4287.dat
1 72 -10 48 0 1 0 0 0 1 0 0 0 1 3024.dat
1 72 10 48 0 1 0 0 0 1 0 0 0 1 3024.dat
0 STEP
1 72 0 0 50 0 0 -1 0 1 0 1 0 0 48170.dat
1 72 0 0 0 0 0 -1 0 1 0 1 0 0 3002.dat
1 72 0 0 -40 -1 0 0 0 1 0 0 0 -1 32064.dat
1 72 0 0 -60 -1 0 0 0 1 0 0 0 -1 32064.dat
0 STEP
1 19 0 -24 0 -1 0 0 0 1 0 0 0 -1 30363.dat
1 19 0 -24 -20 1 0 0 0 1 0 0 0 1 3298.dat
1 19 -10 -24 -10 0 0 1 0 1 0 -1 0 0 85984.dat
1 19 10 -24 -10 0 0 -1 0 1 0 1 0 0 85984.dat
0 STEP
1 0 0 10 -90 0 -1 0 0 0 -1 1 0 0 32174.dat
1 0 0 10 -60 0 0 -1 0 1 0 1 0 0 4519.dat
0 STEP
1 72 0 -20 -120 -1 0 0 0 1 0 0 0 -1 85943.dat
1 0 0 -10 -90 1 0 0 0 0 -1 0 1 0 32062.dat
1 0 0 -10 -130 0 0 -1 0 1 0 1 0 0 2780.dat
0 STEP
1 72 0 -20 -140 1 0 0 0 1 0 0 0 1 3700.dat
1 72 0 4 -130 1 0 0 0 1 0 0 0 1 11203.dat
0 STEP
1 19 -10 -28 -130 1 0 0 0 1 0 0 0 1 92946.dat
1 19 10 -28 -130 1 0 0 0 1 0 0 0 1 92946.dat
1 72 -10 -36 -120 0 0 1 0 1 0 -1 0 0 2555.dat
1 72 10 -36 -120 0 0 1 0 1 0 -1 0 0 2555.dat
0 STEP
1 71 10 -51.6961 -91.5402 0 0 1 0.258815 0.965927 0 -0.965927 0.258815 0 60478.dat
1 71 -10 -51.6962 -91.5401 0 0 1 0.258815 0.965927 0 -0.965927 0.258815 0 60478.dat
1 72 10 -43.9687 -89.4694 0 0 -1 -0.258815 0.965927 0 0.965927 0.258815 0 99207.dat
1 72 10 -36.2413 -87.3989 0 0 -1 -0.258815 0.965927 0 0.965927 0.258815 0 44728.dat
1 72 -9.9998 -43.9682 -89.4718 0 0 1 0.258815 0.965927 0 -0.965927 0.258815 0 99207.dat
1 72 -9.9998 -36.2408 -87.4013 0 0 1 0.258815 0.965927 0 -0.965927 0.258815 0 44728.dat
0 STEP
1 25 0 -77.4666 -88.0922 -1 0 0 0 0.965927 0.258815 0 0.258815 -0.965927 3298.dat
1 25 0 -72.2903 -107.4107 1 0 0 0 0.965927 -0.258815 0 0.258815 0.965927 3004.dat
0 STEP
1 25 10 -74.8784 -97.7515 0 0 -1 -0.258815 0.965927 0 0.965927 0.258815 0 85984.dat
1 25 -9.9986 -74.8785 -97.7514 0 0 1 0.258815 0.965927 0 -0.965927 0.258815 0 85984.dat
1 25 -10 -59.4603 -62.5635 -1 0 0 0 0.965927 0.258815 0 0.258815 -0.965927 3665.dat
1 25 9.9947 -59.4602 -62.5637 -1 0 0 0 0.965927 0.258815 0 0.258815 -0.965927 3665.dat
0 STEP
1 25 -31.9996 -36.2406 -87.4005 0 1 0 0.258815 0 -0.965927 -0.965927 0 -0.258815 3022.dat
1 25 -39.9996 -36.2406 -87.4016 0 1 0 0.258815 0 -0.965927 -0.965927 0 -0.258815 3068b.dat
1 25 -23.9987 -65.2178 -95.1665 0 1 0 -0.258764 0 0.965941 0.965941 0 0.258764 85984.dat
1 25 -24 -7.2628 -79.6351 0 1 0 0.258815 0 -0.965927 -0.965927 0 -0.258815 85984.dat
0 STEP
1 25 31.9999 -36.2402 -87.4006 0 -1 0 -0.258815 0 -0.965927 0.965927 0 -0.258815 3022.dat
1 25 39.9999 -36.2406 -87.4 0 -1 0 -0.258815 0 -0.965927 0.965927 0 -0.258815 3068b.dat
1 25 23.9993 -65.2184 -95.1629 0 -1 0 0.258866 0 0.965913 -0.965913 0 0.258866 85984.dat
1 25 24 -7.2621 -79.6366 0 -1 0 -0.258815 0 -0.965927 0.965927 0 -0.258815 85984.dat
0 STEP
1 0 0 20 -340 1 0 0 0 1 0 0 0 1 02-shin.ldr
0 NOFILE
0 FILE 04-02-foreleg.ldr
0 
0 Name: 04-02-foreleg.ldr
0 Author: Nathanel Titane // nathanel.titane@gmail.com // All Rights Reserved
1 19 0 24 10 0 0 -1 0 1 0 1 0 0 3020.dat
1 19 -10 24 0 1 0 0 0 1 0 0 0 1 13547.dat
1 19 10 24 0 1 0 0 0 1 0 0 0 1 13547.dat
1 71 0 40 0 1 0 0 0 1 0 0 0 1 3023.dat
0 STEP
1 71 0 24 60 1 0 0 0 1 0 0 0 1 3023.dat
1 19 -10 32 20 -1 0 0 0 1 0 0 0 -1 4287.dat
1 19 10 32 20 -1 0 0 0 1 0 0 0 -1 4287.dat
1 72 -10 48 0 1 0 0 0 1 0 0 0 1 3024.dat
1 72 10 48 0 1 0 0 0 1 0 0 0 1 3024.dat
0 STEP
1 72 0 0 50 0 0 -1 0 1 0 1 0 0 48170.dat
1 72 0 0 0 0 0 -1 0 1 0 1 0 0 3002.dat
1 72 0 0 -40 -1 0 0 0 1 0 0 0 -1 32064.dat
1 72 0 0 -60 -1 0 0 0 1 0 0 0 -1 32064.dat
0 STEP
1 19 0 -24 0 -1 0 0 0 1 0 0 0 -1 30363.dat
1 19 0 -24 -20 1 0 0 0 1 0 0 0 1 3298.dat
1 19 -10 -24 -10 0 0 1 0 1 0 -1 0 0 85984.dat
1 19 10 -24 -10 0 0 -1 0 1 0 1 0 0 85984.dat
0 STEP
1 0 0 10 -90 0 -1 0 0 0 -1 1 0 0 32174.dat
1 0 0 10 -60 0 0 -1 0 1 0 1 0 0 4519.dat
0 STEP
1 72 0 -20 -120 -1 0 0 0 1 0 0 0 -1 85943.dat
1 0 0 -10 -90 1 0 0 0 0 -1 0 1 0 32062.dat
1 0 0 -10 -130 0 0 -1 0 1 0 1 0 0 2780.dat
0 STEP
1 72 0 -20 -140 1 0 0 0 1 0 0 0 1 3700.dat
1 72 0 4 -130 1 0 0 0 1 0 0 0 1 11203.dat
0 STEP
1 19 -10 -28 -130 1 0 0 0 1 0 0 0 1 92946.dat
1 19 10 -28 -130 1 0 0 0 1 0 0 0 1 92946.dat
1 72 -10 -36 -120 0 0 1 0 1 0 -1 0 0 2555.dat
1 72 10 -36 -120 0 0 1 0 1 0 -1 0 0 2555.dat
0 STEP
1 71 10 -51.6961 -91.5402 0 0 1 0.258815 0.965927 0 -0.965927 0.258815 0 60478.dat
1 71 -10 -51.6962 -91.5401 0 0 1 0.258815 0.965927 0 -0.965927 0.258815 0 60478.dat
1 72 10 -43.9687 -89.4694 0 0 -1 -0.258815 0.965927 0 0.965927 0.258815 0 99207.dat
1 72 10 -36.2413 -87.3989 0 0 -1 -0.258815 0.965927 0 0.965927 0.258815 0 44728.dat
1 72 -9.9998 -43.9682 -89.4718 0 0 1 0.258815 0.965927 0 -0.965927 0.258815 0 99207.dat
1 72 -9.9998 -36.2408 -87.4013 0 0 1 0.258815 0.965927 0 -0.965927 0.258815 0 44728.dat
0 STEP
1 25 0 -77.4666 -88.0922 -1 0 0 0 0.965927 0.258815 0 0.258815 -0.965927 3298.dat
1 25 0 -72.2903 -107.4107 1 0 0 0 0.965927 -0.258815 0 0.258815 0.965927 3004.dat
0 STEP
1 25 10 -74.8784 -97.7515 0 0 -1 -0.258815 0.965927 0 0.965927 0.258815 0 85984.dat
1 25 -9.9986 -74.8785 -97.7514 0 0 1 0.258815 0.965927 0 -0.965927 0.258815 0 85984.dat
1 25 -10 -59.4603 -62.5635 -1 0 0 0 0.965927 0.258815 0 0.258815 -0.965927 3665.dat
1 25 9.9947 -59.4602 -62.5637 -1 0 0 0 0.965927 0.258815 0 0.258815 -0.965927 3665.dat
0 STEP
1 25 -31.9996 -36.2406 -87.4005 0 1 0 0.258815 0 -0.965927 -0.965927 0 -0.258815 3022.dat
1 25 -39.9996 -36.2406 -87.4016 0 1 0 0.258815 0 -0.965927 -0.965927 0 -0.258815 3068b.dat
1 25 -23.9987 -65.2178 -95.1665 0 1 0 -0.258764 0 0.965941 0.965941 0 0.258764 85984.dat
1 25 -24 -7.2628 -79.6351 0 1 0 0.258815 0 -0.965927 -0.965927 0 -0.258815 85984.dat
0 STEP
1 25 31.9999 -36.2402 -87.4006 0 -1 0 -0.258815 0 -0.965927 0.965927 0 -0.258815 3022.dat
1 25 39.9999 -36.2406 -87.4 0 -1 0 -0.258815 0 -0.965927 0.965927 0 -0.258815 3068b.dat
1 25 23.9993 -65.2184 -95.1629 0 -1 0 0.258866 0 0.965913 -0.965913 0 0.258866 85984.dat
1 25 24 -7.2621 -79.6366 0 -1 0 -0.258815 0 -0.965927 0.965927 0 -0.258815 85984.dat
0 STEP
1 0 0 20 -340 1 0 0 0 1 0 0 0 1 02-shin.ldr
0 NOFILE
0 FILE 05-waist.ldr
0 
0 Name: 05-waist.ldr
0 Author: Nathanel Titane // nathanel.titane@gmail.com // All Rights Reserved
1 19 0 24 30 0 0 1 0 1 0 -1 0 0 3020.dat
1 19 -10 32 50 0 0 1 0 1 0 -1 0 0 32000.dat
1 19 10 32 50 0 0 1 0 1 0 -1 0 0 32000.dat
1 19 0 32 20 1 0 0 0 1 0 0 0 1 3660.dat
0 STEP
1 19 -10 56 50 0 0 -1 0 1 0 1 0 0 3700.dat
1 19 10 56 50 0 0 -1 0 1 0 1 0 0 3700.dat
1 19 0 56 20 1 0 0 0 1 0 0 0 1 32000.dat
1 0 20 66 49.9984 -1 0 0 0 1 0 0 0 -1 6628.dat
1 0 -20 66 49.9984 1 0 0 0 1 0 0 0 1 6628.dat
0 STEP
1 72 -10 80 30 0 0 1 0 1 0 -1 0 0 32028.dat
1 72 10 80 30 0 0 -1 0 1 0 1 0 0 32028.dat
1 72 -10 88 30 0 0 1 0 1 0 -1 0 0 32028.dat
1 72 10 88 30 0 0 -1 0 1 0 1 0 0 32028.dat
0 STEP
1 19 0 80 30 1 0 0 0 1 0 0 0 1 4871.dat
1 72 0 72 0 1 0 0 0 1 0 0 0 1 3023.dat
1 19 0 72 0 1 0 0 0 1 0 0 0 1 85984.dat
0 STEP
1 71 -36.5348 85.3215 50 0 -0.866043 -0.49997 0 -0.49997 0.866043 -1 0 0 14704.dat
1 19 -36.5348 85.3215 50 0 -0.866043 -0.49997 0 -0.49997 0.866043 -1 0 0 85984.dat
1 19 36.5348 85.3215 50 0 0.866043 0.49997 0 -0.49997 0.866043 1 0 0 85984.dat
1 71 36.5348 85.3215 50 0 0.866043 0.49997 0 -0.49997 0.866043 1 0 0 14704.dat
0 STEP
1 19 -43.4627 81.3226 30 0 -0.866043 0.49997 0 -0.49997 -0.866043 1 0 0 30414.dat
1 19 -43.4621 81.3231 10 0 -0.866043 -0.49997 0 -0.49997 0.866043 -1 0 0 85984.dat
1 19 43.4627 81.3226 30 0 0.866043 -0.49997 0 -0.49997 -0.866043 -1 0 0 30414.dat
1 19 43.4626 81.3241 10 0 0.866043 0.49997 0 -0.49997 0.866043 1 0 0 85984.dat
0 STEP
1 19 -64.2475 69.3237 19.9993 -0.49997 -0.866043 0 0.866043 -0.49997 0 0 0 1 3665.dat
1 19 -64.2474 69.322 39.9994 0.49997 -0.866043 0 -0.866043 -0.49997 0 0 0 -1 3665.dat
1 19 64.248 69.3246 19.9994 -0.49997 0.866043 0 -0.866043 -0.49997 0 0 0 1 3665.dat
1 19 64.2485 69.3238 39.9993 0.49997 0.866043 0 0.866043 -0.49997 0 0 0 -1 3665.dat
0 STEP
1 19 -61.1227 91.9102 50 0.866056 0.499947 0 0.499947 -0.866056 0 0 0 -1 92946.dat
1 19 -61.1228 91.9137 10 -0.866056 0.499947 0 -0.499947 -0.866056 0 0 0 1 92946.dat
1 19 61.1223 91.9127 10 -0.866056 -0.499947 0 0.499947 -0.866056 0 0 0 1 92946.dat
1 19 61.1232 91.9111 50 0.866056 -0.499947 0 -0.499947 -0.866056 0 0 0 -1 92946.dat
0 STEP
1 72 -65.1223 98.8403 30 0 0.499947 0.866056 0 -0.866056 0.499947 1 0 0 32028.dat
1 72 -69.1219 105.7688 30 0 0.499947 0.866056 0 -0.866056 0.499947 1 0 0 3794b.dat
1 72 69.1219 105.7688 30 0 -0.499947 -0.866056 0 -0.866056 0.499947 -1 0 0 3794b.dat
1 72 65.1223 98.8403 30 0 -0.499947 -0.866056 0 -0.866056 0.499947 -1 0 0 32028.dat
0 STEP
1 0 0 42 40 -1 0 0 0 1 0 0 0 -1 3706.dat
1 0 20 42 59.9995 -1 0 0 0 1 0 0 0 -1 2780.dat
1 0 -20 42 59.9995 -1 0 0 0 1 0 0 0 -1 2780.dat
1 0 -29.9995 42.0011 39.9995 0 -1 0 1 0 0 0 0 1 60483.dat
1 0 30.0005 42.0011 39.9995 0 -1 0 1 0 0 0 0 1 60483.dat
0 STEP
1 0 0 10 60 0 0 1 0 1 0 -1 0 0 6558.dat
1 0 0 0 60 1 0 0 0 1 0 0 0 1 3700.dat
1 0 0 0 30.0003 -1 0 0 0 1 0 0 0 -1 48172.dat
0 STEP
1 0 0 0 0 1 0 0 0 1 0 0 0 1 32000.dat
1 72 -10 10 -10 1 0 0 0 0 1 0 -1 0 4073.dat
1 72 10 10 -10 1 0 0 0 0 1 0 -1 0 4073.dat
0 STEP
1 0 -60 10 30 1 0 0 0 1 0 0 0 1 47455.dat
1 0 60 10 30 -1 0 0 0 1 0 0 0 -1 47455.dat
0 STEP
1 19 0 -8 30 0 0 1 0 1 0 -1 0 0 3020.dat
1 19 0 -32 20 1 0 0 0 1 0 0 0 1 3039.dat
1 19 -10 -32 50 0 0 1 0 1 0 -1 0 0 32000.dat
1 19 10 -32 50 0 0 1 0 1 0 -1 0 0 32000.dat
0 STEP
1 0 0 -22 40 -1 0 0 0 1 0 0 0 -1 3706.dat
1 0 -20 -22 59.9995 -1 0 0 0 1 0 0 0 -1 2780.dat
1 0 20 -22 59.9995 -1 0 0 0 1 0 0 0 -1 2780.dat
1 0 -29.9995 -21.9989 39.9995 0 -1 0 1 0 0 0 0 1 60483.dat
1 0 30.0005 -21.9989 39.9995 0 -1 0 1 0 0 0 0 1 60483.dat
0 STEP
1 0 -49.9995 42.0011 39.9995 1 0 0 0 0 -1 0 1 0 6536.dat
1 1 -49.9995 32.0011 59.9995 0 0 -1 -1 0 0 0 1 0 43093.dat
1 0 -49.9995 10.0011 59.9995 0 0 1 1 0 0 0 1 0 32174.dat
1 1 -49.9995 -11.9989 59.9995 0 0 -1 1 0 0 0 -1 0 43093.dat
1 0 -49.9995 -21.9989 39.9995 1 0 0 0 0 -1 0 1 0 6536.dat
0 STEP
1 0 50.0005 42.0011 39.9995 1 0 0 0 0 -1 0 1 0 6536.dat
1 1 50.0005 32.0011 59.9995 0 0 -1 -1 0 0 0 1 0 43093.dat
1 0 50.0005 10.0011 59.9995 0 0 -1 -1 0 0 0 1 0 32174.dat
1 1 50.0005 -11.9989 59.9995 0 0 -1 1 0 0 0 -1 0 43093.dat
1 0 50.0005 -21.9989 39.9995 1 0 0 0 0 -1 0 1 0 6536.dat
0 STEP
1 19 0 -56 20 1 0 0 0 1 0 0 0 1 32000.dat
1 19 10 -56 50 0 0 -1 0 1 0 1 0 0 3700.dat
1 19 -10 -56 50 0 0 -1 0 1 0 1 0 0 3700.dat
1 0 -20 -46 49.9984 1 0 0 0 1 0 0 0 1 6628.dat
1 0 20 -46 49.9984 -1 0 0 0 1 0 0 0 -1 6628.dat
0 STEP
1 72 0 -45.9997 10 -1 0 0 0 0 -1 0 -1 0 3039.dat
1 72 -0.0005 -35.9991 -13.9997 -1 0 0 0 0 -1 0 -1 0 3003.dat
1 72 -10 -45.999 -38 -1 0 0 0 0 -1 0 -1 0 3665.dat
1 72 10 -45.999 -38 -1 0 0 0 0 -1 0 -1 0 3665.dat
0 STEP
1 72 -10 -64 50 0 0 1 0 1 0 -1 0 0 99780.dat
1 72 10 -64 50 0 0 -1 0 1 0 1 0 0 99780.dat
1 72 0 -64 -10 0 0 1 0 1 0 -1 0 0 3020.dat
0 STEP
1 19 0 -88 60 -1 0 0 0 1 0 0 0 -1 85984.dat
1 19 0 -88 60 1 0 0 0 1 0 0 0 1 3004.dat
0 STEP
1 72 10 -88 40 1 0 0 0 1 0 0 0 1 3062b.dat
1 72 -10 -88 40 1 0 0 0 1 0 0 0 1 3062b.dat
1 72 10 -96 40 1 0 0 0 1 0 0 0 1 4073.dat
1 72 -10 -96 40 1 0 0 0 1 0 0 0 1 4073.dat
1 34 10 -104 40 1 0 0 0 1 0 0 0 1 98138.dat
1 34 -10 -104 40 1 0 0 0 1 0 0 0 1 98138.dat
0 STEP
1 19 0 -88 20 1 0 0 0 1 0 0 0 1 85984.dat
1 19 0 -88 20 1 0 0 0 1 0 0 0 1 30363.dat
0 STEP
1 0 -83.294 0 -56.933 0.965926 0 0.258819 0 1 0 -0.258819 0 0.965926 04-01-foreleg.ldr
0 STEP
1 0 83.294 0 -56.933 0.965926 0 -0.258819 0 1 0 0.258819 0 0.965926 04-02-foreleg.ldr
0 STEP
1 0 -86.7299 10.0007 74.8351 0.965934 -0.25879 0 0 0 1 -0.25879 -0.965934 0 06-side-skirt.ldr
0 STEP
1 0 86.7318 10 74.8352 -0.965934 0.25879 0 0 0 -1 -0.25879 -0.965934 0 06-side-skirt.ldr
0 STEP
1 0 -50 -50 49.9984 1 0 0 0 1 0 0 0 1 07-01-front-skirt.ldr
0 STEP
1 0 50 -50 49.9984 1 0 0 0 1 0 0 0 1 07-02-front-skirt.ldr
0 NOFILE
0 FILE 06-side-skirt.ldr
0 
0 Name: 06-side-skirt.ldr
0 Author: Nathanel Titane // nathanel.titane@gmail.com // All Rights Reserved
1 25 0 0 0 0 0 1 0 1 0 -1 0 0 32064.dat
1 25 0 24 0 0 0 1 0 1 0 -1 0 0 3010.dat
0 STEP
1 25 0 48 10 -1 0 0 0 1 0 0 0 -1 3665.dat
1 25 0 48 -10 1 0 0 0 1 0 0 0 1 3665.dat
0 STEP
1 25 0 0 -30 0 0 1 0 1 0 -1 0 0 87087.dat
1 25 0 0 30 0 0 1 0 1 0 -1 0 0 87087.dat
1 25 0 -8 0 0 0 1 0 1 0 -1 0 0 2431.dat
0 STEP
1 72 -18 20 0 0 1 0 0 0 -1 -1 0 0 3020.dat
1 71 -26 20 0 0 1 0 0 0 -1 -1 0 0 3022.dat
0 STEP
1 72 -18 50 0 0 1 0 0 0 -1 -1 0 0 32028.dat
1 25 -18 40 0 0 1 0 0 0 -1 -1 0 0 15068.dat
1 25 -34 10 0 0 1 0 0 0 -1 -1 0 0 3069b.dat
0 STEP
1 25 -18 20 -29.9997 0 1 0 -1 0 0 0 0 1 85984.dat
1 25 -18 20 29.9997 0 1 0 1 0 0 0 0 -1 85984.dat
0 STEP
1 0 10 10 0 -1 0 0 0 1 0 0 0 -1 32062.dat
1 0 20 10 0 0 -1 0 -1 0 0 0 0 -1 32474.dat
0 NOFILE
0 FILE 07-01-front-skirt.ldr
0 
0 Name: 07-01-front-skirt.ldr
0 Author: Nathanel Titane // nathanel.titane@gmail.com // All Rights Reserved
1 71 0 0 0 0 0 -1 0 1 0 1 0 0 14704.dat
1 71 0 -24 0 0 0 1 0 1 0 -1 0 0 52107.dat
0 STEP
1 72 -18 -14 0 0 1 0 0 0 -1 -1 0 0 32028.dat
1 72 -18 -14 0 0 1 0 0 0 -1 -1 0 0 85984.dat
0 STEP
1 19 9.9973 -14 -49.9963 0 -1 0 0 0 -1 1 0 0 3622.dat
1 19 17.9955 -14 -39.9949 0 -1 0 0 0 -1 1 0 0 6636.dat
0 STEP
1 19 10 -14 -89.9964 0 -1 0 1 0 0 0 0 1 3040.dat
1 19 -13.9972 -14 -80 0 -1 0 0 0 -1 1 0 0 3710.dat
1 72 -14 -14 -30 0 -1 0 0 0 1 -1 0 0 3024.dat
0 STEP
1 19 -22 -14 -50 0 -1 0 -1 0 0 0 0 -1 3665.dat
1 19 -21.999 -14 -70 0 -1 0 1 0 0 0 0 1 4287.dat
0 STEP
1 71 0 -32 10 -1 0 0 0 1 0 0 0 -1 2420.dat
1 19 -10 -32 10 -1 0 0 0 1 0 0 0 -1 85984.dat
0 STEP
1 71 0 -32 -49.9984 0 0 -1 0 1 0 1 0 0 3623.dat
1 19 0 -40 -29.9982 0 0 -1 0 1 0 1 0 0 63864.dat
1 19 0.0166 -24 -79.9982 1 0 0 0 1 0 0 0 1 11477.dat
0 NOFILE
0 FILE 07-02-front-skirt.ldr
0 
0 Name: 07-02-front-skirt.ldr
0 Author: Nathanel Titane // nathanel.titane@gmail.com // All Rights Reserved
1 71 0 0 0 0 0 1 0 1 0 -1 0 0 14704.dat
1 71 0 -24 0 0 0 -1 0 1 0 1 0 0 52107.dat
0 STEP
1 72 18 -14 0 0 -1 0 0 0 -1 1 0 0 32028.dat
1 72 18 -14 0 0 -1 0 0 0 -1 1 0 0 85984.dat
0 STEP
1 19 -9.9752 -13.9962 -50 0 1 0 0 0 1 1 0 0 3622.dat
1 19 -17.9776 -13.9961 -40 0 1 0 0 0 1 1 0 0 6636.dat
0 STEP
1 19 -9.9658 -13.9946 -90 0 1 0 -1 0 0 0 0 1 3040.dat
1 19 14.0319 -13.9965 -79.9985 0 1 0 0 0 1 1 0 0 3710.dat
1 72 14.02 -13.996 -29.9985 0 1 0 0 0 -1 -1 0 0 3024.dat
0 STEP
1 19 22.0248 -13.9951 -49.9966 0 1 0 1 0 0 0 0 -1 3665.dat
1 19 22.0295 -13.9966 -69.9966 0 1 0 -1 0 0 0 0 1 4287.dat
0 STEP
1 71 0 -32 10 0 0 1 0 1 0 -1 0 0 2420.dat
1 19 9.9987 -32 10 -1 0 0 0 1 0 0 0 -1 85984.dat
0 STEP
1 71 0 -32 -49.9984 0 0 -1 0 1 0 1 0 0 3623.dat
1 19 0 -40 -29.9982 0 0 -1 0 1 0 1 0 0 63864.dat
1 19 0.0166 -24 -79.9982 1 0 0 0 1 0 0 0 1 11477.dat
0 NOFILE
0 FILE 08-torso.ldr
0 
0 Name: 08-torso.ldr
0 Author: Nathanel Titane // nathanel.titane@gmail.com // All Rights Reserved
1 288 0 48 90 0 0 1 0 1 0 -1 0 0 3020.dat
1 72 -40 48 110 1 0 0 0 1 0 0 0 1 11203.dat
1 72 40 48 110 1 0 0 0 1 0 0 0 1 11203.dat
0 STEP
1 288 0 24 110 1 0 0 0 1 0 0 0 1 3001.dat
1 288 50 24 110 0 0 -1 0 1 0 1 0 0 3660.dat
1 288 -50 24 110 0 0 1 0 1 0 -1 0 0 3660.dat
0 STEP
1 72 0 0 110 1 0 0 0 1 0 0 0 1 2456.dat
1 288 70 0 120 1 0 0 0 1 0 0 0 1 3040.dat
1 288 -70 0 120 1 0 0 0 1 0 0 0 1 3040.dat
0 STEP
1 19 0 48 40 1 0 0 0 1 0 0 0 1 3747b.dat
1 0 0 0 50 0 0 1 0 1 0 -1 0 0 6061.dat
0 STEP
1 25 -20 20 70 0 -1 0 0 0 1 -1 0 0 3003.dat
1 25 -44 30 80 0 -1 0 0 0 1 -1 0 0 3676.dat
1 25 20 20 70 0 1 0 -1 0 0 0 0 1 3003.dat
1 25 44 30 80 0 1 0 -1 0 0 0 0 1 3676.dat
0 STEP
1 72 -30 32 40 1 0 0 0 1 0 0 0 1 3665.dat
1 72 -30 24 30 0 0 1 0 1 0 -1 0 0 32028.dat
1 72 30 32 40 1 0 0 0 1 0 0 0 1 3665.dat
1 72 30 24 30 0 0 -1 0 1 0 1 0 0 32028.dat
1 72 0 56 40 0 0 1 0 1 0 -1 0 0 32802.dat
0 STEP
1 72 -30 0 30 0 0 -1 0 1 0 1 0 0 3004.dat
1 72 30 0 30 0 0 -1 0 1 0 1 0 0 3004.dat
1 72 -20 -24 29.9997 -1 0 0 0 1 0 0 0 -1 48169.dat
1 72 20 -24 30 1 0 0 0 1 0 0 0 1 48169.dat
0 STEP
1 19 0 0 0 1 0 0 0 1 0 0 0 1 3700.dat
1 19 10 24 0 0 0 -1 0 1 0 1 0 0 4287.dat
1 19 -10 24 0 0 0 1 0 1 0 -1 0 0 4287.dat
1 19 40 0 0 1 0 0 0 1 0 0 0 1 3004.dat
1 19 -40 0 0 1 0 0 0 1 0 0 0 1 3004.dat
1 19 10 -24 0 0 0 -1 0 1 0 1 0 0 4286.dat
1 19 -10 -24 0 0 0 1 0 1 0 -1 0 0 4286.dat
0 STEP
1 25 -10 -24 60 0 0 1 0 1 0 -1 0 0 3040.dat
1 25 10 -24 60 0 0 -1 0 1 0 1 0 0 3040.dat
1 288 0 -24 90 1 0 0 0 1 0 0 0 1 3001.dat
0 STEP
1 19 0 -24 130 1 0 0 0 1 0 0 0 1 3003.dat
1 19 0 -32 130 1 0 0 0 1 0 0 0 1 3068b.dat
0 STEP
1 72 -30 -24 130 0 0 1 0 1 0 -1 0 0 3004.dat
1 72 30 -24 130 0 0 1 0 1 0 -1 0 0 3004.dat
1 72 30 -72 120 -1 0 0 0 1 0 0 0 -1 60481.dat
1 72 -30 -72 120 -1 0 0 0 1 0 0 0 -1 60481.dat
0 STEP
1 288 -50 -24 100 1 0 0 0 1 0 0 0 1 3665.dat
1 288 50 -24 100 1 0 0 0 1 0 0 0 1 3665.dat
0 STEP
1 288 -60 -72 120 -1 0 0 0 1 0 0 0 -1 3684a.dat
1 288 60 -72 120 -1 0 0 0 1 0 0 0 -1 3684a.dat
0 STEP
1 72 70 0 140 -1 0 0 0 1 0 0 0 -1 3046.dat
1 72 -70 0 140 0 0 -1 0 1 0 1 0 0 3046.dat
0 STEP
1 288 50 24 150 0 0 -1 0 1 0 1 0 0 3747b.dat
1 288 -50 24 150 0 0 1 0 1 0 -1 0 0 3747b.dat
1 288 -50 48 140 -1 0 0 0 1 0 0 0 -1 3665.dat
1 288 50 48 140 -1 0 0 0 1 0 0 0 -1 3665.dat
0 STEP
1 72 90 0 150 0 0 1 0 1 0 -1 0 0 32064.dat
1 288 70 -24 160 0 0 -1 0 1 0 1 0 0 3040.dat
1 72 -90 0 150 0 0 1 0 1 0 -1 0 0 32064.dat
1 288 -70 -24 159.9995 0 0 1 0 1 0 -1 0 0 3040.dat
0 STEP
1 34 70 -24 160 -1 0 0 0 1 0 0 0 -1 54200.dat
1 288 90 0 140 0 0 -1 0 1 0 1 0 0 54200.dat
1 34 -70 -24 160 -1 0 0 0 1 0 0 0 -1 54200.dat
1 288 -90 0 140 0 0 1 0 1 0 -1 0 0 54200.dat
0 STEP
1 0 100 10 150 1 0 0 0 1 0 0 0 1 32062.dat
1 0 110 10 150 0 -1 0 1 0 0 0 0 1 32474.dat
1 0 -100 10 150 -1 0 0 0 1 0 0 0 -1 32062.dat
1 0 -110 10 150 0 1 0 1 0 0 0 0 -1 32474.dat
0 STEP
1 72 -29.9997 0 140 -1 0 0 0 1 0 0 0 -1 4460b.dat
1 72 30 0 140 -1 0 0 0 1 0 0 0 -1 4460b.dat
1 72 30 72 150 0 0 -1 0 1 0 1 0 0 3023.dat
1 72 -30 72 150 0 0 -1 0 1 0 1 0 0 3023.dat
0 STEP
1 71 0 24 140 -1 0 0 0 1 0 0 0 -1 3684a.dat
1 71 0 0 140 -1 0 0 0 1 0 0 0 -1 11211.dat
0 STEP
1 288 0 80 150 0 0 1 0 1 0 -1 0 0 4871.dat
0 STEP
1 71 0 10 164 0 0 -1 -1 0 0 0 1 0 4697b.dat
1 71 10 9.9997 158 0 0 1 -1 0 0 0 -1 0 2555.dat
1 71 -10 9.9997 158 0 0 1 -1 0 0 0 -1 0 2555.dat
0 STEP
1 25 0 -48 50 0 0 1 0 1 0 -1 0 0 2456.dat
1 25 0 -72 80 -1 0 0 0 1 0 0 0 -1 3937.dat
0 STEP
1 19 -30 -24 30 0 0 1 0 1 0 -1 0 0 85984.dat
1 19 30 -24 30 0 0 -1 0 1 0 1 0 0 85984.dat
0 STEP
1 25 0 -72 60 1 0 0 0 1 0 0 0 1 30363.dat
1 25 -10 -72 60 0 0 1 0 1 0 -1 0 0 54200.dat
1 25 9.9979 -72 60 0 0 -1 0 1 0 1 0 0 54200.dat
0 STEP
1 71 0 -62 90 1 0 0 0 0 1 0 -1 0 3938.dat
1 288 0 -62 114 1 0 0 0 0 1 0 -1 0 3660.dat
0 STEP
1 288 0 -42 138 1 0 0 0 0 1 0 -1 0 3298.dat
1 288 0 -42 138 1 0 0 0 0 1 0 -1 0 85984.dat
0 STEP
1 288 -39.9997 -72 100 1 0 0 0 1 0 0 0 1 3678b.dat
1 288 39.9997 -72 100 1 0 0 0 1 0 0 0 1 3678b.dat
1 288 30 -96 120 1 0 0 0 1 0 0 0 1 3040.dat
1 288 -30 -96 120 1 0 0 0 1 0 0 0 1 3040.dat
0 STEP
1 288 -50 -96 120 0 0 1 0 1 0 -1 0 0 3040.dat
1 288 50 -96 120 0 0 -1 0 1 0 1 0 0 3040.dat
0 STEP
1 71 40 -96 119.9997 -1 0 0 0 1 0 0 0 -1 85984.dat
1 71 -40 -96 119.9997 -1 0 0 0 1 0 0 0 -1 85984.dat
1 72 49.9997 -72 99.9997 1 0 0 0 1 0 0 0 1 54200.dat
1 72 -50 -72 99.9997 1 0 0 0 1 0 0 0 1 54200.dat
0 STEP
1 0 0 20 182 -1 0 0 0 -1 0 0 0 1 09-head.ldr
0 STEP
1 0 0 56 90 1 0 0 0 1 0 0 0 1 10-back-pack.ldr
0 STEP
1 0 -171.931 0 73.419 0.965926 0 0.258819 0 1 0 -0.258819 0 0.965926 12-01-arm.ldr
0 STEP
1 0 171.931 0 73.419 0.965926 0 -0.258819 0 1 0 0.258819 0 0.965926 12-02-arm.ldr
0 STEP
1 0 20 -72 10 1 0 0 0 1 0 0 0 1 16-02-holster.ldr
0 STEP
1 0 -140 -72 10 1 0 0 0 1 0 0 0 1 16-01-holster.ldr
0 NOFILE
0 FILE 09-head.ldr
0 
0 Name: 09-head.ldr
0 Author: Nathanel Titane // nathanel.titane@gmail.com // All Rights Reserved
1 72 0 0 0 1 0 0 0 1 0 0 0 1 87087.dat
1 72 0 0 20 0 0 1 0 1 0 -1 0 0 47905.dat
1 72 0 24 20 0 0 1 0 1 0 -1 0 0 3623.dat
0 STEP
1 19 0 0 40 0 0 1 0 1 0 -1 0 0 47905.dat
1 19 0 -8 30 -1 0 0 0 1 0 0 0 -1 92946.dat
1 72 0 -16 20 0 0 1 0 1 0 -1 0 0 3024.dat
1 34 0 -16 20 1 0 0 0 1 0 0 0 1 54200.dat
0 STEP
1 19 0 -24 0 1 0 0 0 1 0 0 0 1 3005.dat
1 19 0 -32 0 1 0 0 0 1 0 0 0 1 3070b.dat
0 STEP
1 288 0 32 40 1 0 0 0 1 0 0 0 1 3005.dat
1 288 0 32 20 1 0 0 0 1 0 0 0 1 87087.dat
0 STEP
1 72 0 56 20 0 0 1 0 1 0 -1 0 0 3024.dat
1 72 0 56 50 -1 0 0 0 1 0 0 0 -1 92946.dat
1 25 0 64 20 -1 0 0 0 1 0 0 0 -1 4287.dat
0 STEP
1 34 0 42 2 1 0 0 0 0 -1 0 1 0 3024.dat
1 19 0 41.9998 -6 0 0 1 1 0 0 0 1 0 2555.dat
1 288 0 46.75 -18.5 1 0 0 0 -0.25035 0.968155 0 -0.968155 -0.25035 3820.dat
0 STEP
1 288 -10 19.8486 38.2635 0 1 0 0.17362 0 0.984813 0.984813 0 -0.17362 11477.dat
1 288 -18 39.5447 34.7912 0 1 0 0.984817 0 -0.173594 -0.173594 0 -0.984817 92280.dat
1 19 -24 52.8651 52.7512 0.573612 0 0.819127 -0.806695 -0.173619 0.564889 0.142172 -0.984813 -0.099653 30088.dat
0 STEP
1 288 10 19.8486 38.2635 0 -1 0 -0.17362 0 0.984813 -0.984813 0 -0.17362 11477.dat
1 288 18 39.5447 34.7912 0 -1 0 0.984808 0 0.173645 -0.173645 0 0.984808 92280.dat
1 19 24 52.8651 52.7513 0.573611 0 -0.819128 0.806674 -0.17362 0.564918 -0.14229 -0.984813 -0.099485 30088.dat
0 STEP
