0 FILE 00-instructions.ldr
0 Name: 00-instructions.ldr
0 Author: Nathanel Titane // nathanel.titane@gmail.com // All Rights Reserved
0
0 // LPUB[3D] FRONT COVER PAGE /////////////////////////////////////////////////
0
0 !LPUB PAGE DOCUMENT_TITLE_FRONT COLOR "#666666"
0 !LPUB PAGE DOCUMENT_TITLE_FRONT CONTENT GLOBAL "MODEL // KX-7737 KUMO // TITAN"
0 !LPUB PAGE DOCUMENT_TITLE_FRONT DISPLAY GLOBAL TRUE
0 !LPUB PAGE DOCUMENT_TITLE_FRONT FONT "Noto Sans,72,-1,0,75,0,0,0,0,0,Bold"
0 !LPUB PAGE DOCUMENT_TITLE_FRONT MARGINS 0.2500 0.1000
0 !LPUB PAGE DOCUMENT_TITLE_FRONT PLACEMENT GLOBAL TOP_LEFT PAGE INSIDE OFFSET 0.0000 0.0000

0 !LPUB PAGE DOCUMENT_AUTHOR_FRONT CONTENT GLOBAL "MODEL DESIGN AND INSTRUCTIONS // NATHANEL TITANE"
0 !LPUB PAGE DOCUMENT_AUTHOR_FRONT COLOR "#666666"
0 !LPUB PAGE DOCUMENT_AUTHOR_FRONT DISPLAY GLOBAL TRUE
0 !LPUB PAGE DOCUMENT_AUTHOR_FRONT FONT "Noto Sans,18,-1,0,75,0,0,0,0,0,Bold"
0 !LPUB PAGE DOCUMENT_AUTHOR_FRONT MARGINS 0.3000 1.0000
0 !LPUB PAGE DOCUMENT_AUTHOR_FRONT PLACEMENT TOP_LEFT PAGE INSIDE OFFSET 0.0000 0.0000

0 !LPUB PAGE MODEL_PARTS COLOR "#666666"
0 !LPUB PAGE MODEL_PARTS CONTENT GLOBAL "658 PIECES"
0 !LPUB PAGE MODEL_PARTS DISPLAY GLOBAL TRUE
0 !LPUB PAGE MODEL_PARTS FONT "Noto Sans,72,-1,0,75,0,0,0,0,0,Bold"
0 !LPUB PAGE MODEL_PARTS MARGINS 0.2500 0.1000
0 !LPUB PAGE MODEL_PARTS PLACEMENT GLOBAL BOTTOM_LEFT PAGE INSIDE OFFSET 0.0000 0.0000

0 !LPUB PAGE PUBLISH_DESCRIPTION COLOR "#666666"
0 !LPUB PAGE PUBLISH_DESCRIPTION CONTENT GLOBAL "LEGO // LINUX - Where Lego and Linux Meet"
0 !LPUB PAGE PUBLISH_DESCRIPTION DISPLAY GLOBAL TRUE
0 !LPUB PAGE PUBLISH_DESCRIPTION FONT "Noto Sans,36,-1,0,75,0,0,0,0,0,Bold"
0 !LPUB PAGE PUBLISH_DESCRIPTION MARGINS 0.2000 0.2000
0 !LPUB PAGE PUBLISH_DESCRIPTION PLACEMENT GLOBAL BOTTOM_RIGHT PAGE INSIDE OFFSET 0.0000 0.0000
0
0 // LPUB[3D] BACK COVER PAGE //////////////////////////////////////////////////
0
0 // LPUB[3D] DOCUMENT DISCLAIMER
0 !LPUB PAGE LEGO_DISCLAIMER COLOR "#666666"
0 !LPUB PAGE LEGO_DISCLAIMER CONTENT GLOBAL "LEGO® // REGISTERED TRADEMARK OF THE LEGO GROUP"
0 !LPUB PAGE LEGO_DISCLAIMER DISPLAY GLOBAL TRUE
0 !LPUB PAGE LEGO_DISCLAIMER FONT "Noto Sans,36,-1,0,75,0,0,0,0,0,Bold"
0 !LPUB PAGE LEGO_DISCLAIMER PLACEMENT GLOBAL CENTER PAGE INSIDE OFFSET 0.0000 -0.2500
0
0 // LPUB[3D] PAGE DOCUMENT AUTHOR
0 !LPUB PAGE DOCUMENT_AUTHOR_BACK COLOR "#666666"
0 !LPUB PAGE DOCUMENT_AUTHOR_BACK CONTENT GLOBAL "MODEL DESIGN AND INSTRUCTIONS // NATHANEL TITANE"
0 !LPUB PAGE DOCUMENT_AUTHOR_BACK DISPLAY GLOBAL TRUE
0 !LPUB PAGE DOCUMENT_AUTHOR_BACK FONT "Noto Sans,36,-1,0,75,0,0,0,0,0,Bold"
0 !LPUB PAGE DOCUMENT_AUTHOR_BACK PLACEMENT CENTER PAGE INSIDE OFFSET 0.0000 -0.2000
0
0 // LPUB[3D] PAGE PUBLICATION COPYRIGHT
0 !LPUB PAGE PUBLISH_COPYRIGHT_BACK COLOR "#666666"
0 !LPUB PAGE PUBLISH_COPYRIGHT_BACK CONTENT GLOBAL "COPYRIGHT // ALL RIGHTS RESERVED"
0 !LPUB PAGE PUBLISH_COPYRIGHT_BACK DISPLAY GLOBAL TRUE
0 !LPUB PAGE PUBLISH_COPYRIGHT_BACK FONT "Noto Sans,36,-1,0,75,0,0,0,0,0,Bold"
0 !LPUB PAGE PUBLISH_COPYRIGHT_BACK PLACEMENT GLOBAL CENTER PAGE INSIDE OFFSET 0.0000 -0.1500
0
0 // LPUB[3D] PAGE PUBLICATION EMAIL
0 !LPUB PAGE PUBLISH_EMAIL_BACK COLOR "#666666"
0 !LPUB PAGE PUBLISH_EMAIL_BACK CONTENT GLOBAL "CONTACT // NATHANEL.TITANE@GMAIL.COM // INFO@LEGOLINUX.COM"
0 !LPUB PAGE PUBLISH_EMAIL_BACK DISPLAY GLOBAL TRUE
0 !LPUB PAGE PUBLISH_EMAIL_BACK FONT "Noto Sans,18,-1,0,75,0,0,0,0,0,Bold"
0 !LPUB PAGE PUBLISH_EMAIL_BACK PLACEMENT GLOBAL CENTER PAGE INSIDE OFFSET 0.0000 -0.0500
0
0 // LPUB[3D] PAGE PUBLICATION URL
0 !LPUB PAGE PUBLISH_URL_BACK COLOR "#666666"
0 !LPUB PAGE PUBLISH_URL_BACK CONTENT GLOBAL "WEB // HTTPS://LEGOLINUX.COM/MODELS/TITANS/KX-7737-KUMO-TITAN"
0 !LPUB PAGE PUBLISH_URL_BACK DISPLAY GLOBAL TRUE
0 !LPUB PAGE PUBLISH_URL_BACK FONT "Noto Sans,18,-1,0,75,0,0,0,0,0,Bold"
0 !LPUB PAGE PUBLISH_URL_BACK PLACEMENT GLOBAL CENTER PAGE INSIDE OFFSET 0.0000 -0.0250
0
0 // LPUB[3D] PAGE LOGO
0 !LPUB PAGE DOCUMENT_LOGO_BACK DISPLAY GLOBAL TRUE
0 !LPUB PAGE DOCUMENT_LOGO_BACK FILE GLOBAL "/media/internal/Lego/lpub3d/instructions/logo.png"
0 !LPUB PAGE DOCUMENT_LOGO_BACK PLACEMENT CENTER PAGE INSIDE OFFSET 0.0000 0.45000
0 !LPUB PAGE DOCUMENT_LOGO_BACK SCALE GLOBAL  1.0000
0
0 // LPUB[3D] CONFIGURATION ////////////////////////////////////////////////////
0
0 // LPUB[3D] PAGE WATERMARK
0 !LPUB PAGE PUBLISH_EMAIL CONTENT GLOBAL "CONTACT // NATHANEL.TITANE@GMAIL.COM // INFO@LEGOLINUX.COM"
0 !LPUB PAGE PUBLISH_EMAIL COLOR "#666666"
0 !LPUB PAGE PUBLISH_EMAIL DISPLAY GLOBAL TRUE
0 !LPUB PAGE PUBLISH_EMAIL FONT "Noto Sans,18,-1,0,75,0,0,0,0,0,Bold"
0 !LPUB PAGE PUBLISH_EMAIL MARGINS 0.0000 0.1500
0 !LPUB PAGE PUBLISH_EMAIL PLACEMENT GLOBAL BOTTOM PAGE INSIDE OFFSET 0.0000 0.0000
0 !LPUB PAGE DOCUMENT_AUTHOR CONTENT GLOBAL "MODEL DESIGN AND INSTRUCTIONS // NATHANEL TITANE"
0 !LPUB PAGE DOCUMENT_AUTHOR COLOR "#666666"
0 !LPUB PAGE DOCUMENT_AUTHOR DISPLAY GLOBAL TRUE
0 !LPUB PAGE DOCUMENT_AUTHOR FONT "Noto Sans,18,-1,0,75,0,0,0,0,0,Bold"
0 !LPUB PAGE DOCUMENT_AUTHOR MARGINS 0.0000 0.2000
0 !LPUB PAGE DOCUMENT_AUTHOR PLACEMENT GLOBAL TOP PAGE INSIDE OFFSET 0.0000 0.0000
0
0 // LPUB[3D] STEPS HIGHLIGHT
0 !LPUB HIGHLIGHT_STEP ENABLED GLOBAL TRUE
0 !LPUB HIGHLIGHT_STEP COLOR GLOBAL "#7137C8"
0
0 // LPUB[3D] STEP FADE
0 !LPUB FADE_STEP OPACITY GLOBAL "50"
0 !LPUB FADE_STEP COLOR GLOBAL "Trans_Black"
0 !LPUB FADE_STEP ENABLED GLOBAL TRUE
0 !LPUB FINAL_MODEL_ENABLED GLOBAL TRUE
0
0 // LPUB[3D] SUBMODEL PREVIEW
0 !LPUB SUBMODEL_DISPLAY SHOW GLOBAL TRUE
0 !LPUB SUBMODEL_DISPLAY BACKGROUND COLOR "#DDDDDD"
0 !LPUB SUBMODEL_DISPLAY MARGINS 0.1500 0.7500
0 !LPUB SUBMODEL_DISPLAY BORDER SQUARE 0 Black 0.031 MARGINS 0.050 0.050
0 !LPUB SUBMODEL_DISPLAY PLACEMENT GLOBAL LEFT PAGE INSIDE
0 !LPUB SUBMODEL_DISPLAY CAMERA_ANGLES 30.0000 45.0000
0
0 // LPUB[3D] ASSEMBLIES
0 !LPUB ASSEM CAMERA_ANGLES 30.0000 45.0000
0 !LPUB ASSEM MARGINS 0.5000 0.5000
0 !LPUB ASSEM MODEL_SCALE 1.0000
0 !LPUB ASSEM PLACEMENT CENTER PAGE INSIDE OFFSET 0.0000 0.0000
0
0 // LPUB[3D] BILL OF MATERIALS
0 !LPUB BOM BACKGROUND COLOR "#DDDDDD"
0 !LPUB BOM BORDER SQUARE 0 #666666 0.025 MARGINS 0.050 0.050
0 !LPUB BOM CONSTRAIN HEIGHT 13.0000
0 !LPUB BOM CONSTRAIN SQUARE
0 !LPUB BOM PLACEMENT CENTER PAGE INSIDE OFFSET 0.0000 0.0000
0
0 // LPUB[3D] CALLOUTS
0 !LPUB CALLOUT BORDER SQUARE 0 #666666 0.025 MARGINS 0.050 0.050
0 !LPUB CALLOUT MARGINS 0.1250 0.1250
0 !LPUB CALLOUT PLACEMENT RIGHT PAGE INSIDE OFFSET 0.0000 0.0000
0
0 // LPUB[3D] PAGE
0 !LPUB PAGE DOCUMENT_COVER_IMAGE DISPLAY GLOBAL TRUE
0 !LPUB PAGE DOCUMENT_COVER_IMAGE FILE GLOBAL "../renders/flat/flat.png"
0 !LPUB PAGE DOCUMENT_COVER_IMAGE FILL GLOBAL ASPECT
0 !LPUB PAGE DOCUMENT_COVER_IMAGE MARGINS GLOBAL 0.0000 0.0000
0 !LPUB PAGE DOCUMENT_COVER_IMAGE PLACEMENT GLOBAL CENTER PAGE INSIDE OFFSET 0.0000 0.0000
0 !LPUB PAGE DOCUMENT_COVER_IMAGE SCALE GLOBAL 1.0000
0
0 // LPUB[3D] PAGE NUMBER
0 !LPUB PAGE NUMBER FONT "Noto Sans,36,-1,0,75,0,0,0,0,0,Bold"
0 !LPUB PAGE NUMBER FONT_COLOR "#666666"
0 !LPUB PAGE NUMBER MARGINS 0.1250 0.1250
0 !LPUB PAGE NUMBER PLACEMENT BOTTOM_RIGHT PAGE INSIDE OFFSET 0.0000 0.0000
0
0 // LPUB[3D] PAGE SETUP
0 !LPUB PAGE BORDER GLOBAL NONE 0 MARGINS 0.000 0.000
0 !LPUB PAGE ENABLE_TEXT_PLACEMENT GLOBAL CENTER PAGE INSIDE OFFSET 0.0000 0.0000
0 !LPUB PAGE TEXT_PLACEMENT GLOBAL TRUE
0 !LPUB PAGE PAGE_FOOTER SIZE GLOBAL 32.0000 0.5000
0 !LPUB PAGE PAGE_HEADER SIZE GLOBAL 32.0000 0.5000
0 !LPUB PAGE MARGINS GLOBAL 0.0000 0.0000
0 !LPUB PAGE ORIENTATION GLOBAL LANDSCAPE
0 !LPUB PAGE SIZE GLOBAL 16.0000 32.0000
0
0 // LPUB[3D] PAGE COLORS
0 !LPUB PAGE SUBMODEL_BACKGROUND_COLOR GLOBAL "#DDDDDD" "#FFE680" "#FFAAAA" "#C6AFE9"
0
0 // LPUB[3D] SUBMODELS
0 !LPUB PAGE SUBMODEL_INSTANCE_COUNT FONT_COLOR "#FF5555"
0 !LPUB PAGE SUBMODEL_INSTANCE_COUNT FONT "Noto Sans,72,-1,0,75,0,0,0,0,0,Bold"
0 !LPUB PAGE SUBMODEL_INSTANCE_COUNT MARGINS 0.0000 0.1250
0 !LPUB PAGE SUBMODEL_INSTANCE_COUNT PLACEMENT BOTTOM_RIGHT PAGE INSIDE OFFSET 0.0000 -0.0500
0
0 // LPUB[3D] PARTS LIST
0 !LPUB PLI BACKGROUND COLOR "#DDDDDD"
0 !LPUB PLI BORDER SQUARE 0 #666666 0.025 MARGINS 0.0500 0.050
0 !LPUB PLI CAMERA_ANGLES 30.0000 45.0000
0 !LPUB PLI CONSTRAIN HEIGHT 5.0000
0 !LPUB PLI MODEL_SCALE  1.0000
0 !LPUB PLI MARGINS 0.1500 0.7500
0 !LPUB PLI PLACEMENT TOP_RIGHT PAGE INSIDE OFFSET 0.0000 0.0000
0 !LPUB PLI INSTANCE_COUNT FONT "Noto Sans,36,-1,0,75,0,0,0,0,0,Bold"
0 !LPUB PLI INSTANCE_COUNT FONT_COLOR "#666666"
0 !LPUB PLI INSTANCE_COUNT MARGINS 0.0125 0.0125
0 !LPUB PLI INSTANCE_COUNT MARGINS 0.0125 0.3000
0
0 // LPUB[3D] STEP NUMBER
0 !LPUB STEP_NUMBER FONT "Noto Sans,72,-1,0,75,0,0,0,0,0,Bold"
0 !LPUB STEP_NUMBER FONT_COLOR "#666666"
0 !LPUB STEP_NUMBER MARGINS 0.1250 0.0000
0 !LPUB STEP_NUMBER PLACEMENT TOP_LEFT PAGE INSIDE OFFSET 0.0000 0.0000
0
0 // LPUB[3D] BEGIN INSTRUCTIONS ///////////////////////////////////////////////
0
0 STEP
0 !LPUB INSERT COVER_PAGE FRONT
0 STEP
0 !LPUB ASSEM MODEL_SCALE LOCAL 0.7500
1 0 0 0 0 1 0 0 0 1 0 0 0 1 00-model.ldr
0 STEP
0
0 // LPUB[3D] DISABLE FINAL MODEL SHOWCASE /////////////////////////////////////
0
0 !LPUB NOSTEP
0
0 // LPUB[3D] BOM PAGES
0 STEP
0 !LPUB INSERT PAGE
0 !LPUB INSERT BOM
0 STEP
0 !LPUB INSERT PAGE
0 !LPUB INSERT BOM
0 STEP
0 !LPUB INSERT PAGE
0 !LPUB INSERT BOM
0 STEP
0 !LPUB INSERT PAGE
0 !LPUB INSERT BOM
0 STEP
0 !LPUB INSERT PAGE
0 !LPUB INSERT BOM
0 STEP
0 !LPUB INSERT PAGE
0 !LPUB INSERT BOM
0 STEP
0 !LPUB INSERT PAGE
0 !LPUB INSERT BOM
0 STEP
0 !LPUB INSERT PAGE
0 !LPUB INSERT BOM
0 STEP
0 !LPUB INSERT PAGE
0 !LPUB INSERT BOM
0 STEP
0 !LPUB INSERT PAGE
0 !LPUB INSERT BOM
0 STEP
0 !LPUB INSERT PAGE
0 !LPUB INSERT BOM
0 STEP
0 !LPUB INSERT PAGE
0 !LPUB INSERT BOM
0 STEP
0
0 !LPUB NOSTEP
0
0 !LPUB INSERT COVER_PAGE BACK
0
0 // LPUB[3D] END INSTRUCTIONS /////////////////////////////////////////////////
0
0 NOFILE
0 FILE 00-model.ldr
0 Author: Nathanel Titane // nathanel.titane@gmail.com // All Rights Reserved
1 4 0 4.892 -0.2637 1 0 0 0 0.999391 -0.034899 0 0.034899 0.999391 01-torso.ldr
0 STEP
1 4 0 120.405 45.4106 -1 0 0 0 0.681999 0.731353 0 0.731353 -0.681999 04-waist.ldr
0 NOFILE
0 FILE 01-torso.ldr
0 Author: Nathanel Titane // nathanel.titane@gmail.com // All Rights Reserved
1 71 0 0 0 0 0 1 0 1 0 -1 0 0 4871.dat
1 71 0 8 -50 1 0 0 0 1 0 0 0 1 32803.dat
0 STEP
1 71 0 8 -10 0 0 1 0 1 0 -1 0 0 3021.dat
0 STEP
1 72 0 -16 10 -1 0 0 0 1 0 0 0 -1 3700.dat
1 4 0 -24 10 -1 0 0 0 1 0 0 0 -1 3023.dat
1 0 0 -6 20 0 0 1 0 -1 0 1 0 0 2780.dat
0 STEP
1 72 0 4 30 1 0 0 0 -1 0 0 0 -1 85943.dat
1 72 0 4 30 1 0 0 0 -1 0 0 0 -1 85984.dat
1 72 0 -6 60 0 1 0 0 0 1 1 0 0 18654.dat
0 STEP
1 0 0 -6 60 -1 0 0 0 1 0 0 0 -1 3705.dat
1 0 -30 -6 60 0 1 0 -1 0 0 0 0 1 32474.dat
1 0 30 -6 60 0 -1 0 -1 0 0 0 0 -1 32474.dat
0 STEP
1 71 -30 -24 10 -1 0 0 0 1 0 0 0 -1 3665.dat
1 0 -30 -8 -10 1 0 0 0 1 0 0 0 1 3024.dat
1 71 -30 -8 -10 1 0 0 0 1 0 0 0 1 54200.dat
0 STEP
1 71 30 -24 10 -1 0 0 0 1 0 0 0 -1 3665.dat
1 0 30 -8 -10 1 0 0 0 1 0 0 0 1 3024.dat
1 71 30 -8 -10 1 0 0 0 1 0 0 0 1 54200.dat
0 STEP
1 72 -20 -48 20 -1 0 0 0 1 0 0 0 -1 48169.dat
1 72 20 -48 20 1 0 0 0 1 0 0 0 1 48169.dat
0 STEP
1 71 -10 -32 70 -1 0 0 0 1 0 0 0 -1 24201.dat
1 71 10 -32 70 -1 0 0 0 1 0 0 0 -1 24201.dat
1 15 0 -32 50 -1 0 0 0 1 0 0 0 -1 3023.dat
1 72 0 -40 60 -1 0 0 0 1 0 0 0 -1 51739.dat
1 72 0 -48 60 -1 0 0 0 1 0 0 0 -1 51739.dat
0 STEP
1 71 0 -72 40 1 0 0 0 1 0 0 0 1 3003.dat
0 STEP
1 71 0 -72 70 -1 0 0 0 1 0 0 0 -1 11211.dat
0 STEP
1 72 0 -48 10 1 0 0 0 1 0 0 0 1 85984.dat
1 0 -30 -56 20 0 0 -1 0 1 0 1 0 0 60478.dat
1 0 30 -56 20 0 0 -1 0 1 0 1 0 0 60478.dat
0 STEP
1 72 -30 -64 20 0 0 1 0 1 0 -1 0 0 32028.dat
1 72 30 -64 20 0 0 -1 0 1 0 1 0 0 32028.dat
0 STEP
1 0 -30 -72 20 0 0 1 0 1 0 -1 0 0 99780.dat
1 0 30 -72 20 0 0 -1 0 1 0 1 0 0 99780.dat
0 STEP
1 71 0 -80 60 0 0 1 0 1 0 -1 0 0 3020.dat
1 0 -30 -80 20 0 0 1 0 1 0 -1 0 0 63868.dat
1 0 30 -80 20 0 0 1 0 1 0 -1 0 0 63868.dat
0 STEP
1 4 -52 -74 20 0 1 0 0 0 -1 -1 0 0 3794b.dat
1 71 -60 -74 20 0 1 0 1 0 0 0 0 -1 2555.dat
1 71 -66 -74 20 0 0 -1 0 1 0 1 0 0 98397.dat
0 STEP
1 4 52 -74 20 0 -1 0 0 0 -1 1 0 0 3794b.dat
1 71 60 -74 20 0 -1 0 -1 0 0 0 0 -1 2555.dat
1 71 66 -74 20 0 0 1 0 1 0 -1 0 0 98397.dat
0 STEP
1 4 -20 -88 30 0 0 1 0 1 0 -1 0 0 92946.dat
1 4 20 -88 30 0 0 -1 0 1 0 1 0 0 92946.dat
1 0 0 -88 50 1 0 0 0 1 0 0 0 1 18649.dat
1 0 0 -88 70 1 0 0 0 1 0 0 0 1 18649.dat
1 0 0 -88 90 1 0 0 0 1 0 0 0 1 18649.dat
0 STEP
1 4 -30 -80 10 0 0 1 0 1 0 -1 0 0 54200.dat
1 4 30 -80 10 0 0 -1 0 1 0 1 0 0 54200.dat
0 STEP
1 0 0 -96 30 1 0 0 0 1 0 0 0 1 48336.dat
1 4 0 -96 60 1 0 0 0 1 0 0 0 1 3022.dat
1 4 -10 -88 90 -1 0 0 0 1 0 0 0 -1 54200.dat
1 4 10 -88 90 -1 0 0 0 1 0 0 0 -1 54200.dat
0 STEP
1 71 0 -104 60 1 0 0 0 1 0 0 0 1 87580.dat
1 179 0 -104 30 1 0 0 0 1 0 0 0 1 99563.dat
0 STEP
1 72 0 -104 60 1 0 0 0 -1 0 0 0 -1 15535.dat
1 71 0 -112 60 1 0 0 0 -1 0 0 0 -1 3679.dat
0 STEP
1 0 0 -62 104 -1 0 0 0 0 -1 0 -1 0 3937.dat
1 71 0 -62 104 -1 0 0 0 0 -1 0 -1 0 3938.dat
1 0 -10 -62 112 0 0 -1 1 0 0 0 -1 0 2555.dat
1 0 10 -62 112 0 0 -1 1 0 0 0 -1 0 2555.dat
0 STEP
1 0 0 -62 118 1 0 0 0 1 0 0 0 1 98834.dat
0 STEP
1 0 0 -16 -50 1 0 0 0 1 0 0 0 1 3937.dat
1 71 0 -16 -50 1 0 0 0 1 0 0 0 1 3938.dat
1 71 0 -40 -50 1 0 0 0 1 0 0 0 1 3004.dat
0 STEP
1 0 0 -48 -50 1 0 0 0 1 0 0 0 1 44728.dat
1 179 0 -18 -72 1 0 0 0 0 -1 0 1 0 99563.dat
0 STEP
1 15 0 -38 -72 1 0 0 0 0 -1 0 1 0 3023.dat
1 0 -10 -38 -80 0 0 1 1 0 0 0 1 0 2555.dat
1 0 10 -38 -80 0 0 1 1 0 0 0 1 0 2555.dat
0 STEP
1 0 0 -48 -50 1 0 0 0 1 0 0 0 1 85984.dat
0 STEP
1 71 -30 -86 90 1 0 0 0 -1 0 0 0 -1 48729b.dat
0 STEP
1 0 0 -86.7593 -19.725 -1 0 0 0 -0.906308 -0.422618 0 -0.422618 0.906308 02-top-hatch.ldr
0 STEP
1 4 -30 -55.3726 -29.799 -1 0 0 0 -0.707107 -0.707107 0 -0.707107 0.707107 03-01-side-hatch.ldr
1 4 30 -55.3726 -29.799 -1 0 0 0 -0.707107 -0.707107 0 -0.707107 0.707107 03-02-side-hatch.ldr
0 STEP
1 4 -66.3731 -107 100 0.5 0.866025 0 -0.866025 0.5 0 0 0 1 06-01-pod-handle.ldr
1 4 66.3731 -107 100 0.5 -0.866025 0 0.866025 0.5 0 0 0 1 06-02-pod-handle.ldr
0 STEP
1 4 -118.6369 -61.9658 40.8044 -0.258819 0 0.965926 0.836516 -0.5 0.224144 0.482963 0.866025 0.12941 09-01-shoulder.ldr
1 4 118.6373 -61.9658 40.8044 -0.258819 0 -0.965926 -0.836516 -0.5 0.224144 -0.482963 0.866025 0.12941 09-02-shoulder.ldr
0 STEP
1 4 0 21.5085 -95.7336 1 0 0 0 0.258819 -0.965926 0 0.965926 0.258819 13-hood.ldr
0 STEP
0 NOFILE
0 FILE 02-top-hatch.ldr
0 Author: Nathanel Titane // nathanel.titane@gmail.com // All Rights Reserved
1 71 0 8 30 -1 0 0 0 1 0 0 0 -1 32803.dat
1 0 -10 0 30 0 0 1 0 1 0 -1 0 0 2555.dat
1 0 10 0 30 0 0 1 0 1 0 -1 0 0 2555.dat
0 STEP
1 0 0 8 10 1 0 0 0 1 0 0 0 1 99781.dat
1 0 -10 8 10 0 0 -1 0 1 0 1 0 0 54200.dat
1 0 10 8 10 0 0 1 0 1 0 -1 0 0 54200.dat
0 STEP
1 4 0 18 -28 1 0 0 0 0 -1 0 1 0 3937.dat
1 71 0 18 -28 1 0 0 0 0 -1 0 1 0 6134.dat
1 4 10 8 -36 1 0 0 0 0 -1 0 1 0 92946.dat
1 4 -10 8 -36 1 0 0 0 0 -1 0 1 0 92946.dat
0 STEP
1 4 0 -2 -60 1 0 0 0 0 -1 0 1 0 3937.dat
1 71 0 2.2262 -59.0631 1 0 0 0 -0.422618 -0.906308 0 0.906308 -0.422618 3938.dat
0 STEP
1 0 -10 5.6071 -66.3135 1 0 0 0 -0.422618 -0.906308 0 0.906308 -0.422618 3024.dat
1 43 -10 8.9881 -73.564 1 0 0 0 -0.422618 -0.906308 0 0.906308 -0.422618 98138.dat
0 STEP
1 0 10 2.2262 -59.0631 0 0 -1 -0.906308 -0.422618 0 -0.422618 0.906308 0 54200.dat
0 NOFILE
0 FILE 03-01-side-hatch.ldr
0 Author: Nathanel Titane // nathanel.titane@gmail.com // All Rights Reserved
1 0 0 0 0 0 0 1 0 1 0 -1 0 0 18649.dat
0 STEP
1 0 0 -8 10 0 0 -1 0 1 0 1 0 0 98138.dat
1 0 0 -8 -10 0 0 -1 0 1 0 1 0 0 98138.dat
0 STEP
1 179 0 8 10 0 0 -1 0 1 0 1 0 0 4073.dat
1 179 0 8 -10 0 0 -1 0 1 0 1 0 0 4073.dat
1 0 0 16 0 0 0 -1 0 1 0 1 0 0 3023.dat
0 STEP
1 4 0 24 10 0 0 -1 0 1 0 1 0 0 3676.dat
1 0 0 24 30 -1 0 0 0 1 0 0 0 -1 54200.dat
0 STEP
1 4 0 24 -10 1 0 0 0 1 0 0 0 1 3676.dat
1 0 0 24 -30 1 0 0 0 1 0 0 0 1 54200.dat
0 STEP
1 4 20 0 10 -1 0 0 0 1 0 0 0 -1 3040.dat
1 4 20 0 -10 1 0 0 0 1 0 0 0 1 3040.dat
0 STEP
1 0 20 -8 10 0 0 -1 0 1 0 1 0 0 36840.dat
1 34 20 -16 10 0 0 -1 0 1 0 1 0 0 3024.dat
0 STEP
1 0 20 -24 -10 1 0 0 0 1 0 0 0 1 87087.dat
1 71 20 -32 -10 0 0 -1 0 1 0 1 0 0 3024.dat
1 4 20 -40 -10 -1 0 0 0 1 0 0 0 -1 28192.dat
1 4 20 -14 -20 0 0 -1 -1 0 0 0 1 0 54200.dat
0 STEP
1 0 0 -2.2426 -34.2426 0 0 -1 0.707107 -0.707107 0 -0.707107 -0.707107 0 2555.dat
1 72 0 -7.8995 -39.8995 -1 0 0 0 -0.707107 -0.707107 0 -0.707107 0.707107 4085d.dat
1 72 0 -13.5564 -45.5564 -1 0 0 0 -0.707107 -0.707107 0 -0.707107 0.707107 4085d.dat
1 72 0 7.6569 -52.6274 -1 0 0 0 -0.707107 -0.707107 0 -0.707107 0.707107 30229.dat
0 STEP
1 71 0 -19.2132 -51.2132 -1 0 0 0 -0.707107 -0.707107 0 -0.707107 0.707107 24201.dat
1 71 0 -22.0416 -25.7574 0 0 1 -0.707107 -0.707107 0 0.707107 -0.707107 0 6231.dat
0 NOFILE
0 FILE 03-02-side-hatch.ldr
0 Author: Nathanel Titane // nathanel.titane@gmail.com // All Rights Reserved
1 0 0 0 0 0 0 1 0 1 0 -1 0 0 18649.dat
0 STEP
1 0 0 -8 10 0 0 -1 0 1 0 1 0 0 98138.dat
1 0 0 -8 -10 0 0 -1 0 1 0 1 0 0 98138.dat
0 STEP
1 179 0 8 10 0 0 -1 0 1 0 1 0 0 4073.dat
1 179 0 8 -10 0 0 -1 0 1 0 1 0 0 4073.dat
1 0 0 16 0 0 0 -1 0 1 0 1 0 0 3023.dat
0 STEP
1 4 0 24 10 -1 0 0 0 1 0 0 0 -1 3676.dat
1 0 0 24 30 -1 0 0 0 1 0 0 0 -1 54200.dat
0 STEP
1 4 0 24 -10 0 0 1 0 1 0 -1 0 0 3676.dat
1 0 0 24 -30 1 0 0 0 1 0 0 0 1 54200.dat
0 STEP
1 4 -20 0 10 -1 0 0 0 1 0 0 0 -1 3040.dat
1 4 -20 0 -10 1 0 0 0 1 0 0 0 1 3040.dat
0 STEP
1 0 -20 -8 10 0 0 1 0 1 0 -1 0 0 36840.dat
1 34 -20 -16 10 0 0 -1 0 1 0 1 0 0 3024.dat
0 STEP
1 0 -20 -24 -10 1 0 0 0 1 0 0 0 1 87087.dat
1 71 -20 -32 -10 0 0 -1 0 1 0 1 0 0 3024.dat
1 4 -20 -40 -10 -1 0 0 0 1 0 0 0 -1 28192.dat
1 4 -20 -14 -20 0 0 1 1 0 0 0 1 0 54200.dat
0 STEP
1 0 0 -2.2426 -34.2426 0 0 -1 0.707107 -0.707107 0 -0.707107 -0.707107 0 2555.dat
1 72 0 -7.8995 -39.8995 -1 0 0 0 -0.707107 -0.707107 0 -0.707107 0.707107 4085d.dat
1 72 0 -13.5564 -45.5564 -1 0 0 0 -0.707107 -0.707107 0 -0.707107 0.707107 4085d.dat
1 72 0 7.6569 -52.6274 -1 0 0 0 -0.707107 -0.707107 0 -0.707107 0.707107 30229.dat
0 STEP
1 71 0 -19.2132 -51.2132 -1 0 0 0 -0.707107 -0.707107 0 -0.707107 0.707107 24201.dat
1 71 0 -22.0416 -25.7574 0 0 -1 0.707107 -0.707107 0 -0.707107 -0.707107 0 6231.dat
0 NOFILE
0 FILE 04-waist.ldr
0 Author: Nathanel Titane // nathanel.titane@gmail.com // All Rights Reserved
1 179 -10 0 10 1 0 0 0 1 0 0 0 1 4073.dat
1 179 -10 0 -10 1 0 0 0 1 0 0 0 1 4073.dat
1 179 10 0 10 1 0 0 0 1 0 0 0 1 4073.dat
1 179 10 0 -10 1 0 0 0 1 0 0 0 1 4073.dat
0 STEP
1 4 -10 -8 0 0 0 1 0 1 0 -1 0 0 48336.dat
1 4 10 -8 0 0 0 -1 0 1 0 1 0 0 48336.dat
0 STEP
1 0 0 -16 -10 1 0 0 0 1 0 0 0 1 32028.dat
1 0 0 -16 10 -1 0 0 0 1 0 0 0 -1 99207.dat
0 STEP
1 0 0 -40 0 1 0 0 0 1 0 0 0 1 48172.dat
1 0 0 -64 0 0 0 1 0 1 0 -1 0 0 92013.dat
1 179 0 -30 -20 0 0 -1 1 0 0 0 -1 0 4073.dat
0 STEP
1 72 0 -72 10 1 0 0 0 1 0 0 0 1 3839b.dat
1 72 0 -80 10 1 0 0 0 1 0 0 0 1 3839b.dat
0 STEP
1 72 0 -72 -10 1 0 0 0 1 0 0 0 1 32028.dat
1 72 0 -80 -10 1 0 0 0 1 0 0 0 1 32028.dat
1 4 0 -80 -10 1 0 0 0 1 0 0 0 1 85984.dat
0 STEP
1 0 0 -88 10 -1 0 0 0 1 0 0 0 -1 44728.dat
1 179 0 -96 10 -1 0 0 0 1 0 0 0 -1 99563.dat
0 STEP
1 0 0 -48 32 0 0 -1 1 0 0 0 -1 0 3020.dat
0 STEP
1 4 0 -68 40 1 0 0 0 0 1 0 -1 0 87580.dat
1 4 0 -38 40 1 0 0 0 0 1 0 -1 0 35480.dat
1 4 0 -18 32 -1 0 0 0 0 -1 0 -1 0 85984.dat
0 STEP
1 179 -10 -38 48 0 0 1 -1 0 0 0 -1 0 24246.dat
1 179 10 -38 48 0 0 -1 1 0 0 0 -1 0 24246.dat
0 STEP
1 72 0 -68 40 1 0 0 0 0 -1 0 1 0 15535.dat
1 71 0 -68 48 1 0 0 0 0 -1 0 1 0 3679.dat
0 STEP
1 72 0 -74 -60 0 1 0 1 0 0 0 0 -1 50923.dat
1 0 0 -74 -60 -1 0 0 0 1 0 0 0 -1 3705.dat
1 0 0 -74 -80 -1 0 0 0 1 0 0 0 -1 32062.dat
0 STEP
1 72 -15 -74 -60 0 1 0 1 0 0 0 0 -1 41677.dat
1 72 15 -74 -60 0 1 0 1 0 0 0 0 -1 41677.dat
0 STEP
1 0 -30 -74 -80 0 1 0 -1 0 0 0 0 1 32174.dat
1 0 30 -74 -80 0 1 0 -1 0 0 0 0 1 32174.dat
0 STEP
1 4 70.3529 -6.4769 33.6972 -0.965926 0 -0.258819 0.066987 0.965926 -0.25 0.25 -0.258819 -0.933013 05-01-thigh.ldr
1 4 -70.3528 -6.4769 33.6973 -0.965926 0 0.258819 -0.066987 0.965926 -0.25 -0.25 -0.258819 -0.933013 05-02-thigh.ldr
0 NOFILE
0 FILE 05-01-thigh.ldr
0 Author: Nathanel Titane // nathanel.titane@gmail.com // All Rights Reserved
1 72 0 -24 0 0 0 -1 0 1 0 1 0 0 48170.dat
1 0 0 0 0 0 0 -1 0 1 0 1 0 0 3022.dat
0 STEP
1 0 0 8 -10 1 0 0 0 1 0 0 0 1 99207.dat
1 0 0 8 10 -1 0 0 0 1 0 0 0 -1 32803.dat
0 STEP
1 72 0 -4 -48 0 0 1 1 0 0 0 1 0 48171.dat
1 0 0 36 -38 0 1 0 -1 0 0 0 0 1 47455.dat
0 STEP
1 0 0 -14 -72 -1 0 0 0 0 1 0 1 0 3004.dat
1 72 0 6 -80 1 0 0 0 0 -1 0 1 0 2432.dat
0 STEP
1 179 0 -14 -80 -1 0 0 0 0 1 0 1 0 99563.dat
0 STEP
1 71 -10 -32 10 0 0 1 0 1 0 -1 0 0 2555.dat
1 71 10 -32 10 0 0 1 0 1 0 -1 0 0 2555.dat
0 STEP
1 0 -10 -32 -20 0 0 1 0 1 0 -1 0 0 93274.dat
1 0 10 -32 -20 0 0 -1 0 1 0 1 0 0 93274.dat
0 STEP
1 0 0 -32 -50 1 0 0 0 1 0 0 0 1 48336.dat
1 72 0 -40 -10 1 0 0 0 1 0 0 0 1 3069b.dat
1 72 0 -40 -40 0 0 -1 0 1 0 1 0 0 3068b.dat
0 STEP
1 71 0 -30.8038 9.5359 1 0 0 0 -0.5 -0.866026 0 0.866026 -0.5 2432.dat
1 71 -10 -46.8039 37.2488 0 0 -1 -0.866026 -0.5 0 -0.5 0.866026 0 3665.dat
0 STEP
1 4 -32 -12 0 0 1 0 1 0 0 0 0 -1 87580.dat
1 71 -32 -22 -40 0 1 0 0 0 1 1 0 0 48336.dat
1 71 -32 -2 -40 0 1 0 0 0 -1 -1 0 0 48336.dat
1 4 -40 -12 -40 0 1 0 1 0 0 0 0 -1 87580.dat
0 STEP
1 71 -37.1082 36.8009 -40 0 0.965926 -0.258819 0 0.258819 0.965926 1 0 0 60470.dat
1 4 -44.8356 34.7303 -40 0 0.965926 -0.258819 0 0.258819 0.965926 1 0 0 3069b.dat
0 STEP
1 4 32 -12 -20 0 -1 0 0 0 1 -1 0 0 87079.dat
0 STEP
1 0 0 -14 40 0.965926 0 -0.258819 0 1 0 0.258819 0 0.965926 47455.dat
0 STEP
1 72 0 74.0456 -86.462 1 0 0 0 0.906308 -0.422619 0 0.422619 0.906308 07-01-shin.ldr
0 NOFILE
0 FILE 05-02-thigh.ldr
0 Author: Nathanel Titane // nathanel.titane@gmail.com // All Rights Reserved
1 72 0 -24 0 0 0 -1 0 1 0 1 0 0 48170.dat
1 0 0 0 0 0 0 -1 0 1 0 1 0 0 3022.dat
0 STEP
1 0 0 8 -10 1 0 0 0 1 0 0 0 1 99207.dat
1 0 0 8 10 -1 0 0 0 1 0 0 0 -1 32803.dat
0 STEP
1 72 0 -4 -48 0 0 1 1 0 0 0 1 0 48171.dat
1 0 0 36 -38 0 1 0 -1 0 0 0 0 1 47455.dat
0 STEP
1 0 0 -14 -72 -1 0 0 0 0 1 0 1 0 3004.dat
1 72 0 6 -80 1 0 0 0 0 -1 0 1 0 2432.dat
0 STEP
1 179 0 -14 -80 -1 0 0 0 0 1 0 1 0 99563.dat
0 STEP
1 71 -10 -32 10 0 0 1 0 1 0 -1 0 0 2555.dat
1 71 10 -32 10 0 0 1 0 1 0 -1 0 0 2555.dat
0 STEP
1 0 -10 -32 -20 0 0 1 0 1 0 -1 0 0 93274.dat
1 0 10 -32 -20 0 0 -1 0 1 0 1 0 0 93274.dat
0 STEP
1 0 0 -32 -50 1 0 0 0 1 0 0 0 1 48336.dat
1 72 0 -40 -10 1 0 0 0 1 0 0 0 1 3069b.dat
1 72 0 -40 -40 0 0 1 0 1 0 -1 0 0 3068b.dat
0 STEP
1 71 0 -30.8038 9.5359 1 0 0 0 -0.5 -0.866026 0 0.866026 -0.5 2432.dat
1 71 10 -46.8038 37.2488 0 0 1 0.866026 -0.5 0 0.5 0.866026 0 3665.dat
0 STEP
1 4 32 -12 0 0 -1 0 1 0 0 0 0 1 87580.dat
1 71 32 -22 -40 0 -1 0 0 0 1 -1 0 0 48336.dat
1 71 32 -2 -40 0 -1 0 0 0 -1 1 0 0 48336.dat
1 4 40 -12 -40 0 -1 0 1 0 0 0 0 1 87580.dat
0 STEP
1 71 37.1082 36.8009 -40 0 -0.965926 0.258819 0 0.258819 0.965926 -1 0 0 60470.dat
1 4 44.8356 34.7303 -40 0 -0.965926 0.258819 0 0.258819 0.965926 -1 0 0 3069b.dat
0 STEP
1 4 -32 -12 -20 0 1 0 0 0 1 1 0 0 87079.dat
0 STEP
1 0 0 -14 40 -0.965926 0 -0.258819 0 1 0 0.258819 0 -0.965926 47455.dat
0 STEP
1 72 0 74.0456 -86.462 1 0 0 0 0.906308 -0.422619 0 0.422619 0.906308 07-02-shin.ldr
0 NOFILE
0 FILE 06-01-pod-handle.ldr
0 Author: Nathanel Titane // nathanel.titane@gmail.com // All Rights Reserved
1 0 -43.3013 16 -25 0.866025 0 0.5 0 1 0 -0.5 0 0.866025 32828.dat
1 0 0 18 -50 -0.5 -0.866025 0 0 0 1 -0.866025 0.5 0 11090.dat
0 STEP
1 0 -43.3013 8 -25 0.866025 0 0.5 0 1 0 -0.5 0 0.866025 4073.dat
0 STEP
1 0 -43.3013 0 -25 0.866025 0 0.5 0 1 0 -0.5 0 0.866025 32828.dat
1 0 0 2 -50 -0.5 -0.866025 0 0 0 1 -0.866025 0.5 0 11090.dat
0 STEP
1 0 0 42 -50 -1 0 0 0 -1 0 0 0 1 48729b.dat
0 STEP
1 4 22.942 2 -58.3466 0 0.258819 -0.965926 1 0 0 0 -0.965926 -0.258819 16-canister-pod.ldr
0 NOFILE
0 FILE 06-02-pod-handle.ldr
0 Author: Nathanel Titane // nathanel.titane@gmail.com // All Rights Reserved
1 0 43.3013 16 -25 -0.866025 0 0.5 0 1 0 -0.5 0 -0.866025 32828.dat
1 0 0 18 -50 -0.5 0.866025 0 0 0 1 0.866025 0.5 0 11090.dat
0 STEP
1 0 43.3013 8 -25 -0.866025 0 0.5 0 1 0 -0.5 0 -0.866025 4073.dat
1 0 43.3013 0 -25 -0.866025 0 0.5 0 1 0 -0.5 0 -0.866025 32828.dat
0 STEP
1 0 0 2 -50 -0.5 0.866025 0 0 0 1 0.866025 0.5 0 11090.dat
0 STEP
1 0 0 42 -50 -1 0 0 0 -1 0 0 0 1 48729b.dat
0 STEP
1 4 -22.942 2 -58.3466 0 -0.258819 0.965926 -1 0 0 0 -0.965926 -0.258819 16-canister-pod.ldr
0 NOFILE
0 FILE 07-01-shin.ldr
0 Author: Nathanel Titane // nathanel.titane@gmail.com // All Rights Reserved
1 0 0 0 -10 0 0 1 0 1 0 -1 0 0 3021.dat
1 71 0 0 -50 1 0 0 0 1 0 0 0 1 32803.dat
0 STEP
1 71 0 8 -10 1 0 0 0 1 0 0 0 1 18677.dat
1 71 0 8 10 1 0 0 0 1 0 0 0 1 18677.dat
0 STEP
1 179 -10 16 -10 1 0 0 0 1 0 0 0 1 4073.dat
1 179 -10 16 10 1 0 0 0 1 0 0 0 1 4073.dat
0 STEP
1 72 0 -24 0 0 0 -1 0 1 0 1 0 0 48169.dat
1 72 0 -24 -40 0 0 1 0 1 0 -1 0 0 92013.dat
1 179 -20 -14 0 0 -1 0 0 0 -1 1 0 0 4073.dat
1 179 20 -14 0 0 1 0 0 0 1 1 0 0 4073.dat
0 STEP
1 0 0 -32 -20 0 0 -1 0 1 0 1 0 0 3020.dat
0 STEP
1 72 0 -32 -50 1 0 0 0 1 0 0 0 1 85984.dat
1 72 0 -40 -30 1 0 0 0 1 0 0 0 1 3023.dat
1 72 0 -48 -30 1 0 0 0 1 0 0 0 1 3794b.dat
1 72 0 -32 -10 -1 0 0 0 1 0 0 0 -1 85984.dat
0 STEP
1 179 0 -40 10 -1 0 0 0 1 0 0 0 -1 99563.dat
0 STEP
1 0 10 18 10 0 0.965926 0.258819 0 0.258819 -0.965926 -1 0 0 6558.dat
0 STEP
1 0 4.8236 37.3185 30 -0.965926 0 0.258819 -0.258819 0 -0.965926 0 -1 0 85940.dat
0 STEP
1 0 4.8236 37.3185 10 0 0.965926 0.258819 0 0.258819 -0.965926 -1 0 0 6558.dat
0 STEP
1 72 -6.3886 40.5259 -10 0.965926 -0.258819 0 0.258819 0.965926 0 0 0 1 11458.dat
1 72 -6.3886 40.5259 10 0.965926 -0.258819 0 0.258819 0.965926 0 0 0 1 11458.dat
0 STEP
1 179 -13.9773 30.2103 -10 0.965926 -0.258819 0 0.258819 0.965926 0 0 0 1 98138.dat
1 179 -13.9773 30.2103 10 0.965926 -0.258819 0 0.258819 0.965926 0 0 0 1 98138.dat
0 STEP
1 72 -8.4591 48.2533 10 -0.965926 -0.258819 0 -0.258819 0.965926 0 0 0 -1 4590.dat
1 72 -8.4591 48.2533 -10 -0.965926 -0.258819 0 -0.258819 0.965926 0 0 0 -1 4590.dat
1 71 -10.5297 55.9807 0 0.965926 -0.258819 0 0.258819 0.965926 0 0 0 1 2476.dat
0 STEP
1 4 -12.6002 63.7082 0 0.258819 0 -0.965926 -0.965926 0 -0.258819 0 1 0 14-wheel.ldr
0 STEP
1 4 0 -14 -80 1 0 0 0 0.258819 0.965926 0 -0.965926 0.258819 08-foot.ldr
0 NOFILE
0 FILE 07-02-shin.ldr
0 Author: Nathanel Titane // nathanel.titane@gmail.com // All Rights Reserved
1 0 0 0 -10 0 0 1 0 1 0 -1 0 0 3021.dat
1 71 0 0 -50 1 0 0 0 1 0 0 0 1 32803.dat
0 STEP
1 71 0 8 -10 -1 0 0 0 1 0 0 0 -1 18677.dat
1 71 0 8 10 -1 0 0 0 1 0 0 0 -1 18677.dat
0 STEP
1 179 10 16 -10 1 0 0 0 1 0 0 0 1 4073.dat
1 179 10 16 10 1 0 0 0 1 0 0 0 1 4073.dat
0 STEP
1 72 0 -24 0 0 0 -1 0 1 0 1 0 0 48169.dat
1 72 0 -24 -40 0 0 1 0 1 0 -1 0 0 92013.dat
1 179 -20 -14 0 0 -1 0 0 0 -1 1 0 0 4073.dat
1 179 20 -14 0 0 1 0 0 0 1 1 0 0 4073.dat
0 STEP
1 0 0 -32 -20 0 0 -1 0 1 0 1 0 0 3020.dat
0 STEP
1 72 0 -32 -50 1 0 0 0 1 0 0 0 1 85984.dat
1 72 0 -40 -30 1 0 0 0 1 0 0 0 1 3023.dat
1 72 0 -48 -30 1 0 0 0 1 0 0 0 1 3794b.dat
1 72 0 -32 -10 -1 0 0 0 1 0 0 0 -1 85984.dat
0 STEP
1 179 0 -40 10 -1 0 0 0 1 0 0 0 -1 99563.dat
0 STEP
1 0 -10 18 10 0 -0.965926 0.258819 0 0.258819 0.965926 -1 0 0 6558.dat
0 STEP
1 0 -4.8236 37.3185 30 0.965926 0 -0.258819 -0.258819 0 -0.965926 0 1 0 85940.dat
0 STEP
1 0 -4.8236 37.3185 10 0 -0.965926 0.258819 0 0.258819 0.965926 -1 0 0 6558.dat
0 STEP
1 72 6.3886 40.5259 10 -0.965926 0.258819 0 0.258819 0.965926 0 0 0 -1 11458.dat
1 72 6.3886 40.5259 -10 -0.965926 0.258819 0 0.258819 0.965926 0 0 0 -1 11458.dat
0 STEP
1 179 13.9773 30.2103 10 -0.965926 0.258819 0 0.258819 0.965926 0 0 0 -1 98138.dat
1 179 13.9773 30.2103 -10 -0.965926 0.258819 0 0.258819 0.965926 0 0 0 -1 98138.dat
0 STEP
1 72 8.4591 48.2533 -10 -0.965926 0.258819 0 0.258819 0.965926 0 0 0 -1 4590.dat
1 72 8.4591 48.2533 10 -0.965926 0.258819 0 0.258819 0.965926 0 0 0 -1 4590.dat
1 71 10.5297 55.9807 0 -0.965926 0.258819 0 0.258819 0.965926 0 0 0 -1 2476.dat
0 STEP
1 4 12.6002 63.7082 0 -0.258819 0 0.965926 -0.965926 0 -0.258819 0 -1 0 14-wheel.ldr
0 STEP
1 4 0 -14 -80 1 0 0 0 0.258819 0.965926 0 -0.965926 0.258819 08-foot.ldr
0 NOFILE
0 FILE 08-foot.ldr
0 Author: Nathanel Titane // nathanel.titane@gmail.com // All Rights Reserved
1 72 0 20 -20 0 -1 0 -1 0 0 0 0 -1 50923.dat
1 0 0 0 -40 -1 0 0 0 1 0 0 0 -1 92907.dat
1 71 0 0 -50 0 0 -1 0 -1 0 -1 0 0 4274.dat
0 STEP
1 71 40 20 -20 0 -1 0 -1 0 0 0 0 -1 30374.dat
1 0 30 20 -40 0 -1 0 -1 0 0 0 0 -1 87994.dat
0 STEP
1 0 -28 20 -30 0 1 0 0 0 -1 -1 0 0 35480.dat
1 179 -36 20 -40 0 1 0 -1 0 0 0 0 1 98138.dat
0 STEP
1 0 28 20 -30 0 -1 0 0 0 1 -1 0 0 35480.dat
1 179 36 20 -40 0 -1 0 1 0 0 0 0 1 98138.dat
0 STEP
1 71 40 20 0 0 -1 0 -1 0 0 0 0 -1 30374.dat
0 STEP
1 72 -5 20 20 0 1 0 -0.866025 0 -0.5 -0.5 0 0.866025 41677.dat
1 72 5 20 20 0 1 0 -0.866025 0 -0.5 -0.5 0 0.866025 41677.dat
1 0 0 -7.3205 27.3205 1 0 0 0 0.866025 -0.5 0 0.5 0.866025 92907.dat
1 0 0 10 37.3205 1 0 0 0 0.866025 -0.5 0 0.5 0.866025 32062.dat
1 0 -30 20 20 0 1 0 -0.866025 0 -0.5 -0.5 0 0.866025 87994.dat
1 71 0 -12.3205 35.9808 0 0 1 -0.5 -0.866025 0 0.866025 -0.5 0 4274.dat
0 STEP
1 0 -28 20 10 0 1 0 0 0 1 1 0 0 35480.dat
1 71 -20 20 0 0 1 0 0 0 1 1 0 0 85861.dat
1 179 -36 20 20 0 1 0 1 0 0 0 0 -1 98138.dat
0 STEP
1 0 28 20 10 0 -1 0 0 0 -1 1 0 0 35480.dat
1 71 20 20 0 0 -1 0 0 0 -1 1 0 0 85861.dat
1 179 36 20 20 0 -1 0 -1 0 0 0 0 -1 98138.dat
0 STEP
1 0 -36 20 -9.9999 0 1 0 0 0 -1 -1 0 0 35480.dat
1 179 -44 20 0 0 1 0 1 0 0 0 0 -1 24246.dat
1 179 -44 20 -20 0 1 0 -1 0 0 0 0 1 24246.dat
0 STEP
1 0 36 20 -9.9999 0 -1 0 0 0 1 -1 0 0 35480.dat
1 179 44 20 0 0 -1 0 -1 0 0 0 0 -1 24246.dat
1 179 44 20 -20 0 -1 0 1 0 0 0 0 1 24246.dat
0 NOFILE
0 FILE 09-01-shoulder.ldr
0 Author: Nathanel Titane // nathanel.titane@gmail.com // All Rights Reserved
1 72 0 0 0 1 0 0 0 1 0 0 0 1 11203.dat
0 STEP
1 0 0 -8 10 1 0 0 0 1 0 0 0 1 3023.dat
1 0 0 -8 -10 1 0 0 0 1 0 0 0 1 99207.dat
0 STEP
1 4 10 -20 -32 0 0 -1 -1 0 0 0 1 0 48336.dat
1 4 10 -20 -40 0 0 1 1 0 0 0 1 0 3069b.dat
0 STEP
1 4 -10 -20 -24 0 0 1 1 0 0 0 1 0 85984.dat
0 STEP
1 0 10 -16 0 0 0 1 0 1 0 -1 0 0 3023.dat
1 0 -10 -16 0 0 0 1 0 1 0 -1 0 0 99207.dat
0 STEP
1 72 0 -40 0 0 0 -1 0 1 0 1 0 0 48170.dat
1 179 20 -30 0 0 1 0 0 0 -1 -1 0 0 4073.dat
0 STEP
1 72 -10 -48 0 0 0 1 0 1 0 -1 0 0 3023.dat
1 72 10 -48 0 0 0 1 0 1 0 -1 0 0 3069b.dat
0 STEP
1 72 -10 -72 0 0 0 -1 0 1 0 1 0 0 85943.dat
1 0 20 -62 0 0 0 1 1 0 0 0 1 0 53585.dat
1 0 20 -62 0 0 0 -1 0 1 0 1 0 0 32062.dat
0 STEP
1 72 -10 -80 0 0 0 1 0 1 0 -1 0 0 3023.dat
1 0 -10 -88 0 0 0 1 0 1 0 -1 0 0 44728.dat
1 72 -10 -120 0 0 0 1 0 1 0 -1 0 0 2432.dat
0 STEP
1 0 -32 -48 0 0 1 0 1 0 0 0 0 -1 3020.dat
1 72 -40 -78 0 0 1 0 0 0 -1 -1 0 0 3069b.dat
1 72 -40 -48 0 0 1 0 0 0 -1 -1 0 0 87580.dat
1 4 -24 -8 10 0 1 0 0 0 -1 -1 0 0 11477.dat
1 4 -24 -8 -10 0 1 0 0 0 -1 -1 0 0 11477.dat
0 STEP
1 0 0 -30 40 -0.258819 0 -0.965926 0 1 0 0.965926 0 -0.258819 47455.dat
0 STEP
1 4 55.4904 -97.4904 -44.5069 0.707107 -0.183013 -0.683013 0.707107 0.183013 0.683013 0 -0.965926 0.258819 10-01-arm.ldr
0 NOFILE
0 FILE 09-02-shoulder.ldr
0 Author: Nathanel Titane // nathanel.titane@gmail.com // All Rights Reserved
1 72 0 0 0 -1 0 0 0 1 0 0 0 -1 11203.dat
0 STEP
1 0 0 -8 10 1 0 0 0 1 0 0 0 1 3023.dat
1 0 0 -8 -10 1 0 0 0 1 0 0 0 1 99207.dat
0 STEP
1 4 -10 -20 -32 0 0 1 1 0 0 0 1 0 48336.dat
1 4 -10 -20 -40 0 0 -1 -1 0 0 0 1 0 3069b.dat
0 STEP
1 4 10 -20 -24 0 0 -1 -1 0 0 0 1 0 85984.dat
0 STEP
1 0 -10 -16 0 0 0 -1 0 1 0 1 0 0 3023.dat
1 0 10 -16 0 0 0 -1 0 1 0 1 0 0 99207.dat
0 STEP
1 72 0 -40 0 0 0 -1 0 1 0 1 0 0 48170.dat
1 179 -20 -30 0 0 -1 0 0 0 -1 1 0 0 4073.dat
0 STEP
1 72 -10 -48 0 0 0 1 0 1 0 -1 0 0 3023.dat
1 72 10 -48 0 0 0 1 0 1 0 -1 0 0 3069b.dat
0 STEP
1 72 10 -72 0 0 0 1 0 1 0 -1 0 0 85943.dat
1 0 -20 -62 0 0 0 -1 1 0 0 0 -1 0 53585.dat
1 0 -20 -62 0 0 0 1 0 1 0 -1 0 0 32062.dat
0 STEP
1 72 10 -80 0 0 0 -1 0 1 0 1 0 0 3023.dat
1 0 10 -88 0 0 0 -1 0 1 0 1 0 0 44728.dat
1 72 10 -120 0 0 0 -1 0 1 0 1 0 0 2432.dat
0 STEP
1 0 32 -48 0 0 -1 0 1 0 0 0 0 1 3020.dat
1 72 40 -78 0 0 -1 0 0 0 -1 1 0 0 3069b.dat
1 72 40 -48 0 0 -1 0 0 0 -1 1 0 0 87580.dat
1 4 24 -8 -10 0 -1 0 0 0 -1 1 0 0 11477.dat
1 4 24 -8 10 0 -1 0 0 0 -1 1 0 0 11477.dat
0 STEP
1 0 0 -30 40 0.258819 0 -0.965926 0 1 0 0.965926 0 0.258819 47455.dat
0 STEP
1 4 -55.4904 -97.4904 -44.5069 0.707107 0.183013 0.683013 -0.707107 0.183013 0.683013 0 -0.965926 0.258819 10-02-arm.ldr
0 NOFILE
0 FILE 10-01-arm.ldr
0 Author: Nathanel Titane // nathanel.titane@gmail.com // All Rights Reserved
1 72 0 0 0 1 0 0 0 1 0 0 0 1 11203.dat
1 15 0 -8 0 1 0 0 0 1 0 0 0 1 3022.dat
0 STEP
1 0 0 -16 -10 1 0 0 0 1 0 0 0 1 3023.dat
1 0 0 -16 10 -1 0 0 0 1 0 0 0 -1 99781.dat
1 72 0 -6 24 -1 0 0 0 0 -1 0 -1 0 85984.dat
0 STEP
1 72 0 -40 20 0 0 -1 0 1 0 1 0 0 92013.dat
1 72 0 -40 -10 1 0 0 0 1 0 0 0 1 32064.dat
0 STEP
1 0 0 -48 0 1 0 0 0 1 0 0 0 1 3022.dat
1 72 0 -40 30 -1 0 0 0 1 0 0 0 -1 85984.dat
0 STEP
1 72 0 -56 0 -1 0 0 0 1 0 0 0 -1 87580.dat
0 STEP
1 0 0 -30 -30 0 0 1 1 0 0 0 1 0 32474.dat
1 0 0 -30 -20 0 0 -1 0 1 0 1 0 0 32062.dat
0 STEP
1 4 -12.141 -37.0096 -114.2822 0.5 0.75 0.433013 -0.866025 0.433013 0.25 0 -0.5 0.866026 11-01-forearm.ldr
0 NOFILE
0 FILE 10-02-arm.ldr
0 Author: Nathanel Titane // nathanel.titane@gmail.com // All Rights Reserved
1 72 0 0 0 1 0 0 0 1 0 0 0 1 11203.dat
1 15 0 -8 0 1 0 0 0 1 0 0 0 1 3022.dat
0 STEP
1 0 0 -16 -10 1 0 0 0 1 0 0 0 1 3023.dat
1 0 0 -16 10 -1 0 0 0 1 0 0 0 -1 99781.dat
1 72 0 -6 24 -1 0 0 0 0 -1 0 -1 0 85984.dat
0 STEP
1 72 0 -40 20 0 0 -1 0 1 0 1 0 0 92013.dat
1 72 0 -40 -10 1 0 0 0 1 0 0 0 1 32064.dat
0 STEP
1 0 0 -48 0 1 0 0 0 1 0 0 0 1 3022.dat
1 72 0 -40 30 -1 0 0 0 1 0 0 0 -1 85984.dat
0 STEP
1 72 0 -56 0 -1 0 0 0 1 0 0 0 -1 87580.dat
0 STEP
1 0 0 -30 -30 0 0 1 1 0 0 0 1 0 32474.dat
1 0 0 -30 -20 0 0 -1 0 1 0 1 0 0 32062.dat
0 STEP
1 4 12.141 -37.0096 -114.2821 0.5 -0.75 -0.433013 0.866025 0.433013 0.25 0 -0.5 0.866026 11-02-forearm.ldr
0 NOFILE
0 FILE 11-01-forearm.ldr
0 Author: Nathanel Titane // nathanel.titane@gmail.com // All Rights Reserved
1 4 0 0 0 0 0 1 0 1 0 -1 0 0 2817.dat
1 179 0 10 -20 1 0 0 0 0 1 0 -1 0 4073.dat
1 47 0 10 -28 1 0 0 0 0 1 0 -1 0 4073.dat
0 STEP
1 71 -10 -8 20 0 0 -1 0 1 0 1 0 0 18677.dat
1 71 10 -8 20 0 0 -1 0 1 0 1 0 0 18677.dat
1 71 0 -8 -10 1 0 0 0 1 0 0 0 1 99780.dat
0 STEP
1 4 10 -10 -24 0 0 -1 -1 0 0 0 1 0 54200.dat
1 71 -10 -10 -32 0 0 1 1 0 0 0 1 0 2555.dat
1 71 -10 -10 -38 1 0 0 0 -1 0 0 0 -1 98397.dat
0 STEP
1 0 -10 -16 30 0 0 1 0 1 0 -1 0 0 3623.dat
1 0 10 -16 40 0 0 -1 0 1 0 1 0 0 99780.dat
1 0 -10 -32 -10 0 0 1 0 1 0 -1 0 0 87087.dat
1 34 -10 -40 -10 0 0 1 0 1 0 -1 0 0 3024.dat
0 STEP
1 179 10 -8 50 0 0 -1 0 1 0 1 0 0 4073.dat
1 179 -10 -8 50 0 0 -1 0 1 0 1 0 0 4073.dat
0 STEP
1 0 10 -16 0 0 0 -1 0 1 0 1 0 0 99207.dat
0 STEP
1 72 0 -40 40 0 0 -1 0 1 0 1 0 0 92013.dat
1 72 0 -40 10 1 0 0 0 1 0 0 0 1 3004.dat
0 STEP
1 0 10 -48 30 -1 0 0 0 1 0 0 0 -1 2420.dat
1 4 0 -56 30 -1 0 0 0 1 0 0 0 -1 3069b.dat
1 4 0 -40 50 -1 0 0 0 1 0 0 0 -1 85984.dat
0 STEP
1 0 -10 -48 0 0 0 1 0 1 0 -1 0 0 11458.dat
0 STEP
1 1 0 -54 -10 1 0 0 0 -1 0 0 0 -1 43093.dat
1 0 10 -54 -10 1 0 0 0 1 0 0 0 1 6536.dat
1 0 10 -34 -20 0 0 -1 0 1 0 1 0 0 6628.dat
0 STEP
1 179 0 -56 10 1 0 0 0 1 0 0 0 1 99563.dat
0 STEP
1 0 32 -18 10 0 -1 0 0 0 -1 1 0 0 2420.dat
1 179 40 -18 10 0 -1 0 0 0 -1 1 0 0 98138.dat
1 72 40 -38 30 0 -1 0 0 0 1 -1 0 0 27263.dat
1 72 24 -28 -10 0 -1 0 1 0 0 0 0 1 85984.dat
1 4 24 -18 50 0 -1 0 -1 0 0 0 0 -1 54200.dat
0 STEP
1 0 10 2 30 -1 0 0 0 0.707107 -0.707107 0 -0.707107 -0.707107 6558.dat
0 STEP
1 0 30 16.1422 44.1422 0 -1 0 -0.707107 0 -0.707107 0.707107 0 -0.707107 85940.dat
0 STEP
1 0 10 16.1422 44.1422 -1 0 0 0 0.5 -0.866025 0 -0.866025 -0.5 6558.dat
0 STEP
1 72 -10 16.3383 55.8024 0 0 1 0.5 0.866025 0 -0.866025 0.5 0 11458.dat
1 72 10 16.3383 55.8024 0 0 1 0.5 0.866025 0 -0.866025 0.5 0 11458.dat
1 179 -10 4.4101 60.4627 0 0 1 0.5 0.866025 0 -0.866025 0.5 0 98138.dat
1 179 10 4.4101 60.4627 0 0 1 0.5 0.866025 0 -0.866025 0.5 0 98138.dat
1 71 0 23.2665 59.8024 0 0 1 0.5 0.866025 0 -0.866025 0.5 0 2476.dat
0 STEP
1 4 13.4641 -36 -50 -0.5 0.866025 0 -0.866025 -0.5 0 0 0 1 12-01-hand.ldr
0 STEP
1 4 -30 -22 -10 0 0 1 1 0 0 0 1 0 15-manipulator.ldr
0 STEP
1 4 0 30.1947 63.8024 0 1 0 -0.866025 0 -0.5 -0.5 0 0.866025 14-wheel.ldr
0 STEP
0 NOFILE
0 FILE 11-02-forearm.ldr
0 Author: Nathanel Titane // nathanel.titane@gmail.com // All Rights Reserved
1 4 0 0 0 0 0 1 0 1 0 -1 0 0 2817.dat
1 179 0 10 -20 1 0 0 0 0 1 0 -1 0 4073.dat
1 47 0 10 -28 1 0 0 0 0 1 0 -1 0 4073.dat
0 STEP
1 71 -10 -8 20 0 0 -1 0 1 0 1 0 0 18677.dat
1 71 10 -8 20 0 0 -1 0 1 0 1 0 0 18677.dat
1 71 0 -8 -10 1 0 0 0 1 0 0 0 1 99780.dat
0 STEP
1 4 -10 -10 -24 0 0 1 1 0 0 0 1 0 54200.dat
1 71 10 -10 -32 0 0 1 1 0 0 0 1 0 2555.dat
1 71 10 -10 -38 1 0 0 0 -1 0 0 0 -1 98397.dat
0 STEP
1 0 10 -16 30 0 0 1 0 1 0 -1 0 0 3623.dat
1 0 -10 -16 40 0 0 1 0 1 0 -1 0 0 99780.dat
1 0 10 -32 -10 0 0 -1 0 1 0 1 0 0 87087.dat
1 34 10 -40 -10 0 0 1 0 1 0 -1 0 0 3024.dat
0 STEP
1 179 10 -8 50 0 0 -1 0 1 0 1 0 0 4073.dat
1 179 -10 -8 50 0 0 -1 0 1 0 1 0 0 4073.dat
0 STEP
1 0 -10 -16 0 0 0 1 0 1 0 -1 0 0 99207.dat
0 STEP
1 72 0 -40 40 0 0 -1 0 1 0 1 0 0 92013.dat
1 72 0 -40 10 1 0 0 0 1 0 0 0 1 3004.dat
0 STEP
1 0 -10 -48 30 0 0 1 0 1 0 -1 0 0 2420.dat
1 4 0 -56 30 -1 0 0 0 1 0 0 0 -1 3069b.dat
1 4 0 -40 50 -1 0 0 0 1 0 0 0 -1 85984.dat
0 STEP
1 0 10 -48 0 0 0 1 0 1 0 -1 0 0 11458.dat
0 STEP
1 1 0 -54 -10 -1 0 0 0 -1 0 0 0 1 43093.dat
1 0 -10 -54 -10 1 0 0 0 1 0 0 0 1 6536.dat
1 0 -10 -34 -20 0 0 -1 0 1 0 1 0 0 6628.dat
0 STEP
1 179 0 -56 10 1 0 0 0 1 0 0 0 1 99563.dat
0 STEP
1 0 -32 -18 10 0 1 0 -1 0 0 0 0 1 2420.dat
1 179 -40 -18 10 0 1 0 -1 0 0 0 0 1 98138.dat
1 72 -40 -38 30 0 1 0 1 0 0 0 0 -1 27263.dat
1 72 -24 -28 -10 0 1 0 -1 0 0 0 0 1 85984.dat
1 4 -24 -18 50 0 1 0 1 0 0 0 0 -1 54200.dat
0 STEP
1 0 -10 2 30 1 0 0 0 0.707107 0.707107 0 -0.707107 0.707107 6558.dat
0 STEP
1 0 -30 16.1421 44.1421 0 -1 0 -0.707107 0 -0.707107 0.707107 0 -0.707107 85940.dat
0 STEP
1 0 -10 16.1421 44.1421 1 0 0 0 0.5 0.866025 0 -0.866025 0.5 6558.dat
0 STEP
1 72 -10 16.3383 55.8024 0 0 1 0.5 0.866025 0 -0.866025 0.5 0 11458.dat
1 72 10 16.3383 55.8024 0 0 1 0.5 0.866025 0 -0.866025 0.5 0 11458.dat
1 179 -10 4.4101 60.4627 0 0 1 0.5 0.866025 0 -0.866025 0.5 0 98138.dat
1 179 10 4.4101 60.4627 0 0 1 0.5 0.866025 0 -0.866025 0.5 0 98138.dat
1 71 0 23.2665 59.8024 0 0 1 0.5 0.866025 0 -0.866025 0.5 0 2476.dat
0 STEP
1 4 -13.4641 -36 -50 -0.5 -0.866025 0 0.866025 -0.5 0 0 0 1 12-02-hand.ldr
0 STEP
1 4 0 30.1947 63.8024 0 -1 0 -0.866025 0 0.5 -0.5 0 -0.866025 14-wheel.ldr
0 STEP
1 4 30 -22 -10 0 0 -1 -1 0 0 0 1 0 15-manipulator.ldr
0 STEP
0 NOFILE
0 FILE 12-01-hand.ldr
0 Author: Nathanel Titane // nathanel.titane@gmail.com // All Rights Reserved
1 0 -10 0 0 0 0 1 0 1 0 -1 0 0 36840.dat
1 0 10 0 0 0 0 -1 0 1 0 1 0 0 36840.dat
0 STEP
1 71 0 -8 0 -1 0 0 0 1 0 0 0 -1 14704.dat
0 STEP
1 71 0 -16 -10 -1 0 0 0 1 0 0 0 -1 33909.dat
1 179 0 -24 -20 -1 0 0 0 1 0 0 0 -1 99563.dat
1 71 0 -8 -20 1 0 0 0 1 0 0 0 1 48336.dat
0 STEP
1 0 0 -6 -40 0 0 1 0.258819 0.965926 0 -0.965926 0.258819 0 48729b.dat
1 0 -10 -6 -40 0 0 -1 -0.258819 0.965926 0 0.965926 0.258819 0 48729b.dat
1 0 10 -6 -40 0 0 1 0.258819 0.965926 0 -0.965926 0.258819 0 48729b.dat
0 STEP
1 0 -32 -2 0 0 1 0 -0.990268 0 -0.139173 -0.139173 0 0.990268 26047.dat
1 0 -30 0.7835 -19.8054 -1 0 0 0 0.139173 -0.990268 0 -0.990268 -0.139173 48729b.dat
0 STEP
1 0 32 -2 0 0 -1 0 0.990268 0 -0.139173 0.139173 0 0.990268 26047.dat
1 0 30 0.7835 -19.8054 -1 0 0 0 0.139173 -0.990268 0 -0.990268 -0.139173 48729b.dat
1 4 0 22 -186 0 0 1 1 0 0 0 1 0 18-battle-rifle.ldr
0 NOFILE
0 FILE 12-02-hand.ldr
0 Author: Nathanel Titane // nathanel.titane@gmail.com // All Rights Reserved
1 0 -10 0 0 0 0 1 0 1 0 -1 0 0 36840.dat
1 0 10 0 0 0 0 -1 0 1 0 1 0 0 36840.dat
0 STEP
1 71 0 -8 0 -1 0 0 0 1 0 0 0 -1 14704.dat
0 STEP
1 71 0 -16 -10 -1 0 0 0 1 0 0 0 -1 33909.dat
1 179 0 -24 -20 -1 0 0 0 1 0 0 0 -1 99563.dat
1 71 0 -8 -20 1 0 0 0 1 0 0 0 1 48336.dat
0 STEP
