0 FILE 00-instructions.ldr
0 Name: 00-instructions.ldr
0 Author: Nathanel Titane // nathanel.titane@gmail.com // All Rights Reserved
0
0 // LPUB[3D] FRONT COVER PAGE /////////////////////////////////////////////////
0
0 !LPUB PAGE DOCUMENT_TITLE_FRONT COLOR "#666666"
0 !LPUB PAGE DOCUMENT_TITLE_FRONT CONTENT GLOBAL "MODEL // HACS-01MG-MP HUNTER"
0 !LPUB PAGE DOCUMENT_TITLE_FRONT DISPLAY GLOBAL TRUE
0 !LPUB PAGE DOCUMENT_TITLE_FRONT FONT "Noto Sans,72,-1,0,75,0,0,0,0,0,Bold"
0 !LPUB PAGE DOCUMENT_TITLE_FRONT MARGINS 0.2500 0.1000
0 !LPUB PAGE DOCUMENT_TITLE_FRONT PLACEMENT GLOBAL TOP_LEFT PAGE INSIDE OFFSET 0.0000 0.0000

0 !LPUB PAGE DOCUMENT_AUTHOR_FRONT CONTENT GLOBAL "MODEL DESIGN AND INSTRUCTIONS // NATHANEL TITANE"
0 !LPUB PAGE DOCUMENT_AUTHOR_FRONT COLOR "#666666"
0 !LPUB PAGE DOCUMENT_AUTHOR_FRONT DISPLAY GLOBAL TRUE
0 !LPUB PAGE DOCUMENT_AUTHOR_FRONT FONT "Noto Sans,18,-1,0,75,0,0,0,0,0,Bold"
0 !LPUB PAGE DOCUMENT_AUTHOR_FRONT MARGINS 0.3000 1.0000
0 !LPUB PAGE DOCUMENT_AUTHOR_FRONT PLACEMENT TOP_LEFT PAGE INSIDE OFFSET 0.0000 0.0000

0 !LPUB PAGE MODEL_PARTS COLOR "#666666"
0 !LPUB PAGE MODEL_PARTS CONTENT GLOBAL "678 PIECES"
0 !LPUB PAGE MODEL_PARTS DISPLAY GLOBAL TRUE
0 !LPUB PAGE MODEL_PARTS FONT "Noto Sans,72,-1,0,75,0,0,0,0,0,Bold"
0 !LPUB PAGE MODEL_PARTS MARGINS 0.2500 0.1000
0 !LPUB PAGE MODEL_PARTS PLACEMENT GLOBAL BOTTOM_LEFT PAGE INSIDE OFFSET 0.0000 0.0000

0 !LPUB PAGE PUBLISH_DESCRIPTION COLOR "#666666"
0 !LPUB PAGE PUBLISH_DESCRIPTION CONTENT GLOBAL "LEGO // LINUX - Where Lego and Linux Meet"
0 !LPUB PAGE PUBLISH_DESCRIPTION DISPLAY GLOBAL TRUE
0 !LPUB PAGE PUBLISH_DESCRIPTION FONT "Noto Sans,36,-1,0,75,0,0,0,0,0,Bold"
0 !LPUB PAGE PUBLISH_DESCRIPTION MARGINS 0.2000 0.2000
0 !LPUB PAGE PUBLISH_DESCRIPTION PLACEMENT GLOBAL BOTTOM_RIGHT PAGE INSIDE OFFSET 0.0000 0.0000
0
0 // LPUB[3D] BACK COVER PAGE //////////////////////////////////////////////////
0
0 // LPUB[3D] DOCUMENT DISCLAIMER
0 !LPUB PAGE LEGO_DISCLAIMER COLOR "#666666"
0 !LPUB PAGE LEGO_DISCLAIMER CONTENT GLOBAL "LEGO® // REGISTERED TRADEMARK OF THE LEGO GROUP"
0 !LPUB PAGE LEGO_DISCLAIMER DISPLAY GLOBAL TRUE
0 !LPUB PAGE LEGO_DISCLAIMER FONT "Noto Sans,36,-1,0,75,0,0,0,0,0,Bold"
0 !LPUB PAGE LEGO_DISCLAIMER PLACEMENT GLOBAL CENTER PAGE INSIDE OFFSET 0.0000 -0.2500
0
0 // LPUB[3D] PAGE DOCUMENT AUTHOR
0 !LPUB PAGE DOCUMENT_AUTHOR_BACK COLOR "#666666"
0 !LPUB PAGE DOCUMENT_AUTHOR_BACK CONTENT GLOBAL "MODEL DESIGN AND INSTRUCTIONS // NATHANEL TITANE"
0 !LPUB PAGE DOCUMENT_AUTHOR_BACK DISPLAY GLOBAL TRUE
0 !LPUB PAGE DOCUMENT_AUTHOR_BACK FONT "Noto Sans,36,-1,0,75,0,0,0,0,0,Bold"
0 !LPUB PAGE DOCUMENT_AUTHOR_BACK PLACEMENT CENTER PAGE INSIDE OFFSET 0.0000 -0.2000
0
0 // LPUB[3D] PAGE PUBLICATION COPYRIGHT
0 !LPUB PAGE PUBLISH_COPYRIGHT_BACK COLOR "#666666"
0 !LPUB PAGE PUBLISH_COPYRIGHT_BACK CONTENT GLOBAL "COPYRIGHT // ALL RIGHTS RESERVED"
0 !LPUB PAGE PUBLISH_COPYRIGHT_BACK DISPLAY GLOBAL TRUE
0 !LPUB PAGE PUBLISH_COPYRIGHT_BACK FONT "Noto Sans,36,-1,0,75,0,0,0,0,0,Bold"
0 !LPUB PAGE PUBLISH_COPYRIGHT_BACK PLACEMENT GLOBAL CENTER PAGE INSIDE OFFSET 0.0000 -0.1500
0
0 // LPUB[3D] PAGE PUBLICATION EMAIL
0 !LPUB PAGE PUBLISH_EMAIL_BACK COLOR "#666666"
0 !LPUB PAGE PUBLISH_EMAIL_BACK CONTENT GLOBAL "CONTACT // NATHANEL.TITANE@GMAIL.COM // INFO@LEGOLINUX.COM"
0 !LPUB PAGE PUBLISH_EMAIL_BACK DISPLAY GLOBAL TRUE
0 !LPUB PAGE PUBLISH_EMAIL_BACK FONT "Noto Sans,18,-1,0,75,0,0,0,0,0,Bold"
0 !LPUB PAGE PUBLISH_EMAIL_BACK PLACEMENT GLOBAL CENTER PAGE INSIDE OFFSET 0.0000 -0.0500
0
0 // LPUB[3D] PAGE PUBLICATION URL
0 !LPUB PAGE PUBLISH_URL_BACK COLOR "#666666"
0 !LPUB PAGE PUBLISH_URL_BACK CONTENT GLOBAL "WEB // HTTPS://LEGOLINUX.COM/MODELS/HEAVY-GEARS/HACS-01MG-MP-HUNTER"
0 !LPUB PAGE PUBLISH_URL_BACK DISPLAY GLOBAL TRUE
0 !LPUB PAGE PUBLISH_URL_BACK FONT "Noto Sans,18,-1,0,75,0,0,0,0,0,Bold"
0 !LPUB PAGE PUBLISH_URL_BACK PLACEMENT GLOBAL CENTER PAGE INSIDE OFFSET 0.0000 -0.0250
0
0 // LPUB[3D] PAGE LOGO
0 !LPUB PAGE DOCUMENT_LOGO_BACK DISPLAY GLOBAL TRUE
0 !LPUB PAGE DOCUMENT_LOGO_BACK FILE GLOBAL "/media/internal/Lego/lpub3d/instructions/logo.png"
0 !LPUB PAGE DOCUMENT_LOGO_BACK PLACEMENT CENTER PAGE INSIDE OFFSET 0.0000 0.45000
0 !LPUB PAGE DOCUMENT_LOGO_BACK SCALE GLOBAL  1.0000
0
0 // LPUB[3D] CONFIGURATION ////////////////////////////////////////////////////
0
0 // LPUB[3D] PAGE WATERMARK
0 !LPUB PAGE PUBLISH_EMAIL CONTENT GLOBAL "CONTACT // NATHANEL.TITANE@GMAIL.COM // INFO@LEGOLINUX.COM"
0 !LPUB PAGE PUBLISH_EMAIL COLOR "#666666"
0 !LPUB PAGE PUBLISH_EMAIL DISPLAY GLOBAL TRUE
0 !LPUB PAGE PUBLISH_EMAIL FONT "Noto Sans,18,-1,0,75,0,0,0,0,0,Bold"
0 !LPUB PAGE PUBLISH_EMAIL MARGINS 0.0000 0.1500
0 !LPUB PAGE PUBLISH_EMAIL PLACEMENT GLOBAL BOTTOM PAGE INSIDE OFFSET 0.0000 0.0000
0 !LPUB PAGE DOCUMENT_AUTHOR CONTENT GLOBAL "MODEL DESIGN AND INSTRUCTIONS // NATHANEL TITANE"
0 !LPUB PAGE DOCUMENT_AUTHOR COLOR "#666666"
0 !LPUB PAGE DOCUMENT_AUTHOR DISPLAY GLOBAL TRUE
0 !LPUB PAGE DOCUMENT_AUTHOR FONT "Noto Sans,18,-1,0,75,0,0,0,0,0,Bold"
0 !LPUB PAGE DOCUMENT_AUTHOR MARGINS 0.0000 0.2000
0 !LPUB PAGE DOCUMENT_AUTHOR PLACEMENT GLOBAL TOP PAGE INSIDE OFFSET 0.0000 0.0000
0
0 // LPUB[3D] STEPS HIGHLIGHT
0 !LPUB HIGHLIGHT_STEP ENABLED GLOBAL TRUE
0 !LPUB HIGHLIGHT_STEP COLOR GLOBAL "#7137C8"
0
0 // LPUB[3D] STEP FADE
0 !LPUB FADE_STEP OPACITY GLOBAL "50"
0 !LPUB FADE_STEP COLOR GLOBAL "Trans_Black"
0 !LPUB FADE_STEP ENABLED GLOBAL TRUE
0 !LPUB FINAL_MODEL_ENABLED GLOBAL TRUE
0
0 // LPUB[3D] SUBMODEL PREVIEW
0 !LPUB SUBMODEL_DISPLAY SHOW GLOBAL TRUE
0 !LPUB SUBMODEL_DISPLAY BACKGROUND COLOR "#DDDDDD"
0 !LPUB SUBMODEL_DISPLAY MARGINS 0.1500 0.7500
0 !LPUB SUBMODEL_DISPLAY BORDER SQUARE 0 Black 0.031 MARGINS 0.050 0.050
0 !LPUB SUBMODEL_DISPLAY PLACEMENT GLOBAL LEFT PAGE INSIDE
0 !LPUB SUBMODEL_DISPLAY CAMERA_ANGLES 30.0000 45.0000
0
0 // LPUB[3D] ASSEMBLIES
0 !LPUB ASSEM CAMERA_ANGLES 30.0000 45.0000
0 !LPUB ASSEM MARGINS 0.5000 0.5000
0 !LPUB ASSEM MODEL_SCALE 1.0000
0 !LPUB ASSEM PLACEMENT CENTER PAGE INSIDE OFFSET 0.0000 0.0000
0
0 // LPUB[3D] BILL OF MATERIALS
0 !LPUB BOM BACKGROUND COLOR "#DDDDDD"
0 !LPUB BOM BORDER SQUARE 0 #666666 0.025 MARGINS 0.050 0.050
0 !LPUB BOM CONSTRAIN HEIGHT 13.0000
0 !LPUB BOM CONSTRAIN SQUARE
0 !LPUB BOM PLACEMENT CENTER PAGE INSIDE OFFSET 0.0000 0.0000
0
0 // LPUB[3D] CALLOUTS
0 !LPUB CALLOUT BORDER SQUARE 0 #666666 0.025 MARGINS 0.050 0.050
0 !LPUB CALLOUT MARGINS 0.1250 0.1250
0 !LPUB CALLOUT PLACEMENT RIGHT PAGE INSIDE OFFSET 0.0000 0.0000
0
0 // LPUB[3D] PAGE
0 !LPUB PAGE DOCUMENT_COVER_IMAGE DISPLAY GLOBAL TRUE
0 !LPUB PAGE DOCUMENT_COVER_IMAGE FILE GLOBAL "../renders/flat/flat.png"
0 !LPUB PAGE DOCUMENT_COVER_IMAGE FILL GLOBAL ASPECT
0 !LPUB PAGE DOCUMENT_COVER_IMAGE MARGINS GLOBAL 0.0000 0.0000
0 !LPUB PAGE DOCUMENT_COVER_IMAGE PLACEMENT GLOBAL CENTER PAGE INSIDE OFFSET 0.0000 0.0000
0 !LPUB PAGE DOCUMENT_COVER_IMAGE SCALE GLOBAL 1.0000
0
0 // LPUB[3D] PAGE NUMBER
0 !LPUB PAGE NUMBER FONT "Noto Sans,36,-1,0,75,0,0,0,0,0,Bold"
0 !LPUB PAGE NUMBER FONT_COLOR "#666666"
0 !LPUB PAGE NUMBER MARGINS 0.1250 0.1250
0 !LPUB PAGE NUMBER PLACEMENT BOTTOM_RIGHT PAGE INSIDE OFFSET 0.0000 0.0000
0
0 // LPUB[3D] PAGE SETUP
0 !LPUB PAGE BORDER GLOBAL NONE 0 MARGINS 0.000 0.000
0 !LPUB PAGE ENABLE_TEXT_PLACEMENT GLOBAL CENTER PAGE INSIDE OFFSET 0.0000 0.0000
0 !LPUB PAGE TEXT_PLACEMENT GLOBAL TRUE
0 !LPUB PAGE PAGE_FOOTER SIZE GLOBAL 32.0000 0.5000
0 !LPUB PAGE PAGE_HEADER SIZE GLOBAL 32.0000 0.5000
0 !LPUB PAGE MARGINS GLOBAL 0.0000 0.0000
0 !LPUB PAGE ORIENTATION GLOBAL LANDSCAPE
0 !LPUB PAGE SIZE GLOBAL 16.0000 32.0000
0
0 // LPUB[3D] PAGE COLORS
0 !LPUB PAGE SUBMODEL_BACKGROUND_COLOR GLOBAL "#DDDDDD" "#FFE680" "#FFAAAA" "#C6AFE9"
0
0 // LPUB[3D] SUBMODELS
0 !LPUB PAGE SUBMODEL_INSTANCE_COUNT FONT_COLOR "#FF5555"
0 !LPUB PAGE SUBMODEL_INSTANCE_COUNT FONT "Noto Sans,72,-1,0,75,0,0,0,0,0,Bold"
0 !LPUB PAGE SUBMODEL_INSTANCE_COUNT MARGINS 0.0000 0.1250
0 !LPUB PAGE SUBMODEL_INSTANCE_COUNT PLACEMENT BOTTOM_RIGHT PAGE INSIDE OFFSET 0.0000 -0.0500
0
0 // LPUB[3D] PARTS LIST
0 !LPUB PLI BACKGROUND COLOR "#DDDDDD"
0 !LPUB PLI BORDER SQUARE 0 #666666 0.025 MARGINS 0.0500 0.050
0 !LPUB PLI CAMERA_ANGLES 30.0000 45.0000
0 !LPUB PLI CONSTRAIN HEIGHT 5.0000
0 !LPUB PLI MODEL_SCALE  1.0000
0 !LPUB PLI MARGINS 0.1500 0.7500
0 !LPUB PLI PLACEMENT TOP_RIGHT PAGE INSIDE OFFSET 0.0000 0.0000
0 !LPUB PLI INSTANCE_COUNT FONT "Noto Sans,36,-1,0,75,0,0,0,0,0,Bold"
0 !LPUB PLI INSTANCE_COUNT FONT_COLOR "#666666"
0 !LPUB PLI INSTANCE_COUNT MARGINS 0.0125 0.0125
0 !LPUB PLI INSTANCE_COUNT MARGINS 0.0125 0.3000
0
0 // LPUB[3D] STEP NUMBER
0 !LPUB STEP_NUMBER FONT "Noto Sans,72,-1,0,75,0,0,0,0,0,Bold"
0 !LPUB STEP_NUMBER FONT_COLOR "#666666"
0 !LPUB STEP_NUMBER MARGINS 0.1250 0.0000
0 !LPUB STEP_NUMBER PLACEMENT TOP_LEFT PAGE INSIDE OFFSET 0.0000 0.0000
0
0 // LPUB[3D] BEGIN INSTRUCTIONS ///////////////////////////////////////////////
0
0 STEP
0 !LPUB INSERT COVER_PAGE FRONT
0 STEP
0 !LPUB ASSEM MODEL_SCALE LOCAL 0.7500
1 0 0 0 0 1 0 0 0 1 0 0 0 1 00-model.ldr
0 STEP
0
0 // LPUB[3D] DISABLE FINAL MODEL SHOWCASE /////////////////////////////////////
0
0 !LPUB NOSTEP
0
0 // LPUB[3D] BOM PAGES
0 STEP
0 !LPUB INSERT PAGE
0 !LPUB INSERT BOM
0 STEP
0 !LPUB INSERT PAGE
0 !LPUB INSERT BOM
0 STEP
0 !LPUB INSERT PAGE
0 !LPUB INSERT BOM
0 STEP
0 !LPUB INSERT PAGE
0 !LPUB INSERT BOM
0 STEP
0 !LPUB INSERT PAGE
0 !LPUB INSERT BOM
0 STEP
0 !LPUB INSERT PAGE
0 !LPUB INSERT BOM
0 STEP
0 !LPUB INSERT PAGE
0 !LPUB INSERT BOM
0 STEP
0 !LPUB INSERT PAGE
0 !LPUB INSERT BOM
0 STEP
0 !LPUB INSERT PAGE
0 !LPUB INSERT BOM
0 STEP
0 !LPUB INSERT PAGE
0 !LPUB INSERT BOM
0 STEP
0 !LPUB INSERT PAGE
0 !LPUB INSERT BOM
0 STEP
0 !LPUB INSERT PAGE
0 !LPUB INSERT BOM
0 STEP
0
0 !LPUB NOSTEP
0
0 !LPUB INSERT COVER_PAGE BACK
0
0 // LPUB[3D] END INSTRUCTIONS /////////////////////////////////////////////////
0
0 NOFILE
0 FILE 00-model.ldr
0 Name: 00-model.ldr
0 Author: Nathanel Titane // nathanel.titane@gmail.com // All Rights Reserved
1 0 0 0 0 1 0 0 0 0 -1 0 1 0 05-waist.ldr
0 STEP
1 0 0 -50 0 1 0 0 0 0 -1 0 1 0 08-01-torso.ldr
0 STEP
0 NOFILE
0 FILE 01-foot.ldr
0 Name: 01-foot.ldr
0 Author: Nathanel Titane // nathanel.titane@gmail.com // All Rights Reserved
1 0 0 -20 0 0 0 1 0 -1 0 1 0 0 32474.dat
1 0 0 0 0 0 1 0 0 0 1 1 0 0 32174.dat
1 0 0 40 -20 1 0 0 0 -1 0 0 0 -1 92907.dat
1 1 -20 20 0 1 0 0 0 1 0 0 0 1 43093.dat
1 1 20 20 0 -1 0 0 0 1 0 0 0 -1 43093.dat
0 STEP
1 71 -5 20 -20 0 0 1 0 1 0 -1 0 0 4265c.dat
1 71 5 20 -20 0 0 1 0 1 0 -1 0 0 4265c.dat
1 0 0 20 -20 1 0 0 0 1 0 0 0 1 32062.dat
0 STEP
1 0 30 16.308 28.0421 0 0 -1 0.608761 0.793354 0 0.793354 -0.608761 0 63869.dat
1 1 30 10.2202 20.1084 0 0 -1 0.608761 0.793354 0 0.793354 -0.608761 0 43093.dat
1 71 30 -5.6076 -0.5179 1 0 0 0 0.608761 -0.793354 0 0.793354 0.608761 3062b.dat
1 71 30 -10.4772 -6.8648 1 0 0 0 0.608761 -0.793354 0 0.793354 0.608761 98138.dat
0 STEP
1 0 20 44.3501 31.7341 1 0 0 0 0.793354 0.608761 0 -0.608761 0.793354 2780.dat
1 71 10 44.3501 31.7341 0 0 -1 0.608761 0.793354 0 0.793354 -0.608761 0 56902.dat
1 256 10 44.3501 31.7341 0 0 1 -0.608761 0.793354 0 -0.793354 -0.608761 0 3483.dat
0 STEP
1 0 -30 16.308 28.0421 0 0 -1 0.608761 0.793354 0 0.793354 -0.608761 0 63869.dat
1 1 -30 10.2202 20.1084 0 0 -1 0.608761 0.793354 0 0.793354 -0.608761 0 43093.dat
1 71 -30 -5.6076 -0.5179 1 0 0 0 0.608761 -0.793354 0 0.793354 0.608761 3062b.dat
1 71 -30 -10.4772 -6.8648 1 0 0 0 0.608761 -0.793354 0 0.793354 0.608761 98138.dat
0 STEP
1 0 -20 44.3501 31.7341 1 0 0 0 0.793354 0.608761 0 -0.608761 0.793354 2780.dat
1 71 -10 44.3501 31.7341 0 0 1 -0.608761 0.793354 0 -0.793354 -0.608761 0 56902.dat
1 256 -10 44.3501 31.7341 0 0 -1 0.608761 0.793354 0 0.793354 -0.608761 0 3483.dat
0 STEP
1 1 0 0 20 0 0 1 0 1 0 -1 0 0 43093.dat
1 71 0 -0.0006 45.9993 -1 0 0 0 0 -1 0 -1 0 3062b.dat
1 71 0 -0.0002 53.9991 -1 0 0 0 0 -1 0 -1 0 98138.dat
0 STEP
1 0 -40 44.3501 31.7341 0 1 0 -0.793354 0 0.608761 0.608761 0 0.793354 30374.dat
0 STEP
1 0 0 40 -30 0 0 1 0 1 0 -1 0 0 2780.dat
1 0 0 40 -40 -1 0 0 0 -1 0 0 0 1 92907.dat
0 STEP
1 71 5 20 -40 0 0 -1 0 1 0 1 0 0 4265c.dat
1 71 -5 20 -40 0 0 -1 0 1 0 1 0 0 4265c.dat
1 0 0 20 -40 -1 0 0 0 1 0 0 0 -1 32062.dat
0 STEP
1 71 5 20 -60 0 0 -1 0 1 0 1 0 0 4265c.dat
1 71 -5 20 -60 0 0 -1 0 1 0 1 0 0 4265c.dat
1 1 -20 20 -60 1 0 0 0 1 0 0 0 1 43093.dat
1 1 20 20 -60 -1 0 0 0 1 0 0 0 -1 43093.dat
0 STEP
1 72 -30 10 -60 0 0 1 0 1 0 -1 0 0 3700.dat
1 0 -30 2 -60 0 0 1 0 1 0 -1 0 0 44302a.dat
1 72 -30 2 -60 0 0 1 0 1 0 -1 0 0 85984.dat
0 STEP
1 71 -30 34 -60 0 0 1 0 1 0 -1 0 0 99207.dat
1 72 -52 22 -60 0 1 0 -1 0 0 0 0 1 3068b.dat
0 STEP
1 0 -30 10 -100 0 0 -1 0 1 0 1 0 0 30383.dat
1 72 -30 10 -110 1 0 -0.000026 0 1 0 0.000026 0 1 54200.dat
1 72 -30 18 -120 0 0 1 0 1 0 -1 0 0 2743.dat
1 0 -20 28 -100 1 0 0 0 1 0 0 0 1 2780.dat
0 STEP
1 71 -30 42 -100 0 0 1 0 1 0 -1 0 0 99207.dat
1 72 -52 30 -100 0 1 0 -1 0 0 0 0 1 3068b.dat
0 STEP
1 71 -10 26 -100 0 0 1 0 1 0 -1 0 0 56902.dat
1 256 -10 26 -100 0 0 -1 0 1 0 1 0 0 3483.dat
0 STEP
1 72 30 10 -60 0 0 1 0 1 0 -1 0 0 3700.dat
1 0 30 2 -60 0 0 1 0 1 0 -1 0 0 44302a.dat
1 72 30 2 -60 0 0 -1 0 1 0 1 0 0 85984.dat
0 STEP
1 71 30 34 -60 0 0 -1 0 1 0 1 0 0 99207.dat
1 72 52 22 -60 0 -1 0 -1 0 0 0 0 -1 3068b.dat
0 STEP
1 0 30 10 -100 0 0 -1 0 1 0 1 0 0 30383.dat
1 72 30 10 -110 1 0 -0.000026 0 1 0 0.000026 0 1 54200.dat
1 72 30 18 -120 0 0 1 0 1 0 -1 0 0 2743.dat
1 0 20 28 -100 1 0 0 0 1 0 0 0 1 2780.dat
0 STEP
1 71 30 42 -100 0 0 -1 0 1 0 1 0 0 99207.dat
1 72 52 30 -100 0 -1 0 -1 0 0 0 0 -1 3068b.dat
0 STEP
1 71 10 26 -100 0 0 -1 0 1 0 1 0 0 56902.dat
1 256 10 26 -100 0 0 1 0 1 0 -1 0 0 3483.dat
0 NOFILE
0 FILE 02-shin.ldr
0 Name: 02-shin.ldr
0 Author: Nathanel Titane // nathanel.titane@gmail.com // All Rights Reserved
1 0 0 0 10 0 0 1 0 1 0 -1 0 0 92013.dat
1 0 0 0 50 0 0 -1 0 1 0 1 0 0 92013.dat
1 0 -10 24 20 1 0 0 0 1 0 0 0 1 2341.dat
1 0 10 24 20 1 0 0 0 1 0 0 0 1 2341.dat
1 71 0 24 60 1 0 0 0 1 0 0 0 1 3938.dat
0 STEP
1 0 -10 -8 60 0 0 1 0 1 0 -1 0 0 2555.dat
1 0 10 -8 60 0 0 1 0 1 0 -1 0 0 2555.dat
1 72 0 -24 0 -1 0 0 0 1 0 0 0 -1 3298.dat
1 0 -10 -32 0 0 0 -1 0 1 0 1 0 0 2555.dat
1 0 10 -32 0 0 0 -1 0 1 0 1 0 0 2555.dat
0 STEP
1 71 -10.0003 -36.6269 79.7989 0.000026 0 1 0.707107 0.707107 -0.000019 -0.707107 0.707107 0.000019 60478.dat
1 71 9.9997 -36.6273 79.7993 0.000026 0 1 0.707107 0.707107 -0.000019 -0.707107 0.707107 0.000019 60478.dat
1 71 -0.0021 -57.8403 101.0123 -1 0 0.000052 0.000037 0.707107 0.707107 -0.000037 0.707107 -0.707107 99780.dat
1 71 -10 -38.0411 92.5271 -1 0 0 0 0.707107 0.707107 0 0.707107 -0.707107 2341.dat
1 71 10 -38.0411 92.5271 -1 0 0 0 0.707107 0.707107 0 0.707107 -0.707107 2341.dat
1 71 0.0003 -60.6689 69.8999 0.000026 0 1 0.707107 0.707107 -0.000019 -0.707107 0.707107 0.000019 3002.dat
1 72 0 -91.782 67.071 1 0 0 0 0.707107 -0.707107 0 0.707107 0.707107 3298.dat
1 72 0 -97.439 61.414 1 0 0 0 0.707107 -0.707107 0 0.707107 0.707107 3069b.dat
0 STEP
0 !LEOCAD PIECE PIVOT  0 10 0 1 0 0 0 1 0 0 0 1
1 0 0 26.9289 52.9289 -1 0 0 0 0.707107 0.707107 0 0.707107 -0.707107 3937.dat
1 72 0 39.6576 51.5141 0 0 -1 -0.707107 0.707107 0 0.707107 0.707107 0 4871.dat
1 0 0 52.3855 50.1005 1 0 0 0 0.707107 -0.707107 0 0.707107 0.707107 3069b.dat
0 STEP
1 72 -30 1.4731 55.7562 0 0 1 0.707107 0.707107 0 -0.707107 0.707107 0 3622.dat
1 72 -30 18.4441 72.7281 -1 0 0 0 0.707107 0.707107 0 0.707107 -0.707107 3665.dat
1 72 -30 29.7574 27.472 1 0 0 0 0.707107 -0.707107 0 0.707107 0.707107 3665.dat
1 72 -30.0032 -8.4267 31.7143 0.000105 0 1 0.707107 0.707107 -0.000074 -0.707107 0.707107 0.000074 30414.dat
1 72 -29.9989 26.9287 -3.641 1 -0.000001 -0.00008 -0.000056 0.707107 -0.707107 0.000057 0.707107 0.707107 6541.dat
1 71 -29.9981 41.0709 -3.6406 1 0.00008 -0.000001 -0.000056 0.707126 0.707088 0.000057 -0.707088 0.707126 4073.dat
1 72 -30 -18.3263 7.6728 1 0 0 0 0.707107 -0.707107 0 0.707107 0.707107 4286.dat
1 72 -30 -32.4673 21.8152 -1 0 0 0 0.707107 0.707107 0 0.707107 -0.707107 3040.dat
1 72 -30 -25.3968 14.744 0 0 1 0.707107 0.707107 0 -0.707107 0.707107 0 85984.dat
0 STEP
1 71 -47.9996 -15.4999 67.0746 -0.00008 1 -0.000052 0.707125 0.000093 0.707089 0.707089 0.00002 -0.707125 99781.dat
1 71 -48.0012 5.7128 45.8607 -0.00008 1 -0.000052 0.707125 0.000093 0.707089 0.707089 0.00002 -0.707125 3022.dat
1 71 -48.0027 26.9243 24.6459 0.000081 1 0.000052 -0.707162 0.000094 -0.707052 -0.707052 0.00002 0.707162 48336.dat
1 72 -56.0012 5.7155 45.8563 0 1 0.000026 0.707107 0.000018 -0.707107 -0.707107 0.000018 -0.707107 87079.dat
1 72 -38 -25.3985 76.9695 0 0 1 -0.707088 0.707126 0 -0.707126 -0.707088 0 85984.dat
0 STEP
1 72 30 1.4731 55.7562 0 0 1 0.707107 0.707107 0 -0.707107 0.707107 0 3622.dat
1 72 30 18.4441 72.7281 -1 0 0 0 0.707107 0.707107 0 0.707107 -0.707107 3665.dat
1 72 30 29.7574 27.472 1 0 0 0 0.707107 -0.707107 0 0.707107 0.707107 3665.dat
1 72 29.9984 -8.4267 31.7143 -0.000053 0.000001 -1 -0.707107 0.707107 0.000038 0.707107 0.707107 -0.000037 30414.dat
1 72 30.0011 26.9288 -3.641 1 -0.000001 -0.00008 -0.000056 0.707107 -0.707107 0.000057 0.707107 0.707107 6541.dat
1 71 30.0019 41.071 -3.6406 1 0.00008 -0.000001 -0.000056 0.707126 0.707088 0.000057 -0.707088 0.707126 4073.dat
1 72 30 -18.3263 7.6728 1 0 0 0 0.707107 -0.707107 0 0.707107 0.707107 4286.dat
1 72 30 -32.4673 21.8152 -1 0 0 0 0.707107 0.707107 0 0.707107 -0.707107 3040.dat
1 72 30 -25.3968 14.744 0 0 -1 -0.707107 0.707107 0 0.707107 0.707107 0 85984.dat
0 STEP
1 71 47.9988 -15.4921 67.0752 0.000079 -1 0 -0.707088 -0.000056 0.707126 -0.707126 -0.000056 -0.707088 99781.dat
1 71 47.9988 5.7216 45.8625 0.000079 -1 0 -0.707088 -0.000056 0.707126 -0.707126 -0.000056 -0.707088 3022.dat
1 71 47.9988 26.9366 24.6511 -0.00008 -1 0 0.707051 -0.000057 -0.707163 0.707163 -0.000057 0.707051 48336.dat
1 72 55.9988 5.7214 45.8622 0 -1 -0.000079 0.707107 -0.000056 0.707107 -0.707107 -0.000056 0.707107 87079.dat
1 72 38 -25.3985 76.9695 0 0 -1 0.707088 0.707126 0 0.707126 -0.707088 0 85984.dat
0 STEP
1 0 0 -39.4144 -7.0713 -1 0 0 0 -0.707107 0.707107 0 0.707107 0.707107 2432.dat
0 STEP
1 72 0 -57.7992 -2.8287 0.000001 0.000001 -1 -0.707107 -0.707107 -0.000001 -0.707107 0.707107 -0.000001 4871.dat
1 0 0.0001 -60.6276 -28.2846 -1 0 0 0 -0.707107 0.707107 0 0.707107 0.707107 87580.dat
1 0 0.0001 -87.4978 -43.8411 -1 0 0 0 -0.707107 0.707107 0 0.707107 0.707107 85984.dat
1 72 0 -59.2134 -15.5566 -1 0 0 0 -0.707107 0.707107 0 0.707107 0.707107 3747b.dat
1 72 30.0001 -52.1423 -8.4855 -1 0 0 0 -0.707107 0.707107 0 0.707107 0.707107 92946.dat
1 72 30 -45.0712 -1.4144 1 0.000001 -0.000078 -0.000055 -0.707107 -0.707107 -0.000056 0.707107 -0.707107 54200.dat
1 72 -29.9999 -52.1423 -8.4855 -1 0 0 0 -0.707107 0.707107 0 0.707107 0.707107 92946.dat
1 72 -30 -45.0712 -1.4144 1 0.000001 -0.000078 -0.000055 -0.707107 -0.707107 -0.000056 0.707107 -0.707107 54200.dat
0 STEP
1 0 0 12.7783 -45.7569 1 0 0 0 0.173648 0.984808 0 -0.984808 0.173648 01-foot.ldr
0 NOFILE
0 FILE 04-01-foreleg.ldr
0 Name: 04-01-foreleg.ldr
0 Author: Nathanel Titane // nathanel.titane@gmail.com // All Rights Reserved
1 72 -10 24 60 -1 0 0 0 1 0 0 0 -1 4287.dat
1 72 10 24 60 -1 0 0 0 1 0 0 0 -1 4287.dat
1 72 10 24 40 1 0 0 0 1 0 0 0 1 4287.dat
1 72 -10 24 40 1 0 0 0 1 0 0 0 1 4287.dat
1 72 0 0 90 0 0 -1 0 1 0 1 0 0 48170.dat
1 72 0 0 40 0 0 -1 0 1 0 1 0 0 3002.dat
0 STEP
1 72 0 0 0 1 0 0 0 1 0 0 0 1 32064.dat
1 0 0 10 -10 0 0 1 0 1 0 -1 0 0 32062.dat
1 0 0 10 -20 0 0 1 1 0 0 0 1 0 32474.dat
0 STEP
1 72 0 -24 40 1 0 0 0 1 0 0 0 1 3298.dat
1 72 0 -24 60 -1 0 0 0 1 0 0 0 -1 3298.dat
0 STEP
1 0 0 0 -110 1 0 0 0 1 0 0 0 1 02-shin.ldr
0 STEP
1 0 -38 0 110 1 0 0 0 1 0 0 0 1 06-01-side-skirt.ldr
0 NOFILE
0 FILE 04-02-foreleg.ldr
0 Name: 04-02-foreleg.ldr
0 Author: Nathanel Titane // nathanel.titane@gmail.com // All Rights Reserved
1 72 -10 24 60 -1 0 0 0 1 0 0 0 -1 4287.dat
1 72 10 24 60 -1 0 0 0 1 0 0 0 -1 4287.dat
1 72 10 24 40 1 0 0 0 1 0 0 0 1 4287.dat
1 72 -10 24 40 1 0 0 0 1 0 0 0 1 4287.dat
1 72 0 0 90 0 0 -1 0 1 0 1 0 0 48170.dat
1 72 0 0 40 0 0 -1 0 1 0 1 0 0 3002.dat
0 STEP
1 72 0 0 0 1 0 0 0 1 0 0 0 1 32064.dat
1 0 0 10 -10 0 0 1 0 1 0 -1 0 0 32062.dat
1 0 0 10 -20 0 0 1 1 0 0 0 1 0 32474.dat
0 STEP
1 72 0 -24 40 1 0 0 0 1 0 0 0 1 3298.dat
1 72 0 -24 60 -1 0 0 0 1 0 0 0 -1 3298.dat
0 STEP
1 0 0 0 -110 1 0 0 0 1 0 0 0 1 02-shin.ldr
0 STEP
1 0 38 0 110 1 0 0 0 1 0 0 0 1 06-02-side-skirt.ldr
0 NOFILE
0 FILE 05-waist.ldr
0 Name: 05-waist.ldr
0 Author: Nathanel Titane // nathanel.titane@gmail.com // All Rights Reserved
1 72 0 32 0 1 0 0 0 1 0 0 0 1 4871.dat
1 71 -10 24 -0.0003 0.000026 0 1 0 1 0 -1 0 0.000026 2877.dat
1 71 10 24 -0.0003 -0.000079 0 -1 0 1 0 1 0 -0.000079 2877.dat
1 72 0 24 30 1 0 0 0 1 0 0 0 1 3023.dat
1 72 0 24 -30 1 0 0 0 1 0 0 0 1 3023.dat
0 STEP
1 0 0 0 0 -1 0 0.000026 0 1 0 -0.000026 0 -1 48172.dat
1 0 10 0 0 0 0 1 0 1 0 -1 0 0 3700.dat
1 0 0 0 30 1 0 0 0 1 0 0 0 1 3700.dat
1 0 0 0 -30 1 0 0 0 1 0 0 0 1 32000.dat
0 STEP
1 72 0 -8 0 0 0 1 0 1 0 -1 0 0 3020.dat
1 72 0 -32 -10 1 0 0 0 1 0 0 0 1 3039.dat
1 72 -10 -32 20 0 0 1 0 1 0 -1 0 0 3660.dat
1 72 10 -32 20 0 0 -1 0 1 0 1 0 0 3660.dat
0 STEP
1 72 0 -56 10 -1 0 0 0 1 0 0 0 -1 3039.dat
1 72 0 -56 -10 1 0 0 0 1 0 0 0 1 3004.dat
1 72 0 -64 0 1 0 0 0 1 0 0 0 1 3068b.dat
0 STEP
1 72 -30 -56 20 0 0 1 0 1 0 -1 0 0 3937.dat
1 72 30 -56 20 0 0 -1 0 1 0 1 0 0 3937.dat
0 STEP
1 0 -10 10 -40 1 0 0 0 0 1 0 -1 0 4073.dat
1 0 10 10 -40 1 0 0 0 0 1 0 -1 0 4073.dat
1 0 0 10 40 0 0 1 0 1 0 -1 0 0 2780.dat
1 0 -60 10 0 1 0 0 0 1 0 0 0 1 47455.dat
1 0 60 10 0 -1 0 0 0 1 0 0 0 -1 47455.dat
0 STEP
1 0 -93.646 0 -125.57 0.965926 0 0.258819 0 1 0 -0.258819 0 0.965926 04-01-foreleg.ldr
0 STEP
1 0 93.646 0 -125.57 0.965926 0 -0.258819 0 1 0 0.258819 0 0.965926 04-02-foreleg.ldr
0 STEP
1 0 -37.071 -53.071 20 0.707107 0.707107 0 -0.707107 0.707107 0 0 0 1 07-01-front-skirt.ldr
0 STEP
1 0 51.213 -38.929 20 0.707107 -0.707107 0 0.707107 0.707107 0 0 0 1 07-02-front-skirt.ldr
0 NOFILE
0 FILE 06-01-side-skirt.ldr
0 Name: 06-01-side-skirt.ldr
0 Author: Nathanel Titane // nathanel.titane@gmail.com // All Rights Reserved
1 72 0 0 0 0 0 -1 0 1 0 1 0 0 30414.dat
1 72 0 -8 0 0 0 1 0 1 0 -1 0 0 2431.dat
1 72 0 24 10 -1 0 0 0 1 0 0 0 -1 3665.dat
1 72 0 24 -10 1 0 0 0 1 0 0 0 1 3665.dat
0 STEP
1 72 18 10 -20 0 -1 0 0 0 1 -1 0 0 3794b.dat
1 72 18 10 20 0 -1 0 0 0 1 -1 0 0 3069b.dat
0 NOFILE
0 FILE 06-02-side-skirt.ldr
0 Name: 06-02-side-skirt.ldr
0 Author: Nathanel Titane // nathanel.titane@gmail.com // All Rights Reserved
1 72 0 0 0 0 0 1 0 1 0 -1 0 0 30414.dat
1 72 0 -8 0 0 0 1 0 1 0 -1 0 0 2431.dat
1 72 0 24 10 -1 0 0 0 1 0 0 0 -1 3665.dat
1 72 0 24 -10 1 0 0 0 1 0 0 0 1 3665.dat
0 STEP
1 72 -18 10 -20 0 1 0 0 0 -1 -1 0 0 3794b.dat
1 72 -18 10 20 0 1 0 0 0 -1 -1 0 0 3069b.dat
0 NOFILE
0 FILE 07-01-front-skirt.ldr
0 Name: 07-01-front-skirt.ldr
0 Author: Nathanel Titane // nathanel.titane@gmail.com // All Rights Reserved
1 71 0 0 0 0 0 -1 0 1 0 1 0 0 6134.dat
1 71 0 -8 0 0 0 1 0 1 0 -1 0 0 60478.dat
1 71 -20 -8 0 0 0 1 0 1 0 -1 0 0 60478.dat
0 STEP
1 71 -20 -8 -60 0 0 -1 0 1 0 1 0 0 63868.dat
1 71 0 -8 -60 0 0 -1 0 1 0 1 0 0 63868.dat
1 72 -10 -16 -60 1 0 0 0 1 0 0 0 1 3068b.dat
0 STEP
1 72 -20 -32 -10 -1 0 0 0 1 0 0 0 -1 3038.dat
1 72 -40 -8 10 1 0 0 0 1 0 0 0 1 3665.dat
0 STEP
1 72 -10 -48 -10 1 0 0 0 1 0 0 0 1 3069b.dat
1 72 -40 -32 -10 0 0 1 0 1 0 -1 0 0 54200.dat
1 71 -10 -40 -10 -1 0 0 0 1 0 0 0 -1 32028.dat
0 NOFILE
0 FILE 07-02-front-skirt.ldr
0 Name: 07-02-front-skirt.ldr
0 Author: Nathanel Titane // nathanel.titane@gmail.com // All Rights Reserved
1 71 -20 0 0 0 0 1 0 1 0 -1 0 0 6134.dat
1 71 0 -8 0 0 0 1 0 1 0 -1 0 0 60478.dat
1 71 -20 -8 0 0 0 1 0 1 0 -1 0 0 60478.dat
0 STEP
1 71 -20 -8 -60 0 0 -1 0 1 0 1 0 0 63868.dat
1 71 0 -8 -60 0 0 -1 0 1 0 1 0 0 63868.dat
1 72 -10 -16 -60 1 0 0 0 1 0 0 0 1 3068b.dat
0 STEP
1 72 0 -32 -10 -1 0 0 0 1 0 0 0 -1 3038.dat
1 72 20 -8 10 1 0 0 0 1 0 0 0 1 3665.dat
0 STEP
1 72 -10 -48 -10 1 0 0 0 1 0 0 0 1 3069b.dat
1 72 20 -32 -10 0 0 -1 0 1 0 1 0 0 54200.dat
1 71 -10 -40 -10 -1 0 0 0 1 0 0 0 -1 32028.dat
0 NOFILE
0 FILE 08-01-torso.ldr
0 Name: 08-01-torso.ldr
0 Author: Nathanel Titane // nathanel.titane@gmail.com // All Rights Reserved
1 72 0 56 50 0 0 1 0 1 0 -1 0 0 30283.dat
1 72 -20 48 80 -1 0 0 0 1 0 0 0 -1 3937.dat
1 72 20 48 80 -1 0 0 0 1 0 0 0 -1 3937.dat
1 0 0 64 50 1 0 0 0 1 0 0 0 1 3068b.dat
1 0 -30 40 50 0 0 -1 0 1 0 1 0 0 2432.dat
1 0 30 40 50 0 0 1 0 1 0 -1 0 0 2432.dat
0 STEP
1 72 -60 32 40 0 0 1 0 1 0 -1 0 0 3002.dat
1 72 -70 56 40 1 0 0 0 1 0 0 0 1 3665.dat
1 72 -70 56 60 -1 0 0 0 1 0 0 0 -1 3665.dat
1 71 -60 32 80 -1 0 0 0 1 0 0 0 -1 11211.dat
1 72 -50 -16 30 0 0 1 0 1 0 -1 0 0 3245b.dat
1 72 -50 -40 40 1 0 0 0 1 0 0 0 1 3040.dat
1 72 -50 -40 60 -1 0 0 0 1 0 0 0 -1 4460a.dat
1 72 -50 -40 50 0 0 1 0 1 0 -1 0 0 85984.dat
1 72 -70 8 40 0 0 1 0 1 0 -1 0 0 4070.dat
1 72 -70 8 70 0 0 1 0 1 0 -1 0 0 32064.dat
1 72 -70 -16 40 -1 0 0 0 1 0 0 0 -1 4286.dat
1 72 -70 -16 40 0 0 1 0 1 0 -1 0 0 54200.dat
1 71 -70 24 20 0 0 1 0 1 0 -1 0 0 3024.dat
1 40 -70 24 20 1 0 0 0 1 0 0 0 1 54200.dat
1 0 -60 42 98 1 0 0 0 0 1 0 -1 0 30383.dat
1 0 -80 18.0003 70 -1 0.000026 0 -0.000026 -1 0 0 0 1 32062.dat
1 0 -90 18 70 0 1 0 -1 0 0 0 0 1 32474.dat
0 STEP
1 72 60 32 40 0 0 1 0 1 0 -1 0 0 3002.dat
1 72 70 56 40 1 0 0 0 1 0 0 0 1 3665.dat
1 72 70 56 60 -1 0 0 0 1 0 0 0 -1 3665.dat
1 71 60 32 80 -1 0 0 0 1 0 0 0 -1 11211.dat
1 0 60 42 98 -1 0 0 0 0 -1 0 -1 0 30383.dat
1 72 50 -16 30 0 0 1 0 1 0 -1 0 0 3245b.dat
1 72 50 -40 40 1 0 0 0 1 0 0 0 1 3040.dat
1 72 50 -40 60 -1 0 0 0 1 0 0 0 -1 4460a.dat
1 72 50 -40 50 0 0 -1 0 1 0 1 0 0 85984.dat
1 72 70 8 40 0 0 -1 0 1 0 1 0 0 4070.dat
1 72 70 8 70 0 0 1 0 1 0 -1 0 0 32064.dat
1 72 70 -16 40 -1 0 0 0 1 0 0 0 -1 4286.dat
1 72 70 -16 40 0 0 -1 0 1 0 1 0 0 54200.dat
1 71 70 24 20 0 0 1 0 1 0 -1 0 0 3024.dat
1 40 70 24 20 1 0 0 0 1 0 0 0 1 54200.dat
1 0 80 18.0044 70 -1 0.000026 0 -0.000026 -1 0 0 0 1 32062.dat
1 0 90 18 70 0 -1 0 -1 0 0 0 0 -1 32474.dat
0 STEP
1 0 -20 48 20 1 0 0 0 1 0 0 0 1 3660.dat
1 0 20 48 20 1 0 0 0 1 0 0 0 1 3660.dat
1 0 0 16 20 -1 0 0 0 1 0 0 0 -1 2432.dat
0 STEP
1 0 -30 24 0 1 0 0 0 1 0 0 0 1 2357.dat
1 0 30 24 0 0 0 -1 0 1 0 1 0 0 2357.dat
1 0 0 0 0 1 0 0 0 1 0 0 0 1 3700.dat
1 0 -30 0 10 0 0 1 0 1 0 -1 0 0 3004.dat
1 0 30 0 10 0 0 1 0 1 0 -1 0 0 3004.dat
1 0 -30 -24 0 1 0 0 0 1 0 0 0 1 2357.dat
1 0 30 -24 0 0 0 -1 0 1 0 1 0 0 2357.dat
1 0 -30 -48 10 0 0 1 0 1 0 -1 0 0 3004.dat
1 0 30 -48 10 0 0 1 0 1 0 -1 0 0 3004.dat
1 0 0 -48 0 1 0 0 0 1 0 0 0 1 3937.dat
0 STEP
1 72 -30 -56 10 1 0 0 0 1 0 0 0 1 92946.dat
1 0 -30 -64 20 1 0 0 0 1 0 0 0 1 4073.dat
1 71 -30 -72 20 1 0 0 0 1 0 0 0 1 98138.dat
0 STEP
1 72 30 -56 10 1 0 0 0 1 0 0 0 1 92946.dat
1 0 30 -64 20 1 0 0 0 1 0 0 0 1 4073.dat
1 71 30 -72 20 1 0 0 0 1 0 0 0 1 98138.dat
0 STEP
1 0 0 -32 20 1 0 0 0 1 0 0 0 1 08-02-lock.ldr
0 STEP
1 0 0 24 60 1 0 0 0 1 0 0 0 1 08-03-hatch.ldr
0 STEP
1 0 0 4 108 1 0 0 0 1 0 0 0 1 09-head.ldr
0 STEP
1 0 0 100 70 1 0 0 0 0 1 0 -1 0 10-back-pack.ldr
0 STEP
1 0 -151.931 8 -6.58 0.965926 0 0.258819 0 1 0 -0.258819 0 0.965926 12-01-arm.ldr
0 STEP
1 0 151.931 8 -6.58 0.965926 0 -0.258819 0 1 0 0.258819 0 0.965926 12-02-arm.ldr
0 NOFILE
0 FILE 08-02-lock.ldr
0 Name: 08-02-lock.ldr
0 Author: Nathanel Titane // nathanel.titane@gmail.com // All Rights Reserved
1 71 0 -16 -20 1 0 0 0 1 0 0 0 1 6134.dat
1 71 0 -48 -20 1 0 0 0 1 0 0 0 1 2432.dat
1 71 0 -40 0 -1 0 0 0 1 0 0 0 -1 3660.dat
1 71 -10 -48 10 1 0 0 0 1 0 0 0 1 92946.dat
1 71 10 -48 10 1 0 0 0 1 0 0 0 1 92946.dat
1 71 0 -56 20 1 0 0 0 1 0 0 0 1 3069b.dat
0 NOFILE
0 FILE 08-03-hatch.ldr
0 Name: 08-03-hatch.ldr
0 Author: Nathanel Titane // nathanel.titane@gmail.com // All Rights Reserved
1 71 -20 24 20 1 0 0 0 1 0 0 0 1 3938.dat
1 71 20 24 20 1 0 0 0 1 0 0 0 1 3938.dat
1 72 0 0 20 -1 0 0 0 1 0 0 0 -1 3937.dat
1 71 0 10 30 -1 0 0 0 0 -1 0 -1 0 6134.dat
1 0 0 -10 38 1 0 0 0 0 1 0 -1 0 3794b.dat
1 0 0 10 38 1 0 0 0 0 1 0 -1 0 3069b.dat
0 STEP
1 72 -30 0 20 1 0 0 0 1 0 0 0 1 87087.dat
1 72 30 0 20 1 0 0 0 1 0 0 0 1 87087.dat
1 71 -30 9.9995 1.9995 1 0 0 0 0.000026 -1 0 1 0.000026 4073.dat
1 15 -30 9.9993 -6.0005 1 0 0 0 0.000026 -1 0 1 0.000026 98138.dat
1 71 30 9.9995 1.9995 1 0 0 0 0.000026 -1 0 1 0.000026 4073.dat
1 15 30 9.9993 -6.0005 1 0 0 0 0.000026 -1 0 1 0.000026 98138.dat
0 STEP
1 15 30 -8 20 1 0 0 0 1 0 0 0 1 3024.dat
1 15 -30 -8 20 1 0 0 0 1 0 0 0 1 3024.dat
1 72 -30 -32 20 1 0 0 0 1 0 0 0 1 3665.dat
1 72 30 -32 20 1 0 0 0 1 0 0 0 1 3665.dat
0 STEP
1 72 20 -80 0 -1 0 0 0 1 0 0 0 -1 3678b.dat
1 72 -20 -80 0 -1 0 0 0 1 0 0 0 -1 3678b.dat
1 71 0 -32 20 -1 0 0 0 1 0 0 0 -1 6134.dat
0 STEP
1 72 0 -104 0 1 0 0 0 1 0 0 0 1 3004.dat
1 72 -30 -104 0 1 0 0 0 1 0 0 0 1 3040.dat
1 72 30 -104 0 1 0 0 0 1 0 0 0 1 3040.dat
1 15 -30 -80 -20 1 0 0 0 1 0 0 0 1 3024.dat
1 15 30 -80 -20 1 0 0 0 1 0 0 0 1 3024.dat
0 STEP
1 72 20 -112 0 0 0 -1 0 1 0 1 0 0 92946.dat
1 72 -20 -112 0 0 0 1 0 1 0 -1 0 0 92946.dat
1 71 0 -120 0 1 0 0 0 1 0 0 0 1 48336.dat
1 71 0 -128 0 1 0 0 0 1 0 0 0 1 3069b.dat
0 NOFILE
0 FILE 09-head.ldr
0 Name: 09-head.ldr
0 Author: Nathanel Titane // nathanel.titane@gmail.com // All Rights Reserved
1 71 -10 24 0 0 0 1 0 1 0 -1 0 0 3665.dat
1 71 10 24 0 0 0 -1 0 1 0 1 0 0 3665.dat
1 71 0 48 0 -1 0 0 0 1 0 0 0 -1 48336.dat
0 STEP
1 0 0 0 0 1 0 0 0 1 0 0 0 1 3700.dat
1 0 0 -24 0 1 0 0 0 1 0 0 0 1 3004.dat
1 0 0 -32 0 1 0 0 0 1 0 0 0 1 3794b.dat
1 41 0 -40 0 1 0 0 0 1 0 0 0 1 98138.dat
0 STEP
1 71 -10 44 20 0 0 -1 0 -1 0 -1 0 0 2555.dat
1 71 10 44 20 0 0 -1 0 -1 0 -1 0 0 2555.dat
1 0 0 36 20 1 0 0 0 -1 0 0 0 -1 32028.dat
1 0 0 18 26 -1 0 0 0 0 -1 0 -1 0 99206.dat
1 0 0 18 34 1 0 0 0 0 1 0 -1 0 3023.dat
0 STEP
1 72 0 18 42 1 0 0 0 0 1 0 -1 0 6069.dat
1 71 0 -32 18 1 0 0 0 0 1 0 -1 0 48183.dat
1 71 -30 18 18 1 0 0 0 0 1 0 -1 0 3024.dat
1 71 30 18 18 1 0 0 0 0 1 0 -1 0 3024.dat
0 STEP
1 71 -30 0 0 0 0 1 0 1 0 -1 0 0 4070.dat
1 71 -30 -24 0 1 0 0 0 1 0 0 0 1 3005.dat
1 71 -30 -24 0 0 0 1 0 1 0 -1 0 0 54200.dat
0 STEP
1 71 30 0 0 1 0 0 0 1 0 0 0 1 3005.dat
1 71 30 -24 0 1 0 0 0 1 0 0 0 1 3005.dat
1 71 30 -24 0 0 0 -1 0 1 0 1 0 0 54200.dat
0 STEP
1 0 -44 10 0 0 1 0 -0.707116 0 -0.707098 -0.707098 0 0.707116 4073.dat
1 72 -48 10 0 0 1 0 0.707098 0 -0.707116 -0.707116 0 -0.707098 30162.dat
1 0 -48 14.2428 12.7279 0 0 1 0.707098 0.707116 0 -0.707116 0.707098 0 30374.dat
1 0 -48 22.728 4.2425 0 0 1 0.707098 0.707116 0 -0.707116 0.707098 0 87994.dat
0 NOFILE
0 FILE 10-back-pack.ldr
0 Name: 10-back-pack.ldr
0 Author: Nathanel Titane // nathanel.titane@gmail.com // All Rights Reserved
1 0 0 0 0 1 0 0 0 1 0 0 0 1 2434.dat
1 0 20 48 -10 -1 0 0 0 1 0 0 0 -1 3660.dat
1 0 -20 48 -10 -1 0 0 0 1 0 0 0 -1 3660.dat
0 STEP
1 71 -20 72 -10 1 0 0 0 1 0 0 0 1 3938.dat
1 71 20 72 -10 1 0 0 0 1 0 0 0 1 3938.dat
1 72 20 72 -10 -1 0 0 0 1 0 0 0 -1 3937.dat
1 72 -20 72 -10 -1 0 0 0 1 0 0 0 -1 3937.dat
1 72 0 96 -10 -1 0 0 0 1 0 0 0 -1 30414.dat
1 72 10 120 -10 0 0 -1 0 1 0 1 0 0 3665.dat
1 72 -10 120 -10 0 0 1 0 1 0 -1 0 0 3665.dat
1 72 0 106 8 1 0 0 0 0 1 0 -1 0 2431.dat
0 STEP
1 72 -20 -24 0 -1 0 0 0 1 0 0 0 -1 92013.dat
1 72 20 -24 0 1 0 0 0 1 0 0 0 1 92013.dat
1 71 0 -24 30 -1 0 0.000053 0 1 0 -0.000053 0 -1 2877.dat
1 72 0 -32 10 0 0 1 0 1 0 -1 0 0 3021.dat
0 STEP
1 71 -10 -40 -10 1 0 0 0 1 0 0 0 1 98138.dat
1 71 10 -40 -10 1 0 0 0 1 0 0 0 1 98138.dat
1 72 0 -40 20 1 0 0 0 1 0 0 0 1 3068b.dat
1 72 30 -24 0 0 0 -1 0 1 0 1 0 0 85984.dat
1 72 -30 -24 0 0 0 1 0 1 0 -1 0 0 85984.dat
0 STEP
1 71 -40 20 0 0 -1 0 -1 0 0 0 0 -1 3956.dat
1 72 -48 20 0 0 -1 0 1 0 0 0 0 1 11203.dat
0 STEP
1 71 40 20 0 0 1 0 1 0 0 0 0 -1 3956.dat
1 72 48 20 0 0 1 0 1 0 0 0 0 -1 11203.dat
0 STEP
1 71 10 19.9997 36 0.000026 0 -1 1 0 0.000026 0 -1 0 60478.dat
1 71 -10 20.0003 36 0.000026 0 -1 1 0 0.000026 0 -1 0 60478.dat
1 72 0 20 44 1 0 0 0 0 1 0 -1 0 87580.dat
1 72 30 20 28 0 0 -1 1 0 0 0 -1 0 85984.dat
1 72 -30 20 28 0 0 1 -1 0 0 0 -1 0 85984.dat
0 STEP
1 0 -60 -13 -0.0042 0.707107 -0.707107 0.000053 -0.707107 -0.707107 0 0.000037 -0.000037 -1 32474.dat
1 0 -66.364 -19.3639 -0.0025 -0.707107 -0.707107 -0.00009 0.707107 -0.707107 -0.000037 -0.000037 -0.00009 1 98100.dat
1 0 -83.3345 -36.3345 -0.0047 -0.707107 -0.707107 -0.00009 0.707107 -0.707107 -0.000037 -0.000037 -0.00009 1 3941.dat
1 0 -100.3051 -53.3051 -0.0068 -0.707107 -0.707107 -0.00009 0.707107 -0.707107 -0.000037 -0.000037 -0.00009 1 2654.dat
0 STEP
1 0 60 -13 0 -0.707107 0.707107 0 -0.707107 -0.707107 0 0 0 1 32474.dat
1 0 66.3639 -19.3639 -0.002 0.707107 0.707107 0.000037 0.707107 -0.707107 -0.000037 0 0.000052 -1 98100.dat
1 0 83.3345 -36.3345 -0.0007 0.707107 0.707107 0.000037 0.707107 -0.707107 -0.000037 0 0.000052 -1 3941.dat
1 0 100.3051 -53.3051 0.0005 0.707107 0.707107 0.000037 0.707107 -0.707107 -0.000037 0 0.000052 -1 2654.dat
0 STEP
1 0 -9.9987 63.5234 37.6215 0.000055 0.000031 1 0.258789 0.965934 -0.000044 -0.965934 0.258789 0.000045 18-rifle.ldr
0 NOFILE
0 FILE 11-shoulder-hinge-socket.ldr
0 Name: 11-shoulder-hinge-socket.ldr
0 Author: Nathanel Titane // nathanel.titane@gmail.com // All Rights Reserved
1 0 0 0 0 1 0 0 0 1 0 0 0 1 32174.dat
1 1 -20 0 0 1 0 0 0 1 0 0 0 1 43093.dat
1 1 20 0 0 -1 0 0 0 -1 0 0 0 1 43093.dat
1 1 0 10 20 0 1 0 -1 0 0 0 0 1 43093.dat
0 STEP
1 72 0 20 10 -1 0 0 0 0 1 0 1 0 3700.dat
1 72 0 30 34 -1 0 0 0 0 1 0 1 0 11203.dat
0 STEP
1 72 0 40 10 -1 0 0 0 0 1 0 1 0 3700.dat
1 72 0 30 2 -1 0 0 0 0 1 0 1 0 3068b.dat
0 STEP
1 1 0 50 20 0 -1 0 1 0 0 0 0 1 43093.dat
0 NOFILE
0 FILE 12-01-arm.ldr
0 Name: 12-01-arm.ldr
0 Author: Nathanel Titane // nathanel.titane@gmail.com // All Rights Reserved
1 72 0 0 0 0 0 1 0 1 0 -1 0 0 92013.dat
1 72 -10 24 30 1 0 0 0 1 0 0 0 1 4287.dat
1 72 10 24 30 1 0 0 0 1 0 0 0 1 4287.dat
1 72 0 0 30 1 0 0 0 1 0 0 0 1 32064.dat
0 STEP
1 72 0 -24 30 1 0 0 0 1 0 0 0 1 3298.dat
1 72 -10 -24 30 0 0 1 0 1 0 -1 0 0 54200.dat
1 72 10 -24 30 0 0 -1 0 1 0 1 0 0 54200.dat
0 STEP
1 0 20 10 90 0 0 -1 1 0 0 0 -1 0 11-shoulder-hinge-socket.ldr
0 STEP
1 0 0 8.6604 -62.3198 -1 0 0 0 -0.866026 0.5 0 0.5 0.866026 13-01-forearm.ldr
0 STEP
1 0 20 40 80 1 0 0 0 0 -1 0 1 0 15-01-shoulder.ldr
0 NOFILE
0 FILE 12-02-arm.ldr
0 Name: 12-02-arm.ldr
0 Author: Nathanel Titane // nathanel.titane@gmail.com // All Rights Reserved
1 72 0 0 0 0 0 1 0 1 0 -1 0 0 92013.dat
1 72 -10 24 30 1 0 0 0 1 0 0 0 1 4287.dat
1 72 10 24 30 1 0 0 0 1 0 0 0 1 4287.dat
1 72 0 0 30 1 0 0 0 1 0 0 0 1 32064.dat
0 STEP
1 72 0 -24 30 1 0 0 0 1 0 0 0 1 3298.dat
1 72 -10 -24 30 0 0 1 0 1 0 -1 0 0 54200.dat
1 72 10 -24 30 0 0 -1 0 1 0 1 0 0 54200.dat
0 STEP
1 0 -20 10 90 0 0 1 -1 0 0 0 -1 0 11-shoulder-hinge-socket.ldr
0 STEP
1 0 0 8.6604 -62.3198 -1 0 0 0 -0.866026 0.5 0 0.5 0.866026 13-02-forearm.ldr
0 STEP
1 0 -20 -20 80 -1 0 0 0 0 1 0 1 0 15-02-shoulder.ldr
0 NOFILE
0 FILE 13-01-forearm.ldr
0 Name: 13-01-forearm.ldr
0 Author: Nathanel Titane // nathanel.titane@gmail.com // All Rights Reserved
1 72 0 24 -10 1 0 0 0 1 0 0 0 1 3022.dat
1 71 0 24 -40 1 0 0 0 1 0 0 0 1 32803.dat
1 72 10 32 0 1 0 0 0 1 0 0 0 1 3024.dat
1 72 -10 32 0 1 0 0 0 1 0 0 0 1 3024.dat
0 STEP
1 72 0 0 0 1 0 0 0 1 0 0 0 1 32064.dat
1 72 0 0 -30 0 0 1 0 1 0 -1 0 0 92013.dat
1 0 0 10 10 0 0 -1 0 1 0 1 0 0 32062.dat
1 0 0 10 20 0 0 -1 1 0 0 0 -1 0 32474.dat
0 STEP
1 71 -10 -8 -10 0 0 1 0 1 0 -1 0 0 44728.dat
1 72 -32 12 -10 0 1 0 -1 0 0 0 0 1 3068b.dat
1 71 10 -8 -10 0 0 -1 0 1 0 1 0 0 44728.dat
1 72 32 12 -10 0 -1 0 -1 0 0 0 0 -1 3068b.dat
1 71 0 -8 -40 1 0 0 0 1 0 0 0 1 32028.dat
0 STEP
1 72 0 -32 0 1 0 0 0 1 0 0 0 1 3298.dat
1 72 -10 -32 0 0 0 1 0 1 0 -1 0 0 54200.dat
1 72 10 -32 0 0 0 -1 0 1 0 1 0 0 54200.dat
0 STEP
1 0 0 10 -70 -1 0 0 0 0 -1 0 -1 0 32474.dat
1 71 0 10 -80 0 0 -1 0 1 0 1 0 0 2736.dat
0 STEP
1 0 -15.5935 10 -98.104 0 -0.258819 -0.965926 1 0 0 0 -0.965926 0.258819 14-01-hand-01.ldr
0 NOFILE
0 FILE 13-02-forearm.ldr
0 Name: 13-02-forearm.ldr
0 Author: Nathanel Titane // nathanel.titane@gmail.com // All Rights Reserved
1 72 0 24 -10 1 0 0 0 1 0 0 0 1 3022.dat
1 71 0 24 -40 1 0 0 0 1 0 0 0 1 32803.dat
1 72 10 32 0 1 0 0 0 1 0 0 0 1 3024.dat
1 72 -10 32 0 1 0 0 0 1 0 0 0 1 3024.dat
0 STEP
1 72 0 0 0 1 0 0 0 1 0 0 0 1 32064.dat
1 72 0 0 -30 0 0 1 0 1 0 -1 0 0 92013.dat
1 0 0 10 10 0 0 -1 0 1 0 1 0 0 32062.dat
1 0 0 10 20 0 0 -1 1 0 0 0 -1 0 32474.dat
0 STEP
1 71 -10 -8 -10 0 0 1 0 1 0 -1 0 0 44728.dat
1 72 -32 12 -10 0 1 0 -1 0 0 0 0 1 3068b.dat
1 71 10 -8 -10 0 0 -1 0 1 0 1 0 0 44728.dat
1 72 32 12 -10 0 -1 0 -1 0 0 0 0 -1 3068b.dat
1 71 0 -8 -40 1 0 0 0 1 0 0 0 1 32028.dat
0 STEP
1 72 0 -32 0 1 0 0 0 1 0 0 0 1 3298.dat
1 72 -10 -32 0 0 0 1 0 1 0 -1 0 0 54200.dat
1 72 10 -32 0 0 0 -1 0 1 0 1 0 0 54200.dat
0 STEP
1 0 0 10 -70 -1 0 0 0 0 -1 0 -1 0 32474.dat
1 71 0 10 -80 0 0 -1 0 1 0 1 0 0 2736.dat
0 STEP
1 0 15.5935 10 -98.104 0 0.258819 0.965926 -1 0 0 0 -0.965926 0.258819 14-02-hand-02.ldr
0 NOFILE
0 FILE 14-01-hand-01.ldr
0 Name: 14-01-hand-01.ldr
0 Author: Nathanel Titane // nathanel.titane@gmail.com // All Rights Reserved
1 0 0 0 0 -1 0 0 0 1 0 0 0 -1 3069b.dat
1 0 0 8 0 -1 0 0 0 1 0 0 0 -1 2540.dat
0 STEP
1 71 0 30 -10 -1 0 0 0 0 1 0 1 0 99781.dat
0 STEP
1 71 -0.0006 10 -18 -1 0 0.000053 0.000053 0 1 0 1 0 14704.dat
1 72 0 20 -10 1 0 -0.000053 -0.000053 0 -1 0 1 0 15068.dat
1 0 0 30 -2 1 0 0 0 0 -1 0 1 0 48336.dat
0 STEP
1 0 16 10 20 0 0 1 0.573576 0.819152 0 -0.819152 0.573576 0 48729b.dat
0 STEP
1 0 10 50 0 0 0 1 0.866025 0.5 0 -0.5 0.866025 0 48729b.dat
1 0 0 50 0 0 0 1 0.866026 0.5 0 -0.5 0.866026 0 48729b.dat
1 0 -10 50 0 0 0 1 0.866025 0.5 0 -0.5 0.866025 0 48729b.dat
0 NOFILE
0 FILE 14-02-hand-02.ldr
0 Name: 14-02-hand-02.ldr
0 Author: Nathanel Titane // nathanel.titane@gmail.com // All Rights Reserved
1 0 0 0 0 -1 0 0 0 1 0 0 0 -1 3069b.dat
1 0 0 8 0 -1 0 0 0 1 0 0 0 -1 2540.dat
0 STEP
1 71 0 30 -10 -1 0 0 0 0 1 0 1 0 99781.dat
0 STEP
1 71 -0.0006 10 -18 -1 0 0.000053 0.000053 0 1 0 1 0 14704.dat
1 72 0 20 -10 1 0 -0.000053 -0.000053 0 -1 0 1 0 15068.dat
1 0 0 30 -2 1 0 0 0 0 -1 0 1 0 48336.dat
0 STEP
1 0 -16 10 20 0 0 -1 -0.573576 0.819152 0 0.819152 0.573576 0 48729b.dat
0 STEP
1 0 10 50 0 0 0 -1 -0.866025 0.5 0 0.5 0.866025 0 48729b.dat
1 0 0 50 0 0 0 -1 -0.866026 0.5 0 0.5 0.866026 0 48729b.dat
1 0 -10 50 0 0 0 -1 -0.866025 0.5 0 0.5 0.866025 0 48729b.dat
0 NOFILE
0 FILE 15-01-shoulder.ldr
0 Name: 15-01-shoulder.ldr
0 Author: Nathanel Titane // nathanel.titane@gmail.com // All Rights Reserved
1 4 -40 24 30 1 0 0 0 1 0 0 0 1 4871.dat
1 4 0 24 30 1 0 0 0 1 0 0 0 1 4871.dat
1 4 -20 32 30 1 0 0 0 1 0 0 0 1 87079.dat
0 STEP
1 4 -40 0 60 1 0 0 0 1 0 0 0 1 3004.dat
1 4 -40 0 0 1 0 0 0 1 0 0 0 1 3004.dat
1 4 0 0 60 1 0 0 0 1 0 0 0 1 3700.dat
1 4 0 0 0 1 0 0 0 1 0 0 0 1 3700.dat
0 STEP
1 4 -30 -24 60 0 0 1 0 1 0 -1 0 0 3040.dat
1 4 -10 -24 60 -1 0 0 0 1 0 0 0 -1 87087.dat
1 4 10 -24 60 -1 0 0 0 1 0 0 0 -1 87087.dat
1 4 -10 -32 60 1 0 0 0 1 0 0 0 1 63864.dat
1 4 -30 -24 0 0 0 1 0 1 0 -1 0 0 3040.dat
1 4 -10 -24 0 1 0 0 0 1 0 0 0 1 87087.dat
1 4 10 -24 0 1 0 0 0 1 0 0 0 1 87087.dat
1 4 -10 -32 0 1 0 0 0 1 0 0 0 1 63864.dat
0 STEP
1 71 0 -14 78 1 0 0 0 0 1 0 -1 0 32028.dat
1 71 0 6 78 -1 0 0 0 0 -1 0 -1 0 32028.dat
1 71 0 -4 86 -1 0 0 0 0 -1 0 -1 0 3068b.dat
0 STEP
1 71 0 -14 -18 -1 0 0 0 0 1 0 1 0 32028.dat
1 71 0 6 -18 1 0 0 0 0 -1 0 1 0 32028.dat
1 71 0 -4 -26 1 0 0 0 0 -1 0 1 0 3068b.dat
0 STEP
1 0 -52 89.9996 25.9948 1 0 0 0 -0.000079 1 0 -1 -0.000079 16-missile-pod.ldr
0 NOFILE
0 FILE 15-02-shoulder.ldr
