0 FILE 00-instructions.ldr
0 Name: 00-instructions.ldr
0 Author: Nathanel Titane // nathanel.titane@gmail.com // All Rights Reserved
0
0 // LPUB[3D] FRONT COVER PAGE /////////////////////////////////////////////////
0
0 !LPUB PAGE DOCUMENT_TITLE_FRONT COLOR "#666666"
0 !LPUB PAGE DOCUMENT_TITLE_FRONT CONTENT GLOBAL "MODEL // MVF-27 INDRA // FIGHTER"
0 !LPUB PAGE DOCUMENT_TITLE_FRONT DISPLAY GLOBAL TRUE
0 !LPUB PAGE DOCUMENT_TITLE_FRONT FONT "Noto Sans,72,-1,0,75,0,0,0,0,0,Bold"
0 !LPUB PAGE DOCUMENT_TITLE_FRONT MARGINS 0.2500 0.1000
0 !LPUB PAGE DOCUMENT_TITLE_FRONT PLACEMENT GLOBAL TOP_LEFT PAGE INSIDE OFFSET 0.0000 0.0000

0 !LPUB PAGE DOCUMENT_AUTHOR_FRONT CONTENT GLOBAL "MODEL DESIGN AND INSTRUCTIONS // NATHANEL TITANE"
0 !LPUB PAGE DOCUMENT_AUTHOR_FRONT COLOR "#666666"
0 !LPUB PAGE DOCUMENT_AUTHOR_FRONT DISPLAY GLOBAL TRUE
0 !LPUB PAGE DOCUMENT_AUTHOR_FRONT FONT "Noto Sans,18,-1,0,75,0,0,0,0,0,Bold"
0 !LPUB PAGE DOCUMENT_AUTHOR_FRONT MARGINS 0.3000 1.0000
0 !LPUB PAGE DOCUMENT_AUTHOR_FRONT PLACEMENT TOP_LEFT PAGE INSIDE OFFSET 0.0000 0.0000

0 !LPUB PAGE MODEL_PARTS COLOR "#666666"
0 !LPUB PAGE MODEL_PARTS CONTENT GLOBAL "119 PIECES"
0 !LPUB PAGE MODEL_PARTS DISPLAY GLOBAL TRUE
0 !LPUB PAGE MODEL_PARTS FONT "Noto Sans,72,-1,0,75,0,0,0,0,0,Bold"
0 !LPUB PAGE MODEL_PARTS MARGINS 0.2500 0.1000
0 !LPUB PAGE MODEL_PARTS PLACEMENT GLOBAL BOTTOM_LEFT PAGE INSIDE OFFSET 0.0000 0.0000

0 !LPUB PAGE PUBLISH_DESCRIPTION COLOR "#666666"
0 !LPUB PAGE PUBLISH_DESCRIPTION CONTENT GLOBAL "LEGO // LINUX - Where Lego and Linux Meet"
0 !LPUB PAGE PUBLISH_DESCRIPTION DISPLAY GLOBAL TRUE
0 !LPUB PAGE PUBLISH_DESCRIPTION FONT "Noto Sans,36,-1,0,75,0,0,0,0,0,Bold"
0 !LPUB PAGE PUBLISH_DESCRIPTION MARGINS 0.2000 0.2000
0 !LPUB PAGE PUBLISH_DESCRIPTION PLACEMENT GLOBAL BOTTOM_RIGHT PAGE INSIDE OFFSET 0.0000 0.0000
0
0 // LPUB[3D] BACK COVER PAGE //////////////////////////////////////////////////
0
0 // LPUB[3D] DOCUMENT DISCLAIMER
0 !LPUB PAGE LEGO_DISCLAIMER COLOR "#666666"
0 !LPUB PAGE LEGO_DISCLAIMER CONTENT GLOBAL "LEGO® // REGISTERED TRADEMARK OF THE LEGO GROUP"
0 !LPUB PAGE LEGO_DISCLAIMER DISPLAY GLOBAL TRUE
0 !LPUB PAGE LEGO_DISCLAIMER FONT "Noto Sans,36,-1,0,75,0,0,0,0,0,Bold"
0 !LPUB PAGE LEGO_DISCLAIMER PLACEMENT GLOBAL CENTER PAGE INSIDE OFFSET 0.0000 -0.2500
0
0 // LPUB[3D] PAGE DOCUMENT AUTHOR
0 !LPUB PAGE DOCUMENT_AUTHOR_BACK COLOR "#666666"
0 !LPUB PAGE DOCUMENT_AUTHOR_BACK CONTENT GLOBAL "MODEL DESIGN AND INSTRUCTIONS // NATHANEL TITANE"
0 !LPUB PAGE DOCUMENT_AUTHOR_BACK DISPLAY GLOBAL TRUE
0 !LPUB PAGE DOCUMENT_AUTHOR_BACK FONT "Noto Sans,36,-1,0,75,0,0,0,0,0,Bold"
0 !LPUB PAGE DOCUMENT_AUTHOR_BACK PLACEMENT CENTER PAGE INSIDE OFFSET 0.0000 -0.2000
0
0 // LPUB[3D] PAGE PUBLICATION COPYRIGHT
0 !LPUB PAGE PUBLISH_COPYRIGHT_BACK COLOR "#666666"
0 !LPUB PAGE PUBLISH_COPYRIGHT_BACK CONTENT GLOBAL "COPYRIGHT // ALL RIGHTS RESERVED"
0 !LPUB PAGE PUBLISH_COPYRIGHT_BACK DISPLAY GLOBAL TRUE
0 !LPUB PAGE PUBLISH_COPYRIGHT_BACK FONT "Noto Sans,36,-1,0,75,0,0,0,0,0,Bold"
0 !LPUB PAGE PUBLISH_COPYRIGHT_BACK PLACEMENT GLOBAL CENTER PAGE INSIDE OFFSET 0.0000 -0.1500
0
0 // LPUB[3D] PAGE PUBLICATION EMAIL
0 !LPUB PAGE PUBLISH_EMAIL_BACK COLOR "#666666"
0 !LPUB PAGE PUBLISH_EMAIL_BACK CONTENT GLOBAL "CONTACT // NATHANEL.TITANE@GMAIL.COM // INFO@LEGOLINUX.COM"
0 !LPUB PAGE PUBLISH_EMAIL_BACK DISPLAY GLOBAL TRUE
0 !LPUB PAGE PUBLISH_EMAIL_BACK FONT "Noto Sans,18,-1,0,75,0,0,0,0,0,Bold"
0 !LPUB PAGE PUBLISH_EMAIL_BACK PLACEMENT GLOBAL CENTER PAGE INSIDE OFFSET 0.0000 -0.0500
0
0 // LPUB[3D] PAGE PUBLICATION URL
0 !LPUB PAGE PUBLISH_URL_BACK COLOR "#666666"
0 !LPUB PAGE PUBLISH_URL_BACK CONTENT GLOBAL "WEB // HTTPS://LEGOLINUX.COM/MODELS/MICRO-VERITECHS/MVF-27-INDRA-FIGHTER"
0 !LPUB PAGE PUBLISH_URL_BACK DISPLAY GLOBAL TRUE
0 !LPUB PAGE PUBLISH_URL_BACK FONT "Noto Sans,18,-1,0,75,0,0,0,0,0,Bold"
0 !LPUB PAGE PUBLISH_URL_BACK PLACEMENT GLOBAL CENTER PAGE INSIDE OFFSET 0.0000 -0.0250
0
0 // LPUB[3D] PAGE LOGO
0 !LPUB PAGE DOCUMENT_LOGO_BACK DISPLAY GLOBAL TRUE
0 !LPUB PAGE DOCUMENT_LOGO_BACK FILE GLOBAL "/media/internal/Lego/lpub3d/instructions/logo.png"
0 !LPUB PAGE DOCUMENT_LOGO_BACK PLACEMENT CENTER PAGE INSIDE OFFSET 0.0000 0.45000
0 !LPUB PAGE DOCUMENT_LOGO_BACK SCALE GLOBAL  1.0000
0
0 // LPUB[3D] CONFIGURATION ////////////////////////////////////////////////////
0
0 // LPUB[3D] PAGE WATERMARK
0 !LPUB PAGE PUBLISH_EMAIL CONTENT GLOBAL "CONTACT // NATHANEL.TITANE@GMAIL.COM // INFO@LEGOLINUX.COM"
0 !LPUB PAGE PUBLISH_EMAIL COLOR "#666666"
0 !LPUB PAGE PUBLISH_EMAIL DISPLAY GLOBAL TRUE
0 !LPUB PAGE PUBLISH_EMAIL FONT "Noto Sans,18,-1,0,75,0,0,0,0,0,Bold"
0 !LPUB PAGE PUBLISH_EMAIL MARGINS 0.0000 0.1500
0 !LPUB PAGE PUBLISH_EMAIL PLACEMENT GLOBAL BOTTOM PAGE INSIDE OFFSET 0.0000 0.0000
0 !LPUB PAGE DOCUMENT_AUTHOR CONTENT GLOBAL "MODEL DESIGN AND INSTRUCTIONS // NATHANEL TITANE"
0 !LPUB PAGE DOCUMENT_AUTHOR COLOR "#666666"
0 !LPUB PAGE DOCUMENT_AUTHOR DISPLAY GLOBAL TRUE
0 !LPUB PAGE DOCUMENT_AUTHOR FONT "Noto Sans,18,-1,0,75,0,0,0,0,0,Bold"
0 !LPUB PAGE DOCUMENT_AUTHOR MARGINS 0.0000 0.2000
0 !LPUB PAGE DOCUMENT_AUTHOR PLACEMENT GLOBAL TOP PAGE INSIDE OFFSET 0.0000 0.0000
0
0 // LPUB[3D] STEPS HIGHLIGHT
0 !LPUB HIGHLIGHT_STEP ENABLED GLOBAL TRUE
0 !LPUB HIGHLIGHT_STEP COLOR GLOBAL "#7137C8"
0
0 // LPUB[3D] STEP FADE
0 !LPUB FADE_STEP OPACITY GLOBAL "50"
0 !LPUB FADE_STEP COLOR GLOBAL "Trans_Black"
0 !LPUB FADE_STEP ENABLED GLOBAL TRUE
0 !LPUB FINAL_MODEL_ENABLED GLOBAL TRUE
0
0 // LPUB[3D] SUBMODEL PREVIEW
0 !LPUB SUBMODEL_DISPLAY SHOW GLOBAL TRUE
0 !LPUB SUBMODEL_DISPLAY BACKGROUND COLOR "#DDDDDD"
0 !LPUB SUBMODEL_DISPLAY MARGINS 0.1500 0.7500
0 !LPUB SUBMODEL_DISPLAY BORDER SQUARE 0 Black 0.031 MARGINS 0.050 0.050
0 !LPUB SUBMODEL_DISPLAY PLACEMENT GLOBAL LEFT PAGE INSIDE
0 !LPUB SUBMODEL_DISPLAY CAMERA_ANGLES 30.0000 45.0000
0
0 // LPUB[3D] ASSEMBLIES
0 !LPUB ASSEM CAMERA_ANGLES 30.0000 45.0000
0 !LPUB ASSEM MARGINS 0.5000 0.5000
0 !LPUB ASSEM MODEL_SCALE 1.0000
0 !LPUB ASSEM PLACEMENT CENTER PAGE INSIDE OFFSET 0.0000 0.0000
0
0 // LPUB[3D] BILL OF MATERIALS
0 !LPUB BOM BACKGROUND COLOR "#DDDDDD"
0 !LPUB BOM BORDER SQUARE 0 #666666 0.025 MARGINS 0.050 0.050
0 !LPUB BOM CONSTRAIN HEIGHT 13.0000
0 !LPUB BOM CONSTRAIN SQUARE
0 !LPUB BOM PLACEMENT CENTER PAGE INSIDE OFFSET 0.0000 0.0000
0
0 // LPUB[3D] CALLOUTS
0 !LPUB CALLOUT BORDER SQUARE 0 #666666 0.025 MARGINS 0.050 0.050
0 !LPUB CALLOUT MARGINS 0.1250 0.1250
0 !LPUB CALLOUT PLACEMENT RIGHT PAGE INSIDE OFFSET 0.0000 0.0000
0
0 // LPUB[3D] PAGE
0 !LPUB PAGE DOCUMENT_COVER_IMAGE DISPLAY GLOBAL TRUE
0 !LPUB PAGE DOCUMENT_COVER_IMAGE FILE GLOBAL "../renders/flat/flat.png"
0 !LPUB PAGE DOCUMENT_COVER_IMAGE FILL GLOBAL ASPECT
0 !LPUB PAGE DOCUMENT_COVER_IMAGE MARGINS GLOBAL 0.0000 0.0000
0 !LPUB PAGE DOCUMENT_COVER_IMAGE PLACEMENT GLOBAL CENTER PAGE INSIDE OFFSET 0.0000 0.0000
0 !LPUB PAGE DOCUMENT_COVER_IMAGE SCALE GLOBAL 1.0000
0
0 // LPUB[3D] PAGE NUMBER
0 !LPUB PAGE NUMBER FONT "Noto Sans,36,-1,0,75,0,0,0,0,0,Bold"
0 !LPUB PAGE NUMBER FONT_COLOR "#666666"
0 !LPUB PAGE NUMBER MARGINS 0.1250 0.1250
0 !LPUB PAGE NUMBER PLACEMENT BOTTOM_RIGHT PAGE INSIDE OFFSET 0.0000 0.0000
0
0 // LPUB[3D] PAGE SETUP
0 !LPUB PAGE BORDER GLOBAL NONE 0 MARGINS 0.000 0.000
0 !LPUB PAGE ENABLE_TEXT_PLACEMENT GLOBAL CENTER PAGE INSIDE OFFSET 0.0000 0.0000
0 !LPUB PAGE TEXT_PLACEMENT GLOBAL TRUE
0 !LPUB PAGE PAGE_FOOTER SIZE GLOBAL 32.0000 0.5000
0 !LPUB PAGE PAGE_HEADER SIZE GLOBAL 32.0000 0.5000
0 !LPUB PAGE MARGINS GLOBAL 0.0000 0.0000
0 !LPUB PAGE ORIENTATION GLOBAL LANDSCAPE
0 !LPUB PAGE SIZE GLOBAL 16.0000 32.0000
0
0 // LPUB[3D] PAGE COLORS
0 !LPUB PAGE SUBMODEL_BACKGROUND_COLOR GLOBAL "#DDDDDD" "#FFE680" "#FFAAAA" "#C6AFE9"
0
0 // LPUB[3D] SUBMODELS
0 !LPUB PAGE SUBMODEL_INSTANCE_COUNT FONT_COLOR "#FF5555"
0 !LPUB PAGE SUBMODEL_INSTANCE_COUNT FONT "Noto Sans,72,-1,0,75,0,0,0,0,0,Bold"
0 !LPUB PAGE SUBMODEL_INSTANCE_COUNT MARGINS 0.0000 0.1250
0 !LPUB PAGE SUBMODEL_INSTANCE_COUNT PLACEMENT BOTTOM_RIGHT PAGE INSIDE OFFSET 0.0000 -0.0500
0
0 // LPUB[3D] PARTS LIST
0 !LPUB PLI BACKGROUND COLOR "#DDDDDD"
0 !LPUB PLI BORDER SQUARE 0 #666666 0.025 MARGINS 0.0500 0.050
0 !LPUB PLI CAMERA_ANGLES 30.0000 45.0000
0 !LPUB PLI CONSTRAIN HEIGHT 5.0000
0 !LPUB PLI MODEL_SCALE  1.0000
0 !LPUB PLI MARGINS 0.1500 0.7500
0 !LPUB PLI PLACEMENT TOP_RIGHT PAGE INSIDE OFFSET 0.0000 0.0000
0 !LPUB PLI INSTANCE_COUNT FONT "Noto Sans,36,-1,0,75,0,0,0,0,0,Bold"
0 !LPUB PLI INSTANCE_COUNT FONT_COLOR "#666666"
0 !LPUB PLI INSTANCE_COUNT MARGINS 0.0125 0.0125
0 !LPUB PLI INSTANCE_COUNT MARGINS 0.0125 0.3000
0
0 // LPUB[3D] STEP NUMBER
0 !LPUB STEP_NUMBER FONT "Noto Sans,72,-1,0,75,0,0,0,0,0,Bold"
0 !LPUB STEP_NUMBER FONT_COLOR "#666666"
0 !LPUB STEP_NUMBER MARGINS 0.1250 0.0000
0 !LPUB STEP_NUMBER PLACEMENT TOP_LEFT PAGE INSIDE OFFSET 0.0000 0.0000
0
0 // LPUB[3D] BEGIN INSTRUCTIONS ///////////////////////////////////////////////
0
0 STEP
0 !LPUB INSERT COVER_PAGE FRONT
0 STEP
0 !LPUB ASSEM MODEL_SCALE LOCAL 0.7500
1 0 0 0 0 1 0 0 0 1 0 0 0 1 00-model.ldr
0 STEP
0
0 // LPUB[3D] DISABLE FINAL MODEL SHOWCASE /////////////////////////////////////
0
0 !LPUB NOSTEP
0
0 // LPUB[3D] BOM PAGES
0 STEP
0 !LPUB INSERT PAGE
0 !LPUB INSERT BOM
0 STEP
0 !LPUB INSERT PAGE
0 !LPUB INSERT BOM
0 STEP
0 !LPUB INSERT PAGE
0 !LPUB INSERT BOM
0 STEP
0 !LPUB INSERT PAGE
0 !LPUB INSERT BOM
0 STEP
0 !LPUB INSERT PAGE
0 !LPUB INSERT BOM
0 STEP
0 !LPUB INSERT PAGE
0 !LPUB INSERT BOM
0 STEP
0 !LPUB INSERT PAGE
0 !LPUB INSERT BOM
0 STEP
0 !LPUB INSERT PAGE
0 !LPUB INSERT BOM
0 STEP
0 !LPUB INSERT PAGE
0 !LPUB INSERT BOM
0 STEP
0 !LPUB INSERT PAGE
0 !LPUB INSERT BOM
0 STEP
0 !LPUB INSERT PAGE
0 !LPUB INSERT BOM
0 STEP
0 !LPUB INSERT PAGE
0 !LPUB INSERT BOM
0 STEP
0
0 !LPUB NOSTEP
0
0 !LPUB INSERT COVER_PAGE BACK
0
0 // LPUB[3D] END INSTRUCTIONS /////////////////////////////////////////////////
0
0 NOFILE
0 FILE mvf-27-indra.ldr
0 Author: Nathanel Titane // nathanel.titane@gmail.com // All Rights Reserved
1 0 0 0 0 1 0 0 0 1 0 0 0 1 01-cockpit.ldr
0 STEP
1 0 -20 -8 70 0.000026 1 0 -1 0.000026 0 0 0 1 02-01-side.ldr
0 STEP
1 0 0.0001 -3.4425 40.6513 1 0 -0.000005 0 0.984808 0.173645 0.000005 -0.173645 0.984808 03-head.ldr
0 STEP
1 0 -0.0002 12.265 97.2815 1 0.000051 -0.000042 0.000028 -0.906311 -0.422612 -0.00006 0.422612 -0.906311 04-waist.ldr
0 STEP
1 0 20 12 70 -0.000079 -1 0 1 -0.000079 0 0 0 1 02-02-side.ldr
0 STEP
1 0 -40 0 150 1 0 0 0 1 0 0 0 1 05-01-binder.ldr
0 STEP
1 0 40 0 150 1 0 0 0 1 0 0 0 1 05-02-binder.ldr
0 STEP
1 0 -10 -18 110 -1 0 0.000053 -0.000053 -0.000079 -1 0 -1 0.000079 09-shoulder.ldr
0 STEP
1 0 -9.9998 -27.6963 152.4601 -1 0.000001 0.000046 0.000013 0.965954 0.258713 -0.000044 0.258713 -0.965954 10-arm.ldr
0 STEP
1 0 10 -18 110 1 0 -0.000106 0.000106 -0.000079 1 0 -1 -0.000079 09-shoulder.ldr
0 STEP
1 0 10.0002 -27.6963 152.4599 -1 0.000001 0.000046 0.000013 0.965954 0.258713 -0.000044 0.258713 -0.965954 10-arm.ldr
0 STEP
0 NOFILE
0 FILE 01-cockpit.ldr
0 Author: Nathanel Titane // nathanel.titane@gmail.com // All Rights Reserved
1 71 0 0 0 -1 0 -0.000053 0 1 0 0.000053 0 -1 4081b.dat
1 71 -12 2 20 0 1 -0.000026 -0.000027 0.000026 1 1 0 0.000027 4073.dat
1 71 12 2 20 0 -1 0.000079 0.000027 -0.000079 -1 1 0 0.000027 4073.dat
0 STEP
1 71 0 0 -20 0.000027 0 -1 0 1 0 1 0 0.000027 4073.dat
0 STEP
1 28 0.0003 -8 -20 0.000027 0 -1 0 1 0 1 0 0.000027 63864.dat
0 NOFILE
0 FILE 02-01-side.ldr
0 Author: Nathanel Titane // nathanel.titane@gmail.com // All Rights Reserved
1 71 0 0 0 0.000026 0 -1 0 1 0 1 0 0.000026 2429.dat
1 71 0 0 0 0.000026 0 -1 0 1 0 1 0 0.000026 2430.dat
0 STEP
1 71 -10 -8 20 0.000026 0 1 0 1 0 -1 0 0.000026 32028.dat
1 28 -10 -8 -10 1 0 0 0 1 0 0 0 1 3069b.dat
0 STEP
1 330 -10 8 -40 1 0 0 0 1 0 0 0 1 11477.dat
0 STEP
1 0 -10 -16 20 -0.000079 0 -1 0 1 0 1 0 -0.000079 48336.dat
1 0 -10 -24 30 -1 0 0.000053 0 1 0 -0.000053 0 -1 4085d.dat
0 STEP
1 330 -10 -8 0 1 0 0 0 1 0 0 0 1 11477.dat
0 NOFILE
0 FILE 02-02-side.ldr
0 Author: Nathanel Titane // nathanel.titane@gmail.com // All Rights Reserved
1 71 -20 0 -0.0005 0.000027 0 1 0 1 0 -1 0 0.000027 2430.dat
1 71 -20 0 -0.0005 0.000027 0 1 0 1 0 -1 0 0.000027 2429.dat
0 STEP
1 71 -10 -8 20 -0.000079 0 -1 0 1 0 1 0 -0.000079 32028.dat
1 28 -10 -8 -10 1 0 0 0 1 0 0 0 1 3069b.dat
0 STEP
1 330 -10 8 -40 1 0 0 0 1 0 0 0 1 11477.dat
0 STEP
1 0 -10 -16 20 0.000132 0 1 0 1 0 -1 0 0.000132 48336.dat
1 0 -10 -24 30 -1 0 0.000053 0 1 0 -0.000053 0 -1 4085d.dat
0 STEP
1 330 -10 -8 0 1 0 0 0 1 0 0 0 1 11477.dat
0 NOFILE
0 FILE 03-head.ldr
0 Author: Nathanel Titane // nathanel.titane@gmail.com // All Rights Reserved
1 0 0 16 0 1 0 -0.000079 0 1 0 0.000079 0 1 49668.dat
0 STEP
1 40 0 8 0 1 0 -0.000079 0 1 0 0.000079 0 1 3024.dat
0 STEP
1 72 0 0 0 -1 0 -0.000053 0 1 0 0.000053 0 -1 4081b.dat
1 72 -12 2 20 0 1 -0.000026 -0.000027 0.000026 1 1 0 0.000027 4073.dat
1 72 12 2 20 0 -1 0.000079 0.000027 -0.000079 -1 1 0 0.000027 4073.dat
0 STEP
1 330 0 0 0 1 0 -0.000026 0 1 0 0.000026 0 1 54200.dat
0 NOFILE
0 FILE 04-waist.ldr
0 Author: Nathanel Titane // nathanel.titane@gmail.com // All Rights Reserved
1 71 0 8 0 -1 0 -0.000053 0 1 0 0.000053 0 -1 4073.dat
0 STEP
1 71 0 0 0 -1 0 -0.000053 0 1 0 0.000053 0 -1 4081b.dat
1 71 -12 2 20 0 1 -0.000026 -0.000027 0.000026 1 1 0 0.000027 4073.dat
1 71 12 2 20 0 -1 0.000079 0.000027 -0.000079 -1 1 0 0.000027 4073.dat
0 STEP
1 71 0 -8 0 -1 0 -0.000053 0 1 0 0.000053 0 -1 2555.dat
0 STEP
1 71 0 -14 -15 -0.000079 0 1 1 0.000026 0.000079 -0.000026 1 0 4697b.dat
0 STEP
1 0 -28.0001 -9.7717 -24.0618 1 0.000011 -0.000099 -0.000085 -0.422588 -0.906322 -0.000052 0.906322 -0.422588 06-01-foreleg.ldr
0 STEP
1 0 27.9999 -9.7765 -24.0647 1 0.000011 -0.000099 -0.000085 -0.422588 -0.906322 -0.000052 0.906322 -0.422588 06-02-foreleg.ldr
0 NOFILE
0 FILE 05-01-binder.ldr
0 Author: Nathanel Titane // nathanel.titane@gmail.com // All Rights Reserved
1 0 0 8 0 0.000131 0 1 0 1 0 -1 0 0.000131 48336.dat
0 STEP
1 0 0 0 0 0.000026 0 1 0 1 0 -1 0 0.000026 60478.dat
0 STEP
1 0 0 -24 20 1 0 -0.000105 0 1 0 0.000105 0 1 61678.dat
1 135 0 -16 50 -1 0 0.000158 0 1 0 -0.000158 0 -1 49668.dat
0 STEP
1 135 0 -8 30 -1 0 0.000158 0 1 0 -0.000158 0 -1 49668.dat
1 135 0 0 30 -1 0 0.000158 0 1 0 -0.000158 0 -1 49668.dat
0 STEP
1 135 0 8 30 -1 0 0.000158 0 1 0 -0.000158 0 -1 4073.dat
0 STEP
1 0 -21.5525 4.2045 10.0002 -0.965913 -0.258866 0.000112 0.258866 -0.965913 -0.000001 0.000108 0.000028 1 11-01-wing.ldr
0 NOFILE
0 FILE 05-02-binder.ldr
0 Author: Nathanel Titane // nathanel.titane@gmail.com // All Rights Reserved
1 0 0 8 0 -0.000184 0 -1 0 1 0 1 0 -0.000184 48336.dat
0 STEP
1 0 0 0 0 0.000026 0 1 0 1 0 -1 0 0.000026 60478.dat
0 STEP
1 0 0 -24 20 1 0 -0.000105 0 1 0 0.000105 0 1 61678.dat
1 135 0 -16 50 -1 0 0.000158 0 1 0 -0.000158 0 -1 49668.dat
0 STEP
1 135 0 -8 30 -1 0 0.000158 0 1 0 -0.000158 0 -1 49668.dat
1 135 0 0 30 -1 0 0.000158 0 1 0 -0.000158 0 -1 49668.dat
0 STEP
1 135 0 8 30 -1 0 0.000158 0 1 0 -0.000158 0 -1 4073.dat
0 STEP
1 0 21.5525 4.2041 9.9998 0.965913 0.258866 -0.000149 0.258866 -0.965913 -0.000013 -0.000148 -0.000026 -1 11-02-wing.ldr
0 NOFILE
0 FILE 06-01-foreleg.ldr
0 Author: Nathanel Titane // nathanel.titane@gmail.com // All Rights Reserved
1 72 0 0 0 0 0 -1 0 1 0 1 0 0 87087.dat
0 STEP
1 71 0 24 0 1 0 0 0 1 0 0 0 1 4073.dat
1 71 0 -8 0 0 0 1 0 1 0 -1 0 0 2555.dat
0 STEP
1 0 0.001 -53.9971 9.9989 1 0 -0.000026 0.000026 0.000026 1 0 -1 0.000026 07-01-shin.ldr
0 NOFILE
0 FILE 06-02-foreleg.ldr
0 Author: Nathanel Titane // nathanel.titane@gmail.com // All Rights Reserved
1 72 0 0 0 0.000053 0 1 0 1 0 -1 0 0.000053 87087.dat
0 STEP
1 71 0 24 0 1 0 0 0 1 0 0 0 1 4073.dat
1 71 0 -8 0 0 0 1 0 1 0 -1 0 0 2555.dat
0 STEP
1 0 0.001 -53.9971 9.9989 1 0 -0.000026 0.000026 0.000026 1 0 -1 0.000026 07-02-shin.ldr
0 NOFILE
0 FILE 07-01-shin.ldr
0 Author: Nathanel Titane // nathanel.titane@gmail.com // All Rights Reserved
1 72 0 16 10 0.000053 0 1 0 1 0 -1 0 0.000053 2540.dat
1 72 -20 17.9968 -10 0.499993 0 -0.86603 -0.86603 0.000079 -0.499993 0.000069 1 0.000039 44676.dat
0 STEP
1 71 0 8 10 0 0 -1 0 1 0 1 0 0 60478.dat
0 STEP
1 71 0 0 0 1 0 0 0 1 0 0 0 1 4081b.dat
1 330 0 8 10 -1 0 0 0 1 0 0 0 -1 11477.dat
0 STEP
1 71 -12 2 -20 0.000026 1 0 -1 0.000026 0 0 0 1 4085d.dat
0 STEP
1 71 12 2.0019 -20 -0.000079 -1 0 1 -0.000079 0 0 0 1 4085d.dat
0 STEP
1 71 0 2 -40.0001 0.000006 0.000027 -1 -0.258814 0.965927 0.000025 0.965927 0.258814 0.000013 4697b.dat
0 STEP
1 0 -20.0005 21.9998 -39.9984 0.000073 1 -0.000026 -0.000026 0.000026 1 1 -0.000073 0.000026 4085d.dat
1 0 19.9995 22.0009 -40.003 -0.000126 -1 -0.000026 0.000026 -0.000026 1 -1 0.000126 0.000026 4085d.dat
0 STEP
1 330 -12 1.9995 -30 -0.000026 1 0 1 0.000026 -0.000053 -0.000053 0 -1 11477.dat
1 330 12 1.9988 -30 -0.000027 -1 0 -1 0.000027 -0.000053 0.000053 0 -1 11477.dat
0 STEP
1 0 0.0012 37.3789 -52.2613 1 0.000027 -0.000018 -0.000031 0.965927 -0.258814 0.000011 0.258814 0.965927 08-foot.ldr
0 NOFILE
0 FILE 07-02-shin.ldr
0 Author: Nathanel Titane // nathanel.titane@gmail.com // All Rights Reserved
1 72 0 16 10 -0.000106 0 -1 0 1 0 1 0 -0.000106 2540.dat
1 72 19.9989 17.9968 -9.9989 0.499993 0.000053 0.86603 0.86603 -0.000027 -0.499993 -0.000003 1 -0.000059 44676.dat
0 STEP
1 71 0 8 10 0 0 -1 0 1 0 1 0 0 60478.dat
0 STEP
1 71 0 0 0 1 0 0 0 1 0 0 0 1 4081b.dat
1 330 0 8 10 -1 0 0 0 1 0 0 0 -1 11477.dat
0 STEP
1 71 -12 2 -20 0.000026 1 0 -1 0.000026 0 0 0 1 4085d.dat
0 STEP
1 71 12 2.0019 -20 -0.000079 -1 0 1 -0.000079 0 0 0 1 4085d.dat
0 STEP
1 71 0 2 -40.0001 0.000006 0.000027 -1 -0.258814 0.965927 0.000025 0.965927 0.258814 0.000013 4697b.dat
0 STEP
1 0 -20.0005 21.9998 -39.9984 0.000073 1 -0.000026 -0.000026 0.000026 1 1 -0.000073 0.000026 4085d.dat
1 0 19.9995 22.0008 -40.0031 -0.000126 -1 -0.000026 0.000026 -0.000026 1 -1 0.000126 0.000026 4085d.dat
0 STEP
1 330 -12 1.9995 -30 -0.000026 1 0 1 0.000026 -0.000053 -0.000053 0 -1 11477.dat
1 330 12 1.9988 -30 -0.000027 -1 0 -1 0.000027 -0.000053 0.000053 0 -1 11477.dat
0 STEP
1 0 0.0012 37.3789 -52.2613 1 0.000027 -0.000018 -0.000031 0.965927 -0.258814 0.000011 0.258814 0.965927 08-foot.ldr
0 NOFILE
0 FILE 08-foot.ldr
0 Author: Nathanel Titane // nathanel.titane@gmail.com // All Rights Reserved
1 72 0.0009 -34 -0.0009 -1 0.000053 0 -0.000053 -1 -0.000053 0 -0.000053 1 30375.dat
0 STEP
1 71 0 -16.0004 14.9995 -1 0 0.000053 -0.000053 0.000026 -1 0 -1 -0.000026 2555.dat
0 STEP
1 72 0.0002 5.1081 18.8017 -1 0.000156 -0.000074 -0.00017 -0.965927 0.258815 -0.000031 0.258815 0.965927 61252.dat
1 330 0.0001 -0.0311 30.5315 1 0.000156 0.000021 0.000156 -0.965927 -0.258815 -0.000021 0.258815 -0.965927 11477.dat
0 STEP
1 72 11.9992 -1.9955 -19.997 -0.000026 1 -0.000001 1 0.000026 0.000105 0.000105 -0.000001 -1 4085d.dat
1 72 -12.0008 -1.9968 -19.9969 0.000079 -1 -0.000001 -1 -0.000079 0.000211 -0.000211 0.000001 -1 4085d.dat
0 NOFILE
0 FILE 09-shoulder.ldr
0 Author: Nathanel Titane // nathanel.titane@gmail.com // All Rights Reserved
1 72 0 0 0 0 0 -1 0 1 0 1 0 0 87087.dat
0 STEP
1 0 18 10 0 0 -1 0 0 0 1 -1 0 0 2555.dat
1 71 0 -8 0 0 0 1 0 1 0 -1 0 0 2555.dat
0 NOFILE
0 FILE 10-arm.ldr
0 Author: Nathanel Titane // nathanel.titane@gmail.com // All Rights Reserved
1 71 0 0 0 0 0 -1 0 1 0 1 0 0 60478.dat
1 71 0 0 -30 1 0 0 0 1 0 0 0 1 4085d.dat
0 STEP
1 330 0 -8 -10 0 0 1 0 1 0 -1 0 0 63864.dat
0 STEP
1 0 0 18 0 1 0 0 0 0.000026 1 0 -1 0.000026 12-gun-pod.ldr
0 NOFILE
0 FILE 11-01-wing.ldr
0 Author: Nathanel Titane // nathanel.titane@gmail.com // All Rights Reserved
1 0 0 0 0 1 0 0 0 1 0 0 0 1 2555.dat
0 STEP
1 28 13.4509 8 -4.3698 -0.890986 0 0.45403 0 1 0 -0.45403 0 -0.890986 51739.dat
0 NOFILE
0 FILE 11-02-wing.ldr
0 Author: Nathanel Titane // nathanel.titane@gmail.com // All Rights Reserved
1 0 0 0 0 1 0 0 0 1 0 0 0 1 2555.dat
0 STEP
1 28 13.4495 8 4.3705 0.89101 0 0.453984 0 1 0 -0.453984 0 0.89101 51739.dat
0 NOFILE
0 FILE 12-gun-pod.ldr
0 Author: Nathanel Titane // nathanel.titane@gmail.com // All Rights Reserved
1 72 0 24 0 -1 0 0.000053 0 1 0 -0.000053 0 -1 3665.dat
1 71 0 50 0 0.000026 -1 0 1 0.000026 0 0 0 1 4274.dat
0 STEP
1 72 0 0 20 -1 0 0.000053 0 1 0 -0.000053 0 -1 4070.dat
1 72 0 0 0 1 0 0 0 1 0 0 0 1 87087.dat
0 STEP
1 72 -0.0003 -24 10 0.000026 0 1 0 1 0 -1 0 0.000026 3004.dat
0 STEP
1 71 0 -24 0 1 0 -0.000026 0 1 0 0.000026 0 1 54200.dat
1 71 0 -24 20 -1 0 0.000079 0 1 0 -0.000079 0 -1 54200.dat
0 NOFILE
