0 FILE 00-instructions.ldr
0 Name: 00-instructions.ldr
0 Author: Nathanel Titane // nathanel.titane@gmail.com // All Rights Reserved
0
0 // LPUB[3D] FRONT COVER PAGE /////////////////////////////////////////////////
0
0 !LPUB PAGE DOCUMENT_TITLE_FRONT COLOR "#666666"
0 !LPUB PAGE DOCUMENT_TITLE_FRONT CONTENT GLOBAL "MODEL // HACS-02HG-MPS GRIZZLY"
0 !LPUB PAGE DOCUMENT_TITLE_FRONT DISPLAY GLOBAL TRUE
0 !LPUB PAGE DOCUMENT_TITLE_FRONT FONT "Noto Sans,72,-1,0,75,0,0,0,0,0,Bold"
0 !LPUB PAGE DOCUMENT_TITLE_FRONT MARGINS 0.2500 0.1000
0 !LPUB PAGE DOCUMENT_TITLE_FRONT PLACEMENT GLOBAL TOP_LEFT PAGE INSIDE OFFSET 0.0000 0.0000

0 !LPUB PAGE DOCUMENT_AUTHOR_FRONT CONTENT GLOBAL "MODEL DESIGN AND INSTRUCTIONS // NATHANEL TITANE"
0 !LPUB PAGE DOCUMENT_AUTHOR_FRONT COLOR "#666666"
0 !LPUB PAGE DOCUMENT_AUTHOR_FRONT DISPLAY GLOBAL TRUE
0 !LPUB PAGE DOCUMENT_AUTHOR_FRONT FONT "Noto Sans,18,-1,0,75,0,0,0,0,0,Bold"
0 !LPUB PAGE DOCUMENT_AUTHOR_FRONT MARGINS 0.3000 1.0000
0 !LPUB PAGE DOCUMENT_AUTHOR_FRONT PLACEMENT TOP_LEFT PAGE INSIDE OFFSET 0.0000 0.0000

0 !LPUB PAGE MODEL_PARTS COLOR "#666666"
0 !LPUB PAGE MODEL_PARTS CONTENT GLOBAL "820 PIECES"
0 !LPUB PAGE MODEL_PARTS DISPLAY GLOBAL TRUE
0 !LPUB PAGE MODEL_PARTS FONT "Noto Sans,72,-1,0,75,0,0,0,0,0,Bold"
0 !LPUB PAGE MODEL_PARTS MARGINS 0.2500 0.1000
0 !LPUB PAGE MODEL_PARTS PLACEMENT GLOBAL BOTTOM_LEFT PAGE INSIDE OFFSET 0.0000 0.0000

0 !LPUB PAGE PUBLISH_DESCRIPTION COLOR "#666666"
0 !LPUB PAGE PUBLISH_DESCRIPTION CONTENT GLOBAL "LEGO // LINUX - Where Lego and Linux Meet"
0 !LPUB PAGE PUBLISH_DESCRIPTION DISPLAY GLOBAL TRUE
0 !LPUB PAGE PUBLISH_DESCRIPTION FONT "Noto Sans,36,-1,0,75,0,0,0,0,0,Bold"
0 !LPUB PAGE PUBLISH_DESCRIPTION MARGINS 0.2000 0.2000
0 !LPUB PAGE PUBLISH_DESCRIPTION PLACEMENT GLOBAL BOTTOM_RIGHT PAGE INSIDE OFFSET 0.0000 0.0000
0
0 // LPUB[3D] BACK COVER PAGE //////////////////////////////////////////////////
0
0 // LPUB[3D] DOCUMENT DISCLAIMER
0 !LPUB PAGE LEGO_DISCLAIMER COLOR "#666666"
0 !LPUB PAGE LEGO_DISCLAIMER CONTENT GLOBAL "LEGO® // REGISTERED TRADEMARK OF THE LEGO GROUP"
0 !LPUB PAGE LEGO_DISCLAIMER DISPLAY GLOBAL TRUE
0 !LPUB PAGE LEGO_DISCLAIMER FONT "Noto Sans,36,-1,0,75,0,0,0,0,0,Bold"
0 !LPUB PAGE LEGO_DISCLAIMER PLACEMENT GLOBAL CENTER PAGE INSIDE OFFSET 0.0000 -0.2500
0
0 // LPUB[3D] PAGE DOCUMENT AUTHOR
0 !LPUB PAGE DOCUMENT_AUTHOR_BACK COLOR "#666666"
0 !LPUB PAGE DOCUMENT_AUTHOR_BACK CONTENT GLOBAL "MODEL DESIGN AND INSTRUCTIONS // NATHANEL TITANE"
0 !LPUB PAGE DOCUMENT_AUTHOR_BACK DISPLAY GLOBAL TRUE
0 !LPUB PAGE DOCUMENT_AUTHOR_BACK FONT "Noto Sans,36,-1,0,75,0,0,0,0,0,Bold"
0 !LPUB PAGE DOCUMENT_AUTHOR_BACK PLACEMENT CENTER PAGE INSIDE OFFSET 0.0000 -0.2000
0
0 // LPUB[3D] PAGE PUBLICATION COPYRIGHT
0 !LPUB PAGE PUBLISH_COPYRIGHT_BACK COLOR "#666666"
0 !LPUB PAGE PUBLISH_COPYRIGHT_BACK CONTENT GLOBAL "COPYRIGHT // ALL RIGHTS RESERVED"
0 !LPUB PAGE PUBLISH_COPYRIGHT_BACK DISPLAY GLOBAL TRUE
0 !LPUB PAGE PUBLISH_COPYRIGHT_BACK FONT "Noto Sans,36,-1,0,75,0,0,0,0,0,Bold"
0 !LPUB PAGE PUBLISH_COPYRIGHT_BACK PLACEMENT GLOBAL CENTER PAGE INSIDE OFFSET 0.0000 -0.1500
0
0 // LPUB[3D] PAGE PUBLICATION EMAIL
0 !LPUB PAGE PUBLISH_EMAIL_BACK COLOR "#666666"
0 !LPUB PAGE PUBLISH_EMAIL_BACK CONTENT GLOBAL "CONTACT // NATHANEL.TITANE@GMAIL.COM // INFO@LEGOLINUX.COM"
0 !LPUB PAGE PUBLISH_EMAIL_BACK DISPLAY GLOBAL TRUE
0 !LPUB PAGE PUBLISH_EMAIL_BACK FONT "Noto Sans,18,-1,0,75,0,0,0,0,0,Bold"
0 !LPUB PAGE PUBLISH_EMAIL_BACK PLACEMENT GLOBAL CENTER PAGE INSIDE OFFSET 0.0000 -0.0500
0
0 // LPUB[3D] PAGE PUBLICATION URL
0 !LPUB PAGE PUBLISH_URL_BACK COLOR "#666666"
0 !LPUB PAGE PUBLISH_URL_BACK CONTENT GLOBAL "WEB // HTTPS://LEGOLINUX.COM/MODELS/HEAVY-GEARS/HACS-02HG-MPS-GRIZZLY"
0 !LPUB PAGE PUBLISH_URL_BACK DISPLAY GLOBAL TRUE
0 !LPUB PAGE PUBLISH_URL_BACK FONT "Noto Sans,18,-1,0,75,0,0,0,0,0,Bold"
0 !LPUB PAGE PUBLISH_URL_BACK PLACEMENT GLOBAL CENTER PAGE INSIDE OFFSET 0.0000 -0.0250
0
0 // LPUB[3D] PAGE LOGO
0 !LPUB PAGE DOCUMENT_LOGO_BACK DISPLAY GLOBAL TRUE
0 !LPUB PAGE DOCUMENT_LOGO_BACK FILE GLOBAL "/media/internal/Lego/lpub3d/instructions/logo.png"
0 !LPUB PAGE DOCUMENT_LOGO_BACK PLACEMENT CENTER PAGE INSIDE OFFSET 0.0000 0.45000
0 !LPUB PAGE DOCUMENT_LOGO_BACK SCALE GLOBAL  1.0000
0
0 // LPUB[3D] CONFIGURATION ////////////////////////////////////////////////////
0
0 // LPUB[3D] PAGE WATERMARK
0 !LPUB PAGE PUBLISH_EMAIL CONTENT GLOBAL "CONTACT // NATHANEL.TITANE@GMAIL.COM // INFO@LEGOLINUX.COM"
0 !LPUB PAGE PUBLISH_EMAIL COLOR "#666666"
0 !LPUB PAGE PUBLISH_EMAIL DISPLAY GLOBAL TRUE
0 !LPUB PAGE PUBLISH_EMAIL FONT "Noto Sans,18,-1,0,75,0,0,0,0,0,Bold"
0 !LPUB PAGE PUBLISH_EMAIL MARGINS 0.0000 0.1500
0 !LPUB PAGE PUBLISH_EMAIL PLACEMENT GLOBAL BOTTOM PAGE INSIDE OFFSET 0.0000 0.0000
0 !LPUB PAGE DOCUMENT_AUTHOR CONTENT GLOBAL "MODEL DESIGN AND INSTRUCTIONS // NATHANEL TITANE"
0 !LPUB PAGE DOCUMENT_AUTHOR COLOR "#666666"
0 !LPUB PAGE DOCUMENT_AUTHOR DISPLAY GLOBAL TRUE
0 !LPUB PAGE DOCUMENT_AUTHOR FONT "Noto Sans,18,-1,0,75,0,0,0,0,0,Bold"
0 !LPUB PAGE DOCUMENT_AUTHOR MARGINS 0.0000 0.2000
0 !LPUB PAGE DOCUMENT_AUTHOR PLACEMENT GLOBAL TOP PAGE INSIDE OFFSET 0.0000 0.0000
0
0 // LPUB[3D] STEPS HIGHLIGHT
0 !LPUB HIGHLIGHT_STEP ENABLED GLOBAL TRUE
0 !LPUB HIGHLIGHT_STEP COLOR GLOBAL "#7137C8"
0
0 // LPUB[3D] STEP FADE
0 !LPUB FADE_STEP OPACITY GLOBAL "50"
0 !LPUB FADE_STEP COLOR GLOBAL "Trans_Black"
0 !LPUB FADE_STEP ENABLED GLOBAL TRUE
0 !LPUB FINAL_MODEL_ENABLED GLOBAL TRUE
0
0 // LPUB[3D] SUBMODEL PREVIEW
0 !LPUB SUBMODEL_DISPLAY SHOW GLOBAL TRUE
0 !LPUB SUBMODEL_DISPLAY BACKGROUND COLOR "#DDDDDD"
0 !LPUB SUBMODEL_DISPLAY MARGINS 0.1500 0.7500
0 !LPUB SUBMODEL_DISPLAY BORDER SQUARE 0 Black 0.031 MARGINS 0.050 0.050
0 !LPUB SUBMODEL_DISPLAY PLACEMENT GLOBAL LEFT PAGE INSIDE
0 !LPUB SUBMODEL_DISPLAY CAMERA_ANGLES 30.0000 45.0000
0
0 // LPUB[3D] ASSEMBLIES
0 !LPUB ASSEM CAMERA_ANGLES 30.0000 45.0000
0 !LPUB ASSEM MARGINS 0.5000 0.5000
0 !LPUB ASSEM MODEL_SCALE 1.0000
0 !LPUB ASSEM PLACEMENT CENTER PAGE INSIDE OFFSET 0.0000 0.0000
0
0 // LPUB[3D] BILL OF MATERIALS
0 !LPUB BOM BACKGROUND COLOR "#DDDDDD"
0 !LPUB BOM BORDER SQUARE 0 #666666 0.025 MARGINS 0.050 0.050
0 !LPUB BOM CONSTRAIN HEIGHT 13.0000
0 !LPUB BOM CONSTRAIN SQUARE
0 !LPUB BOM PLACEMENT CENTER PAGE INSIDE OFFSET 0.0000 0.0000
0
0 // LPUB[3D] CALLOUTS
0 !LPUB CALLOUT BORDER SQUARE 0 #666666 0.025 MARGINS 0.050 0.050
0 !LPUB CALLOUT MARGINS 0.1250 0.1250
0 !LPUB CALLOUT PLACEMENT RIGHT PAGE INSIDE OFFSET 0.0000 0.0000
0
0 // LPUB[3D] PAGE
0 !LPUB PAGE DOCUMENT_COVER_IMAGE DISPLAY GLOBAL TRUE
0 !LPUB PAGE DOCUMENT_COVER_IMAGE FILE GLOBAL "../renders/flat/flat.png"
0 !LPUB PAGE DOCUMENT_COVER_IMAGE FILL GLOBAL ASPECT
0 !LPUB PAGE DOCUMENT_COVER_IMAGE MARGINS GLOBAL 0.0000 0.0000
0 !LPUB PAGE DOCUMENT_COVER_IMAGE PLACEMENT GLOBAL CENTER PAGE INSIDE OFFSET 0.0000 0.0000
0 !LPUB PAGE DOCUMENT_COVER_IMAGE SCALE GLOBAL 1.0000
0
0 // LPUB[3D] PAGE NUMBER
0 !LPUB PAGE NUMBER FONT "Noto Sans,36,-1,0,75,0,0,0,0,0,Bold"
0 !LPUB PAGE NUMBER FONT_COLOR "#666666"
0 !LPUB PAGE NUMBER MARGINS 0.1250 0.1250
0 !LPUB PAGE NUMBER PLACEMENT BOTTOM_RIGHT PAGE INSIDE OFFSET 0.0000 0.0000
0
0 // LPUB[3D] PAGE SETUP
0 !LPUB PAGE BORDER GLOBAL NONE 0 MARGINS 0.000 0.000
0 !LPUB PAGE ENABLE_TEXT_PLACEMENT GLOBAL CENTER PAGE INSIDE OFFSET 0.0000 0.0000
0 !LPUB PAGE TEXT_PLACEMENT GLOBAL TRUE
0 !LPUB PAGE PAGE_FOOTER SIZE GLOBAL 32.0000 0.5000
0 !LPUB PAGE PAGE_HEADER SIZE GLOBAL 32.0000 0.5000
0 !LPUB PAGE MARGINS GLOBAL 0.0000 0.0000
0 !LPUB PAGE ORIENTATION GLOBAL LANDSCAPE
0 !LPUB PAGE SIZE GLOBAL 16.0000 32.0000
0
0 // LPUB[3D] PAGE COLORS
0 !LPUB PAGE SUBMODEL_BACKGROUND_COLOR GLOBAL "#DDDDDD" "#FFE680" "#FFAAAA" "#C6AFE9"
0
0 // LPUB[3D] SUBMODELS
0 !LPUB PAGE SUBMODEL_INSTANCE_COUNT FONT_COLOR "#FF5555"
0 !LPUB PAGE SUBMODEL_INSTANCE_COUNT FONT "Noto Sans,72,-1,0,75,0,0,0,0,0,Bold"
0 !LPUB PAGE SUBMODEL_INSTANCE_COUNT MARGINS 0.0000 0.1250
0 !LPUB PAGE SUBMODEL_INSTANCE_COUNT PLACEMENT BOTTOM_RIGHT PAGE INSIDE OFFSET 0.0000 -0.0500
0
0 // LPUB[3D] PARTS LIST
0 !LPUB PLI BACKGROUND COLOR "#DDDDDD"
0 !LPUB PLI BORDER SQUARE 0 #666666 0.025 MARGINS 0.0500 0.050
0 !LPUB PLI CAMERA_ANGLES 30.0000 45.0000
0 !LPUB PLI CONSTRAIN HEIGHT 5.0000
0 !LPUB PLI MODEL_SCALE  1.0000
0 !LPUB PLI MARGINS 0.1500 0.7500
0 !LPUB PLI PLACEMENT TOP_RIGHT PAGE INSIDE OFFSET 0.0000 0.0000
0 !LPUB PLI INSTANCE_COUNT FONT "Noto Sans,36,-1,0,75,0,0,0,0,0,Bold"
0 !LPUB PLI INSTANCE_COUNT FONT_COLOR "#666666"
0 !LPUB PLI INSTANCE_COUNT MARGINS 0.0125 0.0125
0 !LPUB PLI INSTANCE_COUNT MARGINS 0.0125 0.3000
0
0 // LPUB[3D] STEP NUMBER
0 !LPUB STEP_NUMBER FONT "Noto Sans,72,-1,0,75,0,0,0,0,0,Bold"
0 !LPUB STEP_NUMBER FONT_COLOR "#666666"
0 !LPUB STEP_NUMBER MARGINS 0.1250 0.0000
0 !LPUB STEP_NUMBER PLACEMENT TOP_LEFT PAGE INSIDE OFFSET 0.0000 0.0000
0
0 // LPUB[3D] BEGIN INSTRUCTIONS ///////////////////////////////////////////////
0
0 STEP
0 !LPUB INSERT COVER_PAGE FRONT
0 STEP
0 !LPUB ASSEM MODEL_SCALE LOCAL 0.7500
1 0 0 0 0 1 0 0 0 1 0 0 0 1 00-model.ldr
0 STEP
0
0 // LPUB[3D] DISABLE FINAL MODEL SHOWCASE /////////////////////////////////////
0
0 !LPUB NOSTEP
0
0 // LPUB[3D] BOM PAGES
0 STEP
0 !LPUB INSERT PAGE
0 !LPUB INSERT BOM
0 STEP
0 !LPUB INSERT PAGE
0 !LPUB INSERT BOM
0 STEP
0 !LPUB INSERT PAGE
0 !LPUB INSERT BOM
0 STEP
0 !LPUB INSERT PAGE
0 !LPUB INSERT BOM
0 STEP
0 !LPUB INSERT PAGE
0 !LPUB INSERT BOM
0 STEP
0 !LPUB INSERT PAGE
0 !LPUB INSERT BOM
0 STEP
0 !LPUB INSERT PAGE
0 !LPUB INSERT BOM
0 STEP
0 !LPUB INSERT PAGE
0 !LPUB INSERT BOM
0 STEP
0 !LPUB INSERT PAGE
0 !LPUB INSERT BOM
0 STEP
0 !LPUB INSERT PAGE
0 !LPUB INSERT BOM
0 STEP
0 !LPUB INSERT PAGE
0 !LPUB INSERT BOM
0 STEP
0 !LPUB INSERT PAGE
0 !LPUB INSERT BOM
0 STEP
0
0 !LPUB NOSTEP
0
0 !LPUB INSERT COVER_PAGE BACK
0
0 // LPUB[3D] END INSTRUCTIONS /////////////////////////////////////////////////
0
0 NOFILE
0 FILE 00-model.ldr
0 Name: 00-model.ldr
0 Author: Nathanel Titane // nathanel.titane@gmail.com // All Rights Reserved
1 0 0 0 0 1 0 0 0 0 -1 0 1 0 05-waist.ldr
0 STEP
1 0 0 -50 0 1 0 0 0 0 -1 0 1 0 08-01-torso.ldr
0 STEP
0 NOFILE
0 FILE 01-foot.ldr
0 Name: 01-foot.ldr
0 Author: Nathanel Titane // nathanel.titane@gmail.com // All Rights Reserved
1 0 0 20 -10 0 1 0 0 0 1 1 0 0 32174.dat
1 0 0 0 -10 0 0 1 0 -1 0 1 0 0 32474.dat
1 0 0 -10 -10 0 1 0 -1 0 0 0 0 1 32062.dat
1 0 0 -20 -10 0 0 -1 0 1 0 1 0 0 32474.dat
1 0 0 20 10 0 1 0 0 0 1 1 0 0 32062.dat
1 0 0 20 -40 0 1 0 0 0 1 1 0 0 4519.dat
1 0 10 40 -10 0 1 0 0 0 1 1 0 0 20482.dat
1 0 -10 40 -10 0 -1 0 0 0 -1 1 0 0 20482.dat
0 STEP
1 0 0 10 20 1 0 0 0 1 0 0 0 1 32064.dat
1 71 0 34 20 1 0 0 0 1 0 0 0 1 3023.dat
1 72 0 34 40 -1 0 0 0 1 0 0 0 -1 32803.dat
1 0 0 10 40 1 0 0 0 1 0 0 0 1 32000.dat
1 72 0 2 30 1 0 0 0 1 0 0 0 1 3068b.dat
0 STEP
1 0 0 10 -40 1 0 0 0 1 0 0 0 1 32064.dat
1 0 0 10 -60 1 0 0 0 1 0 0 0 1 32064.dat
1 71 0 34 -70 0 0 1 0 1 0 -1 0 0 3022.dat
1 72 0 34 -40 -1 0 0 0 1 0 0 0 -1 32803.dat
1 72 -10 42 -100 0 0 -1 0 1 0 1 0 0 35459.dat
1 72 10 42 -100 0 0 -1 0 1 0 1 0 0 35459.dat
1 71 0 34 -110 0 0 1 0 1 0 -1 0 0 3068b.dat
1 0 -10 10 -80 1 0 0 0 1 0 0 0 1 4070.dat
1 0 10 10 -80 1 0 0 0 1 0 0 0 1 4070.dat
1 71 0 20 -94 -1 0 0 0 0 1 0 1 0 3023.dat
1 72 0 2 -60 0 0 1 0 1 0 -1 0 0 3021.dat
1 71 0 -6 -50 0 0 1 0 1 0 -1 0 0 3022.dat
1 72 0 10 -90 1 0 0 0 1 0 0 0 1 15068.dat
0 STEP
1 0 0 20 -118 1 0 0 0 0 -1 0 1 0 3937.dat
1 71 0 20 -118 1 0 0 0 0 -1 0 1 0 3938.dat
1 0 0 20 -142 1 0 0 0 0 -1 0 1 0 3937.dat
1 71 0 27.059 -139 1 0 0 0 -0.707107 -0.707107 0 0.707107 -0.707107 3938.dat
1 0 0 44.029 -155.971 1 0 0 0 -0.707107 -0.707107 0 0.707107 -0.707107 3937.dat
1 71 0 47 -149.001 1 0 0 0 -1 0 0 0 -1 3938.dat
1 0 0 71 -149 1 0 0 0 -1 0 0 0 -1 3937.dat
1 71 0 61 -139 1 0 0 0 0 1 0 -1 0 3938.dat
1 0 0 61 -115 1 0 0 0 0 1 0 -1 0 3937.dat
1 71 0 61 -115 1 0 0 0 0 1 0 -1 0 3938.dat
1 0 0 61 -91 1 0 0 0 0 1 0 -1 0 3937.dat
1 71 0 61 -91 1 0 0 0 0 1 0 -1 0 3938.dat
1 0 0 61 -67 1 0 0 0 0 1 0 -1 0 3937.dat
1 71 0 61 -67 1 0 0 0 0 1 0 -1 0 3938.dat
1 0 0 61 -43 1 0 0 0 0 1 0 -1 0 3937.dat
1 71 0 61 -43 1 0 0 0 0 1 0 -1 0 3938.dat
1 0 0 61 -19 1 0 0 0 0 1 0 -1 0 3937.dat
1 71 0 61 -19 1 0 0 0 0 1 0 -1 0 3938.dat
1 0 0 61 5 1 0 0 0 0 1 0 -1 0 3937.dat
1 71 0 61 5 1 0 0 0 0 1 0 -1 0 3938.dat
1 0 0 61 29 1 0 0 0 0 1 0 -1 0 3937.dat
1 71 0 61 29 1 0 0 0 0 1 0 -1 0 3938.dat
1 0 0 61 53 1 0 0 0 0 1 0 -1 0 3937.dat
1 71 0 54.059 50 1 0 0 0 0.707107 0.707107 0 -0.707107 0.707107 3938.dat
1 0 0 37.089 66.971 1 0 0 0 0.707107 0.707107 0 -0.707107 0.707107 3937.dat
1 71 0 34.118 60.001 1 0 0 0 1 0 0 0 1 3938.dat
1 0 0 10.118 60 1 0 0 0 1 0 0 0 1 3937.dat
1 71 0 20.118 50 1 0 0 0 0 -1 0 1 0 3938.dat
0 STEP
1 72 -10 -14 -40 0 0 1 0 1 0 -1 0 0 28192.dat
1 72 -10 -14 -60 0 0 1 0 1 0 -1 0 0 28192.dat
1 72 10 -14 -60 0 0 -1 0 1 0 1 0 0 28192.dat
1 72 10 -14 -40 0 0 -1 0 1 0 1 0 0 28192.dat
0 STEP
1 72 -30 10 -50 1 0 0 0 1 0 0 0 1 42022.dat
1 72 -30 34 -150 0 0 1 0 1 0 -1 0 0 2743.dat
1 72 -30 34 -100 -1 0 0 0 1 0 0 0 -1 3665.dat
1 72 -30 58 -120 0 0 -1 0 1 0 1 0 0 3623.dat
1 71 -30 34 -50 0 0 -1 0 1 0 1 0 0 60478.dat
1 0 -30 42 -60 1 0 0 0 1 0 0 0 1 3040.dat
1 0 -30 42 -40 -1 0 0 0 1 0 0 0 -1 3040.dat
1 0 -30 66 -50 0 0 1 0 1 0 -1 0 0 3710.dat
0 STEP
1 0 -30 31.757 -15.757 0 0 1 0.707107 -0.707107 0 0.707107 0.707107 0 2555.dat
1 0 -30 40.243 4.042 0 0 -1 -0.707107 -0.707107 0 -0.707107 0.707107 0 3622.dat
1 0 -30 23.272 21.012 1 0 0 0 -0.707107 -0.707107 0 0.707107 -0.707107 2341.dat
1 0 -30 47.314 11.113 0 0 1 0.707107 -0.707107 0 0.707107 0.707107 0 85984.dat
0 STEP
1 72 30 10 -50 1 0 0 0 1 0 0 0 1 42022.dat
1 72 30 34 -150 0 0 1 0 1 0 -1 0 0 2743.dat
1 72 30 34 -100 -1 0 0 0 1 0 0 0 -1 3665.dat
1 72 30 58 -120 0 0 -1 0 1 0 1 0 0 3623.dat
1 71 30 34 -50 0 0 -1 0 1 0 1 0 0 60478.dat
1 0 30 42 -60 1 0 0 0 1 0 0 0 1 3040.dat
1 0 30 42 -40 -1 0 0 0 1 0 0 0 -1 3040.dat
1 0 30 66 -50 0 0 1 0 1 0 -1 0 0 3710.dat
0 STEP
1 0 30 31.757 -15.757 0 0 1 0.707107 -0.707107 0 0.707107 0.707107 0 2555.dat
1 0 30 40.243 4.042 0 0 -1 -0.707107 -0.707107 0 -0.707107 0.707107 0 3622.dat
1 0 30 23.272 21.012 1 0 0 0 -0.707107 -0.707107 0 0.707107 -0.707107 2341.dat
1 0 30 47.314 11.113 0 0 -1 -0.707107 -0.707107 0 -0.707107 0.707107 0 85984.dat
0 NOFILE
0 FILE 02-shin.ldr
0 Name: 02-shin.ldr
0 Author: Nathanel Titane // nathanel.titane@gmail.com // All Rights Reserved
1 0 0 0 50 0 0 -1 0 1 0 1 0 0 92013.dat
1 0 0 0 10 0 0 1 0 1 0 -1 0 0 92013.dat
1 71 0 24 60 1 0 0 0 1 0 0 0 1 3938.dat
1 0 -10 24 20 1 0 0 0 1 0 0 0 1 2341.dat
1 0 10 24 20 1 0 0 0 1 0 0 0 1 2341.dat
0 STEP
1 0 -10 -8 60 0 0 1 0 1 0 -1 0 0 2555.dat
1 0 10 -8 60 0 0 1 0 1 0 -1 0 0 2555.dat
1 72 0 -24 0 -1 0 0 0 1 0 0 0 -1 3298.dat
1 0 0 -32 0 1 0 -0.000053 0 1 0 0.000053 0 1 32028.dat
1 0 0 -40 0 1 0 -0.000053 0 1 0 0.000053 0 1 32028.dat
1 0 10 -48 0 0 0 -1 0 1 0 1 0 0 2555.dat
1 0 -10 -48 0 0 0 -1 0 1 0 1 0 0 2555.dat
0 STEP
1 71 0 -29.556 72.728 1 0 0 0 0.707107 -0.707107 0 0.707107 0.707107 48336.dat
1 71 -10 -38.0411 92.5271 -1 0 0 0 0.707107 0.707107 0 0.707107 -0.707107 2341.dat
1 71 10 -38.0411 92.5271 -1 0 0 0 0.707107 0.707107 0 0.707107 -0.707107 2341.dat
1 71 0 -50.77 93.941 -1 0 0 0 0.707107 0.707107 0 0.707107 -0.707107 3956.dat
1 71 0 -90.368 105.255 1 0 0 0 0.707107 0.707107 0 -0.707107 0.707107 3068b.dat
1 71 0.0003 -60.6689 69.8999 0.000026 0 1 0.707107 0.707107 -0.000019 -0.707107 0.707107 0.000019 3002.dat
1 71 0 -77.64 52.929 1 0 0 0 0.707107 -0.707107 0 0.707107 0.707107 3039.dat
1 71 -10 -91.782 67.071 0 0 1 0.707107 0.707107 0 -0.707107 0.707107 0 4070.dat
1 71 10 -91.782 67.071 0 0 -1 -0.707107 0.707107 0 0.707107 0.707107 0 4070.dat
1 71 0 -90.3681 54.3429 1 0 0 0 0.707107 -0.707107 0 0.707107 0.707107 3068b.dat
0 STEP
1 0 0 28.264 51.809 -1 0 0 0 0.573577 0.819152 0 0.819152 -0.573577 3937.dat
1 72 0 41.045 52.626 0 0 -1 -0.819152 0.573577 0 0.573577 0.819152 0 4871.dat
1 71 0 53.825 53.444 1 0 0 0 0.573577 -0.819152 0 0.819152 0.573577 32028.dat
1 71 0 49.2364 46.8908 1 0 0 0 0.573577 -0.819152 0 0.819152 0.573577 32028.dat
1 0 0 44.6478 40.3376 1 0 0 0 0.573577 -0.819152 0 0.819152 0.573577 3069b.dat
0 STEP
1 0 0 -50 -6 -1 0 0 0 -1 0 0 0 1 2432.dat
1 4 0 -66 -16 0 0 -1 0 -1 0 -1 0 0 4871.dat
1 4 -10 -90 -26 1 0 0 0 -1 0 0 0 -1 3665.dat
1 4 10 -90 -26 1 0 0 0 -1 0 0 0 -1 3665.dat
1 0 0 -74 -26 -1 0 0 0 -1 0 0 0 1 3069b.dat
1 4 30 -58 -16 -1 0 0 0 -1 0 0 0 1 92946.dat
1 0 30 -50 -6 -1 0 0 0 -1 0 0 0 1 4073.dat
1 71 30 -42 -6 -1 0 0 0 -1 0 0 0 1 98138.dat
1 4 -30 -58 -16 -1 0 0 0 -1 0 0 0 1 92946.dat
1 0 -30 -50 -6 -1 0 0 0 -1 0 0 0 1 4073.dat
1 71 -30 -42 -6 -1 0 0 0 -1 0 0 0 1 98138.dat
0 STEP
1 72 -30 2.704 50.173 0 0 1 0.819152 0.573577 0 -0.573577 0.819152 0 3622.dat
1 72 -30 16.47 69.834 -1 0 0 0 0.573577 0.819152 0 0.819152 -0.573577 3665.dat
1 72 -30 35.47 27.23 1 0 0 0 0.573577 -0.819152 0 0.819152 0.573577 4287.dat
1 72 -29.9997 46.2784 -9.6371 0.000026 0 1 0.819152 0.573577 -0.000021 -0.573577 0.819152 0.000015 3004.dat
1 72 -30 -2.8702 24.7772 0.000105 0 1 0.819152 0.573577 -0.000086 -0.573577 0.819152 0.00006 30414.dat
1 72 -30 24.321 -23.561 1 0 0 0 0.573577 -0.819152 0 0.819152 0.573577 3040.dat
1 72 -30.0008 -0.2536 -6.3537 0.000026 0 1 0.819152 0.573577 -0.000021 -0.573577 0.819152 0.000015 3004.dat
1 72 -30 -24.827 10.854 -1 0 0 0 0.573577 0.819152 0 0.819152 -0.573577 3040.dat
1 72 -30 -16.636 5.118 0 0 1 0.819152 0.573577 0 -0.573577 0.819152 0 85984.dat
1 72 -30 16.13 -17.825 0 0 1 0.819152 0.573577 0 -0.573577 0.819152 0 85984.dat
0 STEP
1 71 -47.9996 -15.9766 58.372 -0.00008 1 -0.000052 0.573599 0.000089 0.819137 0.819137 0.000035 -0.573599 99781.dat
1 71 -48.0012 8.5975 41.164 -0.00008 1 -0.000052 0.573599 0.000089 0.819137 0.819137 0.000035 -0.573599 3022.dat
1 71 -48.0027 33.1707 23.9548 0.000081 1 0.000052 -0.573641 0.000089 -0.819107 -0.819107 0.000036 0.573641 48336.dat
1 72 -56.0012 24.984 29.6886 0 1 -0.000026 -0.819152 0.000015 0.573577 0.573577 0.000022 0.819152 35787.dat
1 72 -56.0012 24.984 29.6886 0 1 0.000026 0.819152 0.000015 -0.573577 -0.573577 0.000022 -0.819152 35787.dat
1 72 -56.0012 -7.782 52.6316 0 1 -0.000026 -0.819152 0.000015 0.573577 0.573577 0.000022 0.819152 35787.dat
1 72 -56.0012 -7.782 52.6316 0 1 0.000026 0.819152 0.000015 -0.573577 -0.573577 0.000022 -0.819152 35787.dat
1 72 -38 -27.4429 66.3978 0 0 1 -0.573555 0.819167 0 -0.819167 -0.573555 0 85984.dat
0 STEP
1 72 30 2.704 50.173 0 0 1 0.819152 0.573577 0 -0.573577 0.819152 0 3622.dat
1 72 30 16.47 69.834 -1 0 0 0 0.573577 0.819152 0 0.819152 -0.573577 3665.dat
1 72 30 35.47 27.23 1 0 0 0 0.573577 -0.819152 0 0.819152 0.573577 4287.dat
1 72 30.0003 46.2784 -9.6371 0.000026 0 1 0.819152 0.573577 -0.000021 -0.573577 0.819152 0.000015 3004.dat
1 72 29.9989 -2.8702 24.7772 -0.000053 0 -1 -0.819152 0.573577 0.000043 0.573577 0.819152 -0.00003 30414.dat
1 72 30 24.321 -23.561 1 0 0 0 0.573577 -0.819152 0 0.819152 0.573577 3040.dat
1 72 29.9992 -0.2536 -6.3537 0.000026 0 1 0.819152 0.573577 -0.000021 -0.573577 0.819152 0.000015 3004.dat
1 72 30 -24.827 10.854 -1 0 0 0 0.573577 0.819152 0 0.819152 -0.573577 3040.dat
1 72 30 -16.636 5.118 0 0 -1 -0.819152 0.573577 0 0.573577 0.819152 0 85984.dat
1 72 30 16.13 -17.825 0 0 -1 -0.819152 0.573577 0 0.573577 0.819152 0 85984.dat
0 STEP
1 71 47.9988 -15.969 58.3741 0.000079 -1 0 -0.573555 -0.000045 0.819167 -0.819167 -0.000064 -0.573555 99781.dat
1 71 47.9988 8.606 41.1674 0.000079 -1 0 -0.573555 -0.000045 0.819167 -0.819167 -0.000064 -0.573555 3022.dat
1 71 47.9988 33.1819 23.9621 -0.00008 -1 0 0.573512 -0.000046 -0.819197 0.819197 -0.000065 0.573512 48336.dat
1 72 55.9988 24.9826 29.6865 0.000027 -1 0 0.573577 0.000015 -0.819152 0.819152 0.000022 0.573577 35787.dat
1 72 55.9988 24.9889 29.6955 0.000079 -1 0 -0.573577 -0.000045 0.819152 -0.819152 -0.000065 -0.573577 35787.dat
1 72 55.9988 -7.7835 52.6295 0.000027 -1 0 0.573577 0.000015 -0.819152 0.819152 0.000022 0.573577 35787.dat
1 72 55.9988 -7.7772 52.6385 0.000079 -1 0 -0.573577 -0.000045 0.819152 -0.819152 -0.000065 -0.573577 35787.dat
1 72 38 -27.4429 66.3978 0 0 -1 0.573555 0.819167 0 0.819167 -0.573555 0 85984.dat
0 STEP
1 0 0 23.321 -47.9597 1 0 0 0 0.173648 0.984808 0 -0.984808 0.173648 01-foot.ldr
0 NOFILE
0 FILE 04-01-foreleg.ldr
0 Name: 04-01-foreleg.ldr
0 Author: Nathanel Titane // nathanel.titane@gmail.com // All Rights Reserved
1 72 -10 24 60 -1 0 0 0 1 0 0 0 -1 4287.dat
1 72 10 24 60 -1 0 0 0 1 0 0 0 -1 4287.dat
1 72 10 24 40 1 0 0 0 1 0 0 0 1 4287.dat
1 72 -10 24 40 1 0 0 0 1 0 0 0 1 4287.dat
1 72 0 0 90 0 0 -1 0 1 0 1 0 0 48170.dat
1 72 0 0 40 0 0 -1 0 1 0 1 0 0 3002.dat
0 STEP
1 72 0 0 0 1 0 0 0 1 0 0 0 1 32064.dat
1 0 0 10 -10 0 0 1 0 1 0 -1 0 0 32062.dat
1 0 0 10 -20 0 0 1 1 0 0 0 1 0 32474.dat
0 STEP
1 72 0 -24 40 1 0 0 0 1 0 0 0 1 3298.dat
1 72 0 -24 60 -1 0 0 0 1 0 0 0 -1 3298.dat
0 STEP
1 0 0 0 -110 1 0 0 0 1 0 0 0 1 02-shin.ldr
0 STEP
1 0 -38 11 90 1 0 0 0 0 1 0 -1 0 06-01-side-skirt.ldr
0 NOFILE
0 FILE 04-02-foreleg.ldr
0 Name: 04-02-foreleg.ldr
0 Author: Nathanel Titane // nathanel.titane@gmail.com // All Rights Reserved
1 72 -10 24 60 -1 0 0 0 1 0 0 0 -1 4287.dat
1 72 10 24 60 -1 0 0 0 1 0 0 0 -1 4287.dat
1 72 10 24 40 1 0 0 0 1 0 0 0 1 4287.dat
1 72 -10 24 40 1 0 0 0 1 0 0 0 1 4287.dat
1 72 0 0 90 0 0 -1 0 1 0 1 0 0 48170.dat
1 72 0 0 40 0 0 -1 0 1 0 1 0 0 3002.dat
0 STEP
1 72 0 0 0 1 0 0 0 1 0 0 0 1 32064.dat
1 0 0 10 -10 0 0 1 0 1 0 -1 0 0 32062.dat
1 0 0 10 -20 0 0 1 1 0 0 0 1 0 32474.dat
0 STEP
1 72 0 -24 40 1 0 0 0 1 0 0 0 1 3298.dat
1 72 0 -24 60 -1 0 0 0 1 0 0 0 -1 3298.dat
0 STEP
1 0 0 0 -110 1 0 0 0 1 0 0 0 1 02-shin.ldr
0 STEP
1 0 38 10 90 1 0 0 0 0 1 0 -1 0 06-02-side-skirt.ldr
0 NOFILE
0 FILE 05-waist.ldr
0 Name: 05-waist.ldr
0 Author: Nathanel Titane // nathanel.titane@gmail.com // All Rights Reserved
1 72 0 32 0 1 0 0 0 1 0 0 0 1 4871.dat
1 71 -10 24 -0.0003 0.000026 0 1 0 1 0 -1 0 0.000026 2877.dat
1 71 10 24 -0.0003 -0.000079 0 -1 0 1 0 1 0 -0.000079 2877.dat
1 72 0 24 30 1 0 0 0 1 0 0 0 1 3023.dat
1 72 0 24 -30 1 0 0 0 1 0 0 0 1 3023.dat
0 STEP
1 0 0 0 0 -1 0 0.000026 0 1 0 -0.000026 0 -1 48172.dat
1 0 10 0 0 0 0 1 0 1 0 -1 0 0 3700.dat
1 0 0 0 30 1 0 0 0 1 0 0 0 1 3700.dat
1 0 0 0 -30 1 0 0 0 1 0 0 0 1 32000.dat
0 STEP
1 72 0 -8 0 0 0 1 0 1 0 -1 0 0 3020.dat
1 72 0 -32 -10 1 0 0 0 1 0 0 0 1 3039.dat
1 72 -10 -32 20 0 0 1 0 1 0 -1 0 0 3660.dat
1 72 10 -32 20 0 0 -1 0 1 0 1 0 0 3660.dat
0 STEP
1 72 0 -56 10 -1 0 0 0 1 0 0 0 -1 3039.dat
1 72 0 -56 -10 1 0 0 0 1 0 0 0 1 3004.dat
1 72 0 -64 0 1 0 0 0 1 0 0 0 1 3068b.dat
0 STEP
1 72 -30 -56 20 0 0 1 0 1 0 -1 0 0 3937.dat
1 72 30 -56 20 0 0 -1 0 1 0 1 0 0 3937.dat
0 STEP
1 0 -10 10 -40 1 0 0 0 0 1 0 -1 0 4073.dat
1 0 10 10 -40 1 0 0 0 0 1 0 -1 0 4073.dat
1 0 0 10 40 0 0 1 0 1 0 -1 0 0 2780.dat
1 0 -60 10 0 1 0 0 0 1 0 0 0 1 47455.dat
1 0 60 10 0 -1 0 0 0 1 0 0 0 -1 47455.dat
0 STEP
1 71 0 66 20 1 0 0 0 0 1 0 -1 0 52107.dat
1 72 0 66 28 1 0 0 0 0 1 0 -1 0 2431.dat
1 72 -30 66 20 0 0 1 -1 0 0 0 -1 0 4070.dat
1 72 30 66 20 0 0 -1 1 0 0 0 -1 0 4070.dat
1 72 0 66 -4 -1 0 0 0 0 -1 0 -1 0 30414.dat
1 72 0 66 -28 -1 0 0 0 0 -1 0 -1 0 30414.dat
1 72 -10 66 -52 0 0 1 -1 0 0 0 -1 0 3665.dat
1 72 10 66 -52 0 0 -1 1 0 0 0 -1 0 3665.dat
0 STEP
1 72 0 84 10 1 0 0 0 -1 0 0 0 -1 3069b.dat
1 72 -20 84 -14 1 0 0 0 -1 0 0 0 -1 3069b.dat
1 72 20 84 -14 1 0 0 0 -1 0 0 0 -1 3069b.dat
1 72 -20 84 -38 1 0 0 0 -1 0 0 0 -1 3069b.dat
1 72 20 84 -38 1 0 0 0 -1 0 0 0 -1 3069b.dat
0 STEP
1 0 -93.646 0 -125.57 0.965926 0 0.258819 0 1 0 -0.258819 0 0.965926 04-01-foreleg.ldr
0 STEP
1 0 93.646 0 -125.57 0.965926 0 -0.258819 0 1 0 0.258819 0 0.965926 04-02-foreleg.ldr
0 STEP
1 0 -37.071 -53.071 20 0.707107 0.707107 0 -0.707107 0.707107 0 0 0 1 07-01-front-skirt.ldr
0 STEP
1 0 51.213 -38.929 20 0.707107 -0.707107 0 0.707107 0.707107 0 0 0 1 07-02-front-skirt.ldr
0 NOFILE
0 FILE 06-01-side-skirt.ldr
0 Name: 06-01-side-skirt.ldr
0 Author: Nathanel Titane // nathanel.titane@gmail.com // All Rights Reserved
1 72 0 0 -10 0 0 -1 0 1 0 1 0 0 87087.dat
1 72 0 0 10 0 0 -1 0 1 0 1 0 0 87087.dat
1 72 0 24 10 1 0 0 0 1 0 0 0 1 3665.dat
1 72 0 -24 0 0 0 1 0 1 0 -1 0 0 3937.dat
1 71 -10 -14 0 0 1 0 0 0 -1 -1 0 0 6134.dat
0 STEP
1 71 -18 -4 0 0 1 0 0 0 -1 -1 0 0 3176.dat
1 71 -18 -34 0 0 1 0 0 0 1 1 0 0 32028.dat
0 STEP
1 72 -26 -24 0 0 1 0 0 0 -1 -1 0 0 3068b.dat
1 71 -26 16 0 0 1 0 0 0 -1 -1 0 0 4150.dat
0 STEP
1 72 18 0 0 0 -1 0 1 0 0 0 0 1 87580.dat
0 NOFILE
0 FILE 06-02-side-skirt.ldr
0 Name: 06-02-side-skirt.ldr
0 Author: Nathanel Titane // nathanel.titane@gmail.com // All Rights Reserved
1 72 0 0 10 0 0 1 0 1 0 -1 0 0 87087.dat
1 72 0 0 -10 0 0 1 0 1 0 -1 0 0 87087.dat
1 72 0 24 10 1 0 0 0 1 0 0 0 1 3665.dat
1 72 0 -24 0 0 0 -1 0 1 0 1 0 0 3937.dat
1 71 10 -14 0 0 -1 0 0 0 -1 1 0 0 6134.dat
0 STEP
1 71 18 -4 0 0 -1 0 0 0 -1 1 0 0 3176.dat
1 71 18 -34 0 0 -1 0 0 0 1 -1 0 0 32028.dat
0 STEP
1 72 26 -24 0 0 -1 0 0 0 -1 1 0 0 3068b.dat
1 71 26 16 0 0 -1 0 0 0 -1 1 0 0 4150.dat
0 STEP
1 72 -18 0 0 0 1 0 1 0 0 0 0 -1 87580.dat
0 NOFILE
0 FILE 07-01-front-skirt.ldr
0 Name: 07-01-front-skirt.ldr
0 Author: Nathanel Titane // nathanel.titane@gmail.com // All Rights Reserved
1 71 0 0 0 0 0 -1 0 1 0 1 0 0 6134.dat
1 71 0 -8 0 0 0 1 0 1 0 -1 0 0 60478.dat
1 71 -20 -8 0 0 0 1 0 1 0 -1 0 0 60478.dat
0 STEP
1 71 -20 -8 -60 0 0 -1 0 1 0 1 0 0 63868.dat
1 71 0 -8 -60 0 0 -1 0 1 0 1 0 0 63868.dat
1 71 -10 -16 -60 1 0 0 0 1 0 0 0 1 3176.dat
1 72 -10 -8 -90 1 0 0 0 1 0 0 0 1 4073.dat
1 72 -10 -16 -90 1 0 0 0 -1 0 0 0 -1 4073.dat
1 72 -10 -24 -60 1 0 0 0 1 0 0 0 1 35787.dat
1 72 -10 -24 -60 -1 0 0 0 1 0 0 0 -1 35787.dat
0 STEP
1 72 -20 -32 -10 -1 0 0 0 1 0 0 0 -1 3038.dat
1 72 -40 -8 10 1 0 0 0 1 0 0 0 1 3665.dat
0 STEP
1 72 -10 -48 -10 1 0 0 0 1 0 0 0 1 3069b.dat
1 72 -40 -32 -10 0 0 1 0 1 0 -1 0 0 54200.dat
1 71 -10 -40 -10 -1 0 0 0 1 0 0 0 -1 32028.dat
0 NOFILE
0 FILE 07-02-front-skirt.ldr
0 Name: 07-02-front-skirt.ldr
0 Author: Nathanel Titane // nathanel.titane@gmail.com // All Rights Reserved
1 71 -20 0 0 0 0 1 0 1 0 -1 0 0 6134.dat
1 71 0 -8 0 0 0 1 0 1 0 -1 0 0 60478.dat
1 71 -20 -8 0 0 0 1 0 1 0 -1 0 0 60478.dat
0 STEP
1 71 -20 -8 -60 0 0 -1 0 1 0 1 0 0 63868.dat
1 71 0 -8 -60 0 0 -1 0 1 0 1 0 0 63868.dat
1 71 -10 -16 -60 1 0 0 0 1 0 0 0 1 3176.dat
1 72 -10 -8 -90 1 0 0 0 1 0 0 0 1 4073.dat
1 72 -10 -16 -90 1 0 0 0 -1 0 0 0 -1 4073.dat
1 72 -10 -24 -60 0 0 -1 0 1 0 1 0 0 35787.dat
1 72 -10 -24 -60 0 0 1 0 1 0 -1 0 0 35787.dat
0 STEP
1 72 0 -32 -10 -1 0 0 0 1 0 0 0 -1 3038.dat
1 72 20 -8 10 1 0 0 0 1 0 0 0 1 3665.dat
0 STEP
1 72 -10 -48 -10 1 0 0 0 1 0 0 0 1 3069b.dat
1 72 20 -32 -10 0 0 -1 0 1 0 1 0 0 54200.dat
1 71 -10 -40 -10 -1 0 0 0 1 0 0 0 -1 32028.dat
0 NOFILE
0 FILE 08-01-torso.ldr
0 Name: 08-01-torso.ldr
0 Author: Nathanel Titane // nathanel.titane@gmail.com // All Rights Reserved
1 72 0 56 50 0 0 1 0 1 0 -1 0 0 30283.dat
1 72 -20 48 80 -1 0 0 0 1 0 0 0 -1 3937.dat
1 72 20 48 80 -1 0 0 0 1 0 0 0 -1 3937.dat
1 0 0 64 50 1 0 0 0 1 0 0 0 1 3068b.dat
1 0 -30 40 50 0 0 -1 0 1 0 1 0 0 2432.dat
1 0 30 40 50 0 0 1 0 1 0 -1 0 0 2432.dat
0 STEP
1 72 -70 32 49.9995 -0.000053 0 -1 0 1 0 1 0 -0.000053 3039.dat
1 72 -60 8 20 -1 0 0 0 1 0 0 0 -1 3245b.dat
1 72 -60 -40 20 -1 0 0 0 1 0 0 0 -1 3245b.dat
1 72 -60 -40 40 -1 0 0 0 1 0 0 0 -1 3298.dat
1 71 -50 -72 30 0 0 1 0 1 0 -1 0 0 2432.dat
1 71 -70 -48 30 0 0 1 0 1 0 -1 0 0 3794b.dat
1 72 -70 56 40 1 0 0 0 1 0 0 0 1 3665.dat
1 72 -70 56 60 -1 0 0 0 1 0 0 0 -1 3665.dat
1 71 -60 32 80 -1 0 0 0 1 0 0 0 -1 11211.dat
1 72 -70 8 70 0 0 1 0 1 0 -1 0 0 32064.dat
1 72 -50 8 80 -1 0 0 0 1 0 0 0 -1 4070.dat
1 72 -60 -16 80 1 0 0 0 1 0 0 0 1 3004.dat
1 72 -70.0008 -16 50.0003 0.000026 0 -1 0 1 0 1 0 0.000026 3660.dat
1 0 -60 42 98 1 0 0 0 0 1 0 -1 0 30383.dat
1 0 -80 18.0003 70 -1 0.000026 0 -0.000026 -1 0 0 0 1 32062.dat
1 0 -90 18 70 0 1 0 -1 0 0 0 0 1 32474.dat
1 72 -70 8 40 0 0 1 0 1 0 -1 0 0 4070.dat
0 STEP
1 72 69.9947 32 50.0074 0.000106 0 1 0 1 0 -1 0 0.000106 3039.dat
1 72 60 8 20 1 0 0 0 1 0 0 0 1 3245b.dat
1 72 60 -40 20 1 0 0 0 1 0 0 0 1 3245b.dat
1 72 60 -40 40 -1 0 0 0 1 0 0 0 -1 3298.dat
1 71 50 -72 30 0 0 -1 0 1 0 1 0 0 2432.dat
1 71 70 -48 30 0 0 1 0 1 0 -1 0 0 3794b.dat
1 72 70 56 40 1 0 0 0 1 0 0 0 1 3665.dat
1 72 70 56 60 -1 0 0 0 1 0 0 0 -1 3665.dat
1 71 60 32 80 -1 0 0 0 1 0 0 0 -1 11211.dat
1 0 60 42 98 -1 0 0 0 0 -1 0 -1 0 30383.dat
1 72 70 8 70 0 0 1 0 1 0 -1 0 0 32064.dat
1 72 69.9979 8 40.0037 -0.000053 0 -1 0 1 0 1 0 -0.000053 4070.dat
1 72 50 8 80 -1 0 0 0 1 0 0 0 -1 4070.dat
1 72 60 -16 80 1 0 0 0 1 0 0 0 1 3004.dat
1 72 69.9987 -16 50.0019 0.000027 0 1 0 1 0 -1 0 0.000027 3660.dat
1 0 80 18.0044 69.9916 1 0.000026 -0.000053 0.000026 -1 0 -0.000053 0 -1 32062.dat
1 0 90 18.0047 69.9911 0.000052 -1 -0.000053 -1 -0.000052 0 0 0.000053 -1 32474.dat
0 STEP
1 0 -20 48 20 1 0 0 0 1 0 0 0 1 3660.dat
1 0 20 48 20 1 0 0 0 1 0 0 0 1 3660.dat
1 0 0 16 20 -1 0 0 0 1 0 0 0 -1 2432.dat
0 STEP
1 0 -30 24 0 1 0 0 0 1 0 0 0 1 2357.dat
1 0 30 24 0 0 0 -1 0 1 0 1 0 0 2357.dat
1 0 0 0 0 1 0 0 0 1 0 0 0 1 3700.dat
1 0 -30 0 10 0 0 1 0 1 0 -1 0 0 3004.dat
1 0 30 0 10 0 0 1 0 1 0 -1 0 0 3004.dat
1 0 -30 -24 0 1 0 0 0 1 0 0 0 1 2357.dat
1 0 30 -24 0 0 0 -1 0 1 0 1 0 0 2357.dat
1 0 -30 -48 10 0 0 1 0 1 0 -1 0 0 3004.dat
1 0 30 -48 10 0 0 1 0 1 0 -1 0 0 3004.dat
1 0 0 -48 0 1 0 0 0 1 0 0 0 1 3937.dat
0 STEP
1 72 -30 -56 10 -1 0 0 0 1 0 0 0 -1 92946.dat
1 0 -30 -64 0 1 0 0 0 1 0 0 0 1 4073.dat
1 71 -30 -72 0 1 0 0 0 1 0 0 0 1 98138.dat
0 STEP
1 72 30 -56 10 -1 0 0 0 1 0 0 0 -1 92946.dat
1 0 30 -64 0 1 0 0 0 1 0 0 0 1 4073.dat
1 71 30 -72 0 1 0 0 0 1 0 0 0 1 98138.dat
0 STEP
1 0 0 -48 0 1 0 0 0 1 0 0 0 1 08-02-lock.ldr
0 STEP
1 0 0 24 60 1 0 0 0 1 0 0 0 1 08-03-hatch.ldr
0 STEP
1 0 0 4 108 1 0 0 0 1 0 0 0 1 09-head.ldr
0 STEP
1 0 0 100 70 1 0 0 0 0 1 0 -1 0 10-back-pack.ldr
0 STEP
1 0 -158.3696 8 -0.8911 0.939693 0 0.342019 0 1 0 -0.342019 0 0.939693 12-01-arm.ldr
0 STEP
1 0 158.3696 8 -0.8911 0.939693 0 -0.342019 0 1 0 0.342019 0 0.939693 12-02-arm.ldr
0 STEP
0 NOFILE
0 FILE 08-02-lock.ldr
0 Name: 08-02-lock.ldr
0 Author: Nathanel Titane // nathanel.titane@gmail.com // All Rights Reserved
1 72 -30 -24 40 1 0 0 0 1 0 0 0 1 3005.dat
1 15 -30 0 40 1 0 0 0 1 0 0 0 1 3024.dat
1 72 30 -24 40 1 0 0 0 1 0 0 0 1 3005.dat
1 15 30 0 40 1 0 0 0 1 0 0 0 1 3024.dat
1 71 0 0 0 1 0 0 0 1 0 0 0 1 6134.dat
1 71 0 -32 0 1 0 0 0 1 0 0 0 1 2432.dat
1 71 0 -24 20 -1 0 0 0 1 0 0 0 -1 3660.dat
1 71 0 -32 20 1 0 0 0 1 0 0 0 1 3069b.dat
1 71 -20 -32 40 0 0 1 0 1 0 -1 0 0 92946.dat
1 71 20 -32 40 0 0 -1 0 1 0 1 0 0 92946.dat
1 71 0 -40 40 1 0 0 0 1 0 0 0 1 3069b.dat
0 NOFILE
0 FILE 08-03-hatch.ldr
0 Name: 08-03-hatch.ldr
0 Author: Nathanel Titane // nathanel.titane@gmail.com // All Rights Reserved
1 71 -20 24 20 1 0 0 0 1 0 0 0 1 3938.dat
1 71 20 24 20 1 0 0 0 1 0 0 0 1 3938.dat
1 72 0 0 20 -1 0 0 0 1 0 0 0 -1 3937.dat
1 71 0 10 30 -1 0 0 0 0 -1 0 -1 0 6134.dat
1 0 0 0 38 1 0 0 0 0 1 0 -1 0 87580.dat
0 STEP
1 72 -30 0 20 1 0 0 0 1 0 0 0 1 87087.dat
1 72 30 0 20 1 0 0 0 1 0 0 0 1 87087.dat
1 71 -30 9.9995 1.9995 1 0 0 0 0.000026 -1 0 1 0.000026 4073.dat
1 15 -30 9.9993 -6.0005 1 0 0 0 0.000026 -1 0 1 0.000026 98138.dat
1 71 30 9.9995 1.9995 1 0 0 0 0.000026 -1 0 1 0.000026 4073.dat
1 15 30 9.9993 -6.0005 1 0 0 0 0.000026 -1 0 1 0.000026 98138.dat
0 STEP
1 15 30 -8 20 1 0 0 0 1 0 0 0 1 3024.dat
1 15 -30 -8 20 1 0 0 0 1 0 0 0 1 3024.dat
1 72 -30 -32 20 1 0 0 0 1 0 0 0 1 3665.dat
1 72 30 -32 20 1 0 0 0 1 0 0 0 1 3665.dat
0 STEP
1 72 20 -104 0 -1 0 0 0 1 0 0 0 -1 3684a.dat
1 72 -20 -104 0 -1 0 0 0 1 0 0 0 -1 3684a.dat
1 71 0 -32 20 -1 0 0 0 1 0 0 0 -1 6134.dat
0 STEP
1 72 20 -112 0 0 0 -1 0 1 0 1 0 0 92946.dat
1 72 -20 -112 0 0 0 1 0 1 0 -1 0 0 92946.dat
1 71 0 -120 0 1 0 0 0 1 0 0 0 1 48336.dat
1 71 0 -128 0 1 0 0 0 1 0 0 0 1 3069b.dat
0 NOFILE
0 FILE 09-head.ldr
0 Name: 09-head.ldr
0 Author: Nathanel Titane // nathanel.titane@gmail.com // All Rights Reserved
1 0 0 0 0 1 0 0 0 1 0 0 0 1 6541.dat
1 0 0 0 20 -1 0 0 0 1 0 0 0 -1 4070.dat
1 0 0 10 34 1 0 0 0 0 1 0 -1 0 3070b.dat
1 0 0 -8 10 0 0 1 0 1 0 -1 0 0 3023.dat
1 71 0 24 0 0 0 1 0 1 0 -1 0 0 2341.dat
1 71 0 24 20 0 0 1 0 1 0 -1 0 0 2341.dat
0 STEP
1 0 0 -32 10 0 0 1 0 1 0 -1 0 0 52107.dat
1 0 0 -80 0 -1 0 0 0 1 0 0 0 -1 60481.dat
1 41 0 -88 0 1 0 0 0 1 0 0 0 1 98138.dat
0 STEP
1 72 -18 -32 10 0 1 0 0 0 1 1 0 0 24299.dat
1 72 -26 -22 0 0 1 0 -1 0 0 0 0 1 3070b.dat
1 72 -10 -52 0 0 1 0 0 0 1 1 0 0 11477.dat
0 STEP
1 72 18 -32 10 0 -1 0 0 0 1 -1 0 0 24307.dat
1 72 26 -22 0 0 -1 0 -1 0 0 0 0 -1 3070b.dat
1 72 10 -52 0 0 -1 0 0 0 1 -1 0 0 11477.dat
0 STEP
1 71 -20 0 10 0 0 -1 0 1 0 1 0 0 3004.dat
1 71 -20 -24 10 0 0 -1 0 1 0 1 0 0 4865b.dat
0 STEP
1 71 20 0 10 0 0 -1 0 1 0 1 0 0 3004.dat
1 71 20 -24 10 0 0 1 0 1 0 -1 0 0 4865b.dat
0 NOFILE
0 FILE 10-back-pack.ldr
0 Name: 10-back-pack.ldr
0 Author: Nathanel Titane // nathanel.titane@gmail.com // All Rights Reserved
1 0 0 0 0 1 0 0 0 1 0 0 0 1 2434.dat
1 0 20 48 -10 -1 0 0 0 1 0 0 0 -1 3660.dat
1 0 -20 48 -10 -1 0 0 0 1 0 0 0 -1 3660.dat
0 STEP
1 0 10 72 -10 0 0 -1 0 1 0 1 0 0 3665.dat
1 0 -10 72 -10 0 0 1 0 1 0 -1 0 0 3665.dat
0 STEP
1 72 -20 -24 0 -1 0 0 0 1 0 0 0 -1 92013.dat
1 72 20 -24 0 1 0 0 0 1 0 0 0 1 92013.dat
1 0 10 -24 30.0005 -1 0 0.000053 0 1 0 -0.000053 0 -1 4070.dat
1 0 -10 -24 29.9995 -1 0 0.000053 0 1 0 -0.000053 0 -1 4070.dat
1 0 0 -32 10 0 0 1 0 1 0 -1 0 0 3021.dat
0 STEP
1 71 -10 -40 -10 1 0 0 0 1 0 0 0 1 98138.dat
1 71 10 -40 -10 1 0 0 0 1 0 0 0 1 98138.dat
1 0 0 -40 20 1 0 0 0 1 0 0 0 1 87580.dat
1 71 -10 -40 -10 1 0 0 0 1 0 0 0 1 98138.dat
1 71 10 -40 -10 1 0 0 0 1 0 0 0 1 98138.dat
1 72 30 -24 0 0 0 -1 0 1 0 1 0 0 85984.dat
1 72 -30 -24 0 0 0 1 0 1 0 -1 0 0 85984.dat
0 STEP
1 72 0 -40 20 1 0 0 0 -1 0 0 0 -1 15535.dat
1 72 0 -48 20 1 0 0 0 -1 0 0 0 -1 3941.dat
1 0 0 -72 20 1 0 0 0 -1 0 0 0 -1 4032.dat
1 72 0 -80 20 1 0 0 0 -1 0 0 0 -1 2654.dat
0 STEP
1 71 -40 20 0 0 -1 0 -1 0 0 0 0 -1 3956.dat
1 72 -48 20 0 0 -1 0 1 0 0 0 0 1 11203.dat
0 STEP
1 71 40 20 0 0 1 0 1 0 0 0 0 -1 3956.dat
1 72 48 20 0 0 1 0 1 0 0 0 0 -1 11203.dat
0 STEP
1 71 30 20.0032 36 -0.000053 0 -1 1 0 -0.000053 0 -1 0 48336.dat
1 72 -30 20 44 0 0 1 -1 0 0 0 -1 0 3794b.dat
1 72 30 20 44 0 0 -1 1 0 0 0 -1 0 3794b.dat
1 71 -30 20 36 0 0 1 -1 0 0 0 -1 0 48336.dat
1 72 0 20 44 1 0 0 0 0 1 0 -1 0 3068b.dat
1 71 10 19.9997 36 0.000026 0 -1 1 0 0.000026 0 -1 0 60478.dat
1 71 -10 20.0003 36 0.000026 0 -1 1 0 0.000026 0 -1 0 60478.dat
0 STEP
1 0 -60 -13 -0.0042 0.707107 -0.707107 0.000053 -0.707107 -0.707107 0 0.000037 -0.000037 -1 32474.dat
1 0 -66.364 -19.3639 -0.0025 -0.707107 -0.707107 -0.00009 0.707107 -0.707107 -0.000037 -0.000037 -0.00009 1 98100.dat
1 0 -83.3345 -36.3345 -0.0047 -0.707107 -0.707107 -0.00009 0.707107 -0.707107 -0.000037 -0.000037 -0.00009 1 3941.dat
1 0 -100.3051 -53.3051 -0.0068 -0.707107 -0.707107 -0.00009 0.707107 -0.707107 -0.000037 -0.000037 -0.00009 1 2654.dat
0 STEP
1 0 60 -13 0 -0.707107 0.707107 0 -0.707107 -0.707107 0 0 0 1 32474.dat
1 0 66.3639 -19.3639 -0.002 0.707107 0.707107 0.000037 0.707107 -0.707107 -0.000037 0 0.000052 -1 98100.dat
1 0 83.3345 -36.3345 -0.0007 0.707107 0.707107 0.000037 0.707107 -0.707107 -0.000037 0 0.000052 -1 3941.dat
1 0 100.3051 -53.3051 0.0005 0.707107 0.707107 0.000037 0.707107 -0.707107 -0.000037 0 0.000052 -1 2654.dat
0 STEP
1 0 30 18 72 1 0 0 0 1 0 0 0 1 19-mortar.ldr
0 STEP
1 0 -50.0025 30.0013 47.9964 1 -0.000053 0 0 0.000026 -1 0.000053 1 0.000026 18-rifle.ldr
0 NOFILE
0 FILE 11-shoulder-hinge-socket.ldr
0 Name: 11-shoulder-hinge-socket.ldr
0 Author: Nathanel Titane // nathanel.titane@gmail.com // All Rights Reserved
1 0 0 0 0 1 0 0 0 1 0 0 0 1 32174.dat
1 1 -20 0 0 1 0 0 0 1 0 0 0 1 43093.dat
1 1 20 0 0 -1 0 0 0 -1 0 0 0 1 43093.dat
1 1 0 10 20 0 1 0 -1 0 0 0 0 1 43093.dat
0 STEP
1 72 0 20 10 -1 0 0 0 0 1 0 1 0 3700.dat
1 72 0 30 34 -1 0 0 0 0 1 0 1 0 11203.dat
0 STEP
1 72 0 40 10 -1 0 0 0 0 1 0 1 0 3700.dat
1 72 0 30 2 -1 0 0 0 0 1 0 1 0 3068b.dat
0 STEP
1 1 0 50 20 0 -1 0 1 0 0 0 0 1 43093.dat
0 NOFILE
0 FILE 12-01-arm.ldr
0 Name: 12-01-arm.ldr
0 Author: Nathanel Titane // nathanel.titane@gmail.com // All Rights Reserved
1 72 0 0 0 0 0 1 0 1 0 -1 0 0 92013.dat
1 72 -10 24 30 1 0 0 0 1 0 0 0 1 4287.dat
1 72 10 24 30 1 0 0 0 1 0 0 0 1 4287.dat
1 72 0 0 30 1 0 0 0 1 0 0 0 1 32064.dat
0 STEP
1 72 0 -24 30 1 0 0 0 1 0 0 0 1 3298.dat
1 72 -10 -24 30 0 0 1 0 1 0 -1 0 0 54200.dat
1 72 10 -24 30 0 0 -1 0 1 0 1 0 0 54200.dat
0 STEP
1 0 20 10 90 0 0 -1 1 0 0 0 -1 0 11-shoulder-hinge-socket.ldr
0 STEP
1 0 0 8.6604 -62.3198 -1 0 0 0 -0.866026 0.5 0 0.5 0.866026 13-01-forearm.ldr
0 STEP
1 0 20 40 80 1 0 0 0 0 -1 0 1 0 15-01-shoulder.ldr
0 NOFILE
0 FILE 12-02-arm.ldr
0 Name: 12-02-arm.ldr
0 Author: Nathanel Titane // nathanel.titane@gmail.com // All Rights Reserved
1 72 0 0 0 0 0 1 0 1 0 -1 0 0 92013.dat
1 72 -10 24 30 1 0 0 0 1 0 0 0 1 4287.dat
1 72 10 24 30 1 0 0 0 1 0 0 0 1 4287.dat
1 72 0 0 30 1 0 0 0 1 0 0 0 1 32064.dat
0 STEP
1 72 0 -24 30 1 0 0 0 1 0 0 0 1 3298.dat
1 72 -10 -24 30 0 0 1 0 1 0 -1 0 0 54200.dat
1 72 10 -24 30 0 0 -1 0 1 0 1 0 0 54200.dat
0 STEP
1 0 -20 10 90 0 0 1 -1 0 0 0 -1 0 11-shoulder-hinge-socket.ldr
0 STEP
1 0 0 8.6604 -62.3198 -1 0 0 0 -0.866026 0.5 0 0.5 0.866026 13-02-forearm.ldr
0 STEP
1 0 -20 -20 80 -1 0 0 0 0 1 0 1 0 15-02-shoulder.ldr
0 NOFILE
0 FILE 13-01-forearm.ldr
0 Name: 13-01-forearm.ldr
0 Author: Nathanel Titane // nathanel.titane@gmail.com // All Rights Reserved
1 72 0 24 -10 1 0 0 0 1 0 0 0 1 3022.dat
1 71 0 24 -40 1 0 0 0 1 0 0 0 1 32803.dat
1 72 10 32 0 1 0 0 0 1 0 0 0 1 3024.dat
1 72 -10 32 0 1 0 0 0 1 0 0 0 1 3024.dat
0 STEP
1 72 0 0 0 1 0 0 0 1 0 0 0 1 32064.dat
1 72 0 0 -30 0 0 1 0 1 0 -1 0 0 92013.dat
1 0 0 10 10 0 0 -1 0 1 0 1 0 0 32062.dat
1 0 0 10 20 0 0 -1 1 0 0 0 -1 0 32474.dat
0 STEP
1 71 -10 -8 -10 0 0 1 0 1 0 -1 0 0 44728.dat
1 72 -32 12 -10 0 1 0 -1 0 0 0 0 1 35787.dat
1 72 -32 12 -10 0 1 0 1 0 0 0 0 -1 35787.dat
1 71 10 -8 -10 0 0 -1 0 1 0 1 0 0 44728.dat
1 72 32 12 -10 0 -1 0 0 0 -1 1 0 0 35787.dat
1 72 32 12 -10 0 -1 0 0 0 1 -1 0 0 35787.dat
1 71 0 -8 -40 1 0 0 0 1 0 0 0 1 32028.dat
0 STEP
1 72 0 -32 0 1 0 0 0 1 0 0 0 1 3298.dat
1 72 0 -40 10 0 0 -1 0 1 0 1 0 0 3068b.dat
0 STEP
1 72 0 -40 40 1 0 0 0 1 0 0 0 1 3069b.dat
1 71 10 -32 30 0 0 -1 0 1 0 1 0 0 99781.dat
1 71 -10 -32 30 0 0 1 0 1 0 -1 0 0 99781.dat
1 72 32 -22 30 0 -1 0 0 0 -1 1 0 0 3069b.dat
1 72 -32 -22 30 0 1 0 0 0 -1 -1 0 0 3069b.dat
1 72 0 -24 30 1 0 0 0 1 0 0 0 1 11203.dat
0 STEP
1 0 0 10 -70 -1 0 0 0 0 -1 0 -1 0 32474.dat
1 71 0 10 -80 0 0 -1 0 1 0 1 0 0 2736.dat
0 STEP
1 71 -15.5935 10 -98.104 0 -0.258819 -0.965926 1 0 0 0 -0.965926 0.258819 14-01-hand-01.ldr
0 NOFILE
0 FILE 13-02-forearm.ldr
0 Name: 13-02-forearm.ldr
0 Author: Nathanel Titane // nathanel.titane@gmail.com // All Rights Reserved
1 72 0 24 -10 1 0 0 0 1 0 0 0 1 3022.dat
1 71 0 24 -40 1 0 0 0 1 0 0 0 1 32803.dat
1 72 10 32 0 1 0 0 0 1 0 0 0 1 3024.dat
1 72 -10 32 0 1 0 0 0 1 0 0 0 1 3024.dat
0 STEP
1 72 0 0 0 1 0 0 0 1 0 0 0 1 32064.dat
1 72 0 0 -30 0 0 1 0 1 0 -1 0 0 92013.dat
1 0 0 10 10 0 0 -1 0 1 0 1 0 0 32062.dat
1 0 0 10 20 0 0 -1 1 0 0 0 -1 0 32474.dat
0 STEP
1 71 -10 -8 -10 0 0 1 0 1 0 -1 0 0 44728.dat
1 72 -32 12 -10 0 1 0 -1 0 0 0 0 1 35787.dat
1 72 -32 12 -10 0 1 0 1 0 0 0 0 -1 35787.dat
1 71 10 -8 -10 0 0 -1 0 1 0 1 0 0 44728.dat
1 72 32 12 -10 0 -1 0 0 0 -1 1 0 0 35787.dat
1 72 32 12 -10 0 -1 0 0 0 1 -1 0 0 35787.dat
1 71 0 -8 -40 1 0 0 0 1 0 0 0 1 32028.dat
0 STEP
1 72 0 -32 0 1 0 0 0 1 0 0 0 1 3298.dat
