0 FILE 00-instructions.ldr
0 Name: 00-instructions.ldr
0 Author: Nathanel Titane // nathanel.titane@gmail.com // All Rights Reserved
0
0 // LPUB[3D] FRONT COVER PAGE /////////////////////////////////////////////////
0
0 !LPUB PAGE DOCUMENT_TITLE_FRONT COLOR "#666666"
0 !LPUB PAGE DOCUMENT_TITLE_FRONT CONTENT GLOBAL "MODEL // RT-7139 ROTOR // ROVER"
0 !LPUB PAGE DOCUMENT_TITLE_FRONT DISPLAY GLOBAL TRUE
0 !LPUB PAGE DOCUMENT_TITLE_FRONT FONT "Noto Sans,72,-1,0,75,0,0,0,0,0,Bold"
0 !LPUB PAGE DOCUMENT_TITLE_FRONT MARGINS 0.2500 0.1000
0 !LPUB PAGE DOCUMENT_TITLE_FRONT PLACEMENT GLOBAL TOP_LEFT PAGE INSIDE OFFSET 0.0000 0.0000

0 !LPUB PAGE DOCUMENT_AUTHOR_FRONT CONTENT GLOBAL "MODEL DESIGN AND INSTRUCTIONS // NATHANEL TITANE"
0 !LPUB PAGE DOCUMENT_AUTHOR_FRONT COLOR "#666666"
0 !LPUB PAGE DOCUMENT_AUTHOR_FRONT DISPLAY GLOBAL TRUE
0 !LPUB PAGE DOCUMENT_AUTHOR_FRONT FONT "Noto Sans,18,-1,0,75,0,0,0,0,0,Bold"
0 !LPUB PAGE DOCUMENT_AUTHOR_FRONT MARGINS 0.3000 1.0000
0 !LPUB PAGE DOCUMENT_AUTHOR_FRONT PLACEMENT TOP_LEFT PAGE INSIDE OFFSET 0.0000 0.0000

0 !LPUB PAGE MODEL_PARTS COLOR "#666666"
0 !LPUB PAGE MODEL_PARTS CONTENT GLOBAL "728 PIECES"
0 !LPUB PAGE MODEL_PARTS DISPLAY GLOBAL TRUE
0 !LPUB PAGE MODEL_PARTS FONT "Noto Sans,72,-1,0,75,0,0,0,0,0,Bold"
0 !LPUB PAGE MODEL_PARTS MARGINS 0.2500 0.1000
0 !LPUB PAGE MODEL_PARTS PLACEMENT GLOBAL BOTTOM_LEFT PAGE INSIDE OFFSET 0.0000 0.0000

0 !LPUB PAGE PUBLISH_DESCRIPTION COLOR "#666666"
0 !LPUB PAGE PUBLISH_DESCRIPTION CONTENT GLOBAL "MECHA // BLOCKS - Where LEGO® and Open Source Meet"
0 !LPUB PAGE PUBLISH_DESCRIPTION DISPLAY GLOBAL TRUE
0 !LPUB PAGE PUBLISH_DESCRIPTION FONT "Noto Sans,36,-1,0,75,0,0,0,0,0,Bold"
0 !LPUB PAGE PUBLISH_DESCRIPTION MARGINS 0.2000 0.2000
0 !LPUB PAGE PUBLISH_DESCRIPTION PLACEMENT GLOBAL BOTTOM_RIGHT PAGE INSIDE OFFSET 0.0000 0.0000
0
0 // LPUB[3D] BACK COVER PAGE //////////////////////////////////////////////////
0
0 // LPUB[3D] DOCUMENT DISCLAIMER
0 !LPUB PAGE LEGO_DISCLAIMER COLOR "#666666"
0 !LPUB PAGE LEGO_DISCLAIMER CONTENT GLOBAL "LEGO® // REGISTERED TRADEMARK OF THE LEGO GROUP"
0 !LPUB PAGE LEGO_DISCLAIMER DISPLAY GLOBAL TRUE
0 !LPUB PAGE LEGO_DISCLAIMER FONT "Noto Sans,36,-1,0,75,0,0,0,0,0,Bold"
0 !LPUB PAGE LEGO_DISCLAIMER PLACEMENT GLOBAL CENTER PAGE INSIDE OFFSET 0.0000 -0.2500
0
0 // LPUB[3D] PAGE DOCUMENT AUTHOR
0 !LPUB PAGE DOCUMENT_AUTHOR_BACK COLOR "#666666"
0 !LPUB PAGE DOCUMENT_AUTHOR_BACK CONTENT GLOBAL "MODEL DESIGN AND INSTRUCTIONS // NATHANEL TITANE"
0 !LPUB PAGE DOCUMENT_AUTHOR_BACK DISPLAY GLOBAL TRUE
0 !LPUB PAGE DOCUMENT_AUTHOR_BACK FONT "Noto Sans,36,-1,0,75,0,0,0,0,0,Bold"
0 !LPUB PAGE DOCUMENT_AUTHOR_BACK PLACEMENT CENTER PAGE INSIDE OFFSET 0.0000 -0.2000
0
0 // LPUB[3D] PAGE PUBLICATION COPYRIGHT
0 !LPUB PAGE PUBLISH_COPYRIGHT_BACK COLOR "#666666"
0 !LPUB PAGE PUBLISH_COPYRIGHT_BACK CONTENT GLOBAL "COPYRIGHT // ALL RIGHTS RESERVED"
0 !LPUB PAGE PUBLISH_COPYRIGHT_BACK DISPLAY GLOBAL TRUE
0 !LPUB PAGE PUBLISH_COPYRIGHT_BACK FONT "Noto Sans,36,-1,0,75,0,0,0,0,0,Bold"
0 !LPUB PAGE PUBLISH_COPYRIGHT_BACK PLACEMENT GLOBAL CENTER PAGE INSIDE OFFSET 0.0000 -0.1500
0
0 // LPUB[3D] PAGE PUBLICATION EMAIL
0 !LPUB PAGE PUBLISH_EMAIL_BACK COLOR "#666666"
0 !LPUB PAGE PUBLISH_EMAIL_BACK CONTENT GLOBAL "CONTACT // NATHANEL.TITANE@GMAIL.COM // INFO@LEGOLINUX.COM"
0 !LPUB PAGE PUBLISH_EMAIL_BACK DISPLAY GLOBAL TRUE
0 !LPUB PAGE PUBLISH_EMAIL_BACK FONT "Noto Sans,18,-1,0,75,0,0,0,0,0,Bold"
0 !LPUB PAGE PUBLISH_EMAIL_BACK PLACEMENT GLOBAL CENTER PAGE INSIDE OFFSET 0.0000 -0.0500
0
0 // LPUB[3D] PAGE PUBLICATION URL
0 !LPUB PAGE PUBLISH_URL_BACK COLOR "#666666"
0 !LPUB PAGE PUBLISH_URL_BACK CONTENT GLOBAL "WEB // HTTPS://LEGOLINUX.COM/MODELS/TITANS/RT-7139-ROTOR-ROVER"
0 !LPUB PAGE PUBLISH_URL_BACK DISPLAY GLOBAL TRUE
0 !LPUB PAGE PUBLISH_URL_BACK FONT "Noto Sans,18,-1,0,75,0,0,0,0,0,Bold"
0 !LPUB PAGE PUBLISH_URL_BACK PLACEMENT GLOBAL CENTER PAGE INSIDE OFFSET 0.0000 -0.0250
0
0 // LPUB[3D] PAGE LOGO
0 !LPUB PAGE DOCUMENT_LOGO_BACK DISPLAY GLOBAL TRUE
0 !LPUB PAGE DOCUMENT_LOGO_BACK FILE GLOBAL "/media/internal/Lego/lpub3d/instructions/logo.png"
0 !LPUB PAGE DOCUMENT_LOGO_BACK PLACEMENT CENTER PAGE INSIDE OFFSET 0.0000 0.45000
0 !LPUB PAGE DOCUMENT_LOGO_BACK SCALE GLOBAL  1.0000
0
0 // LPUB[3D] CONFIGURATION ////////////////////////////////////////////////////
0
0 // LPUB[3D] PAGE WATERMARK
0 !LPUB PAGE PUBLISH_EMAIL CONTENT GLOBAL "CONTACT // NATHANEL.TITANE@GMAIL.COM // INFO@MECHABLOCKS.COM"
0 !LPUB PAGE PUBLISH_EMAIL COLOR "#666666"
0 !LPUB PAGE PUBLISH_EMAIL DISPLAY GLOBAL TRUE
0 !LPUB PAGE PUBLISH_EMAIL FONT "Noto Sans,18,-1,0,75,0,0,0,0,0,Bold"
0 !LPUB PAGE PUBLISH_EMAIL MARGINS 0.0000 0.1500
0 !LPUB PAGE PUBLISH_EMAIL PLACEMENT GLOBAL BOTTOM PAGE INSIDE OFFSET 0.0000 0.0000
0 !LPUB PAGE DOCUMENT_AUTHOR CONTENT GLOBAL "MODEL DESIGN AND INSTRUCTIONS // NATHANEL TITANE"
0 !LPUB PAGE DOCUMENT_AUTHOR COLOR "#666666"
0 !LPUB PAGE DOCUMENT_AUTHOR DISPLAY GLOBAL TRUE
0 !LPUB PAGE DOCUMENT_AUTHOR FONT "Noto Sans,18,-1,0,75,0,0,0,0,0,Bold"
0 !LPUB PAGE DOCUMENT_AUTHOR MARGINS 0.0000 0.2000
0 !LPUB PAGE DOCUMENT_AUTHOR PLACEMENT GLOBAL TOP PAGE INSIDE OFFSET 0.0000 0.0000
0
0 // LPUB[3D] STEPS HIGHLIGHT
0 !LPUB HIGHLIGHT_STEP ENABLED GLOBAL TRUE
0 !LPUB HIGHLIGHT_STEP COLOR GLOBAL "#7137C8"
0
0 // LPUB[3D] STEP FADE
0 !LPUB FADE_STEP OPACITY GLOBAL "50"
0 !LPUB FADE_STEP COLOR GLOBAL "Trans_Black"
0 !LPUB FADE_STEP ENABLED GLOBAL TRUE
0 !LPUB FINAL_MODEL_ENABLED GLOBAL TRUE
0
0 // LPUB[3D] SUBMODEL PREVIEW
0 !LPUB SUBMODEL_DISPLAY SHOW GLOBAL TRUE
0 !LPUB SUBMODEL_DISPLAY BACKGROUND COLOR "#DDDDDD"
0 !LPUB SUBMODEL_DISPLAY MARGINS 0.1500 0.7500
0 !LPUB SUBMODEL_DISPLAY BORDER SQUARE 0 Black 0.031 MARGINS 0.050 0.050
0 !LPUB SUBMODEL_DISPLAY PLACEMENT GLOBAL LEFT PAGE INSIDE
0 !LPUB SUBMODEL_DISPLAY CAMERA_ANGLES 30.0000 45.0000
0
0 // LPUB[3D] ASSEMBLIES
0 !LPUB ASSEM CAMERA_ANGLES 30.0000 45.0000
0 !LPUB ASSEM MARGINS 0.5000 0.5000
0 !LPUB ASSEM MODEL_SCALE 1.0000
0 !LPUB ASSEM PLACEMENT CENTER PAGE INSIDE OFFSET 0.0000 0.0000
0
0 // LPUB[3D] BILL OF MATERIALS
0 !LPUB BOM BACKGROUND COLOR "#DDDDDD"
0 !LPUB BOM BORDER SQUARE 0 #666666 0.025 MARGINS 0.050 0.050
0 !LPUB BOM CONSTRAIN HEIGHT 13.0000
0 !LPUB BOM CONSTRAIN SQUARE
0 !LPUB BOM PLACEMENT CENTER PAGE INSIDE OFFSET 0.0000 0.0000
0
0 // LPUB[3D] CALLOUTS
0 !LPUB CALLOUT BORDER SQUARE 0 #666666 0.025 MARGINS 0.050 0.050
0 !LPUB CALLOUT MARGINS 0.1250 0.1250
0 !LPUB CALLOUT PLACEMENT RIGHT PAGE INSIDE OFFSET 0.0000 0.0000
0
0 // LPUB[3D] PAGE
0 !LPUB PAGE DOCUMENT_COVER_IMAGE DISPLAY GLOBAL TRUE
0 !LPUB PAGE DOCUMENT_COVER_IMAGE FILE GLOBAL "../renders/flat/flat.png"
0 !LPUB PAGE DOCUMENT_COVER_IMAGE FILL GLOBAL ASPECT
0 !LPUB PAGE DOCUMENT_COVER_IMAGE MARGINS GLOBAL 0.0000 0.0000
0 !LPUB PAGE DOCUMENT_COVER_IMAGE PLACEMENT GLOBAL CENTER PAGE INSIDE OFFSET 0.0000 0.0000
0 !LPUB PAGE DOCUMENT_COVER_IMAGE SCALE GLOBAL 1.0000
0
0 // LPUB[3D] PAGE NUMBER
0 !LPUB PAGE NUMBER FONT "Noto Sans,36,-1,0,75,0,0,0,0,0,Bold"
0 !LPUB PAGE NUMBER FONT_COLOR "#666666"
0 !LPUB PAGE NUMBER MARGINS 0.1250 0.1250
0 !LPUB PAGE NUMBER PLACEMENT BOTTOM_RIGHT PAGE INSIDE OFFSET 0.0000 0.0000
0
0 // LPUB[3D] PAGE SETUP
0 !LPUB PAGE BORDER GLOBAL NONE 0 MARGINS 0.000 0.000
0 !LPUB PAGE ENABLE_TEXT_PLACEMENT GLOBAL CENTER PAGE INSIDE OFFSET 0.0000 0.0000
0 !LPUB PAGE TEXT_PLACEMENT GLOBAL TRUE
0 !LPUB PAGE PAGE_FOOTER SIZE GLOBAL 32.0000 0.5000
0 !LPUB PAGE PAGE_HEADER SIZE GLOBAL 32.0000 0.5000
0 !LPUB PAGE MARGINS GLOBAL 0.0000 0.0000
0 !LPUB PAGE ORIENTATION GLOBAL LANDSCAPE
0 !LPUB PAGE SIZE GLOBAL 16.0000 32.0000
0
0 // LPUB[3D] PAGE COLORS
0 !LPUB PAGE SUBMODEL_BACKGROUND_COLOR GLOBAL "#DDDDDD" "#FFE680" "#FFAAAA" "#C6AFE9"
0
0 // LPUB[3D] SUBMODELS
0 !LPUB PAGE SUBMODEL_INSTANCE_COUNT FONT_COLOR "#FF5555"
0 !LPUB PAGE SUBMODEL_INSTANCE_COUNT FONT "Noto Sans,72,-1,0,75,0,0,0,0,0,Bold"
0 !LPUB PAGE SUBMODEL_INSTANCE_COUNT MARGINS 0.0000 0.1250
0 !LPUB PAGE SUBMODEL_INSTANCE_COUNT PLACEMENT BOTTOM_RIGHT PAGE INSIDE OFFSET 0.0000 -0.0500
0
0 // LPUB[3D] PARTS LIST
0 !LPUB PLI BACKGROUND COLOR "#DDDDDD"
0 !LPUB PLI BORDER SQUARE 0 #666666 0.025 MARGINS 0.0500 0.050
0 !LPUB PLI CAMERA_ANGLES 30.0000 45.0000
0 !LPUB PLI CONSTRAIN HEIGHT 5.0000
0 !LPUB PLI MODEL_SCALE  1.0000
0 !LPUB PLI MARGINS 0.1500 0.7500
0 !LPUB PLI PLACEMENT TOP_RIGHT PAGE INSIDE OFFSET 0.0000 0.0000
0 !LPUB PLI INSTANCE_COUNT FONT "Noto Sans,36,-1,0,75,0,0,0,0,0,Bold"
0 !LPUB PLI INSTANCE_COUNT FONT_COLOR "#666666"
0 !LPUB PLI INSTANCE_COUNT MARGINS 0.0125 0.0125
0 !LPUB PLI INSTANCE_COUNT MARGINS 0.0125 0.3000
0
0 // LPUB[3D] STEP NUMBER
0 !LPUB STEP_NUMBER FONT "Noto Sans,72,-1,0,75,0,0,0,0,0,Bold"
0 !LPUB STEP_NUMBER FONT_COLOR "#666666"
0 !LPUB STEP_NUMBER MARGINS 0.1250 0.0000
0 !LPUB STEP_NUMBER PLACEMENT TOP_LEFT PAGE INSIDE OFFSET 0.0000 0.0000
0
0 // LPUB[3D] BEGIN INSTRUCTIONS ///////////////////////////////////////////////
0
0 STEP
0 !LPUB INSERT COVER_PAGE FRONT
0 STEP
0 !LPUB ASSEM MODEL_SCALE LOCAL 0.7500
1 0 0 0 0 1 0 0 0 1 0 0 0 1 00-model.ldr
0 STEP
0
0 // LPUB[3D] DISABLE FINAL MODEL SHOWCASE /////////////////////////////////////
0
0 !LPUB NOSTEP
0
0 // LPUB[3D] BOM PAGES
0 STEP
0 !LPUB INSERT PAGE
0 !LPUB INSERT BOM
0 STEP
0 !LPUB INSERT PAGE
0 !LPUB INSERT BOM
0 STEP
0 !LPUB INSERT PAGE
0 !LPUB INSERT BOM
0 STEP
0 !LPUB INSERT PAGE
0 !LPUB INSERT BOM
0 STEP
0 !LPUB INSERT PAGE
0 !LPUB INSERT BOM
0 STEP
0 !LPUB INSERT PAGE
0 !LPUB INSERT BOM
0 STEP
0 !LPUB INSERT PAGE
0 !LPUB INSERT BOM
0 STEP
0 !LPUB INSERT PAGE
0 !LPUB INSERT BOM
0 STEP
0 !LPUB INSERT PAGE
0 !LPUB INSERT BOM
0 STEP
0 !LPUB INSERT PAGE
0 !LPUB INSERT BOM
0 STEP
0 !LPUB INSERT PAGE
0 !LPUB INSERT BOM
0 STEP
0 !LPUB INSERT PAGE
0 !LPUB INSERT BOM
0 STEP
0
0 !LPUB NOSTEP
0
0 !LPUB INSERT COVER_PAGE BACK
0
0 // LPUB[3D] END INSTRUCTIONS /////////////////////////////////////////////////
0
0 NOFILE
0 FILE 00-model.ldr
0 Author: Nathanel Titane // nathanel.titane@gmail.com // All Rights Reserved
1 0 0 8.6576 0.9481 1 0 0 0 0.976296 -0.21644 0 0.21644 0.976296 01-torso.ldr
0 STEP
1 7 0 -87.6177 84.0809 -1 0 0 0 -0.976296 -0.21644 0 -0.21644 0.976296 04-waist.ldr
0 NOFILE
0 FILE 01-torso.ldr
0 Author: Nathanel Titane // nathanel.titane@gmail.com // All Rights Reserved
1 71 0 0 0 0 0 1 0 1 0 -1 0 0 4871.dat
1 71 0 8 -50 1 0 0 0 1 0 0 0 1 32803.dat
0 STEP
1 71 0 8 -10 0 0 1 0 1 0 -1 0 0 3021.dat
0 STEP
1 72 0 -16 0 0 0 -1 0 1 0 1 0 0 48171.dat
1 0 0 -6 40 0 -1 0 0 0 -1 1 0 0 47455.dat
1 4 0 -24 10 -1 0 0 0 1 0 0 0 -1 3023.dat
0 STEP
1 71 -30 -24 10 -1 0 0 0 1 0 0 0 -1 4287.dat
1 71 -30 -48 50 0 0 -1 0 1 0 1 0 0 2921.dat
1 71 -30 -24 -10 1 0 0 0 1 0 0 0 1 3665.dat
0 STEP
1 71 30 -24 10 -1 0 0 0 1 0 0 0 -1 4287.dat
1 71 30 -48 50 0 0 1 0 1 0 -1 0 0 2921.dat
1 71 30 -24 -10 1 0 0 0 1 0 0 0 1 3665.dat
0 STEP
1 71 -30 -32 -20 0 0 1 0 1 0 -1 0 0 3069b.dat
1 71 30 -32 -20 0 0 1 0 1 0 -1 0 0 3069b.dat
0 STEP
1 72 -20 -48 20 -1 0 0 0 1 0 0 0 -1 48169.dat
1 72 20 -48 20 1 0 0 0 1 0 0 0 1 48169.dat
0 STEP
1 71 0 -72 30 -1 0 0 0 1 0 0 0 -1 3747b.dat
0 STEP
1 72 0 -80 10 1 0 0 0 1 0 0 0 1 2432.dat
1 72 0 -76 10 0 0 1 -1 0 0 0 -1 0 2555.dat
1 72 0 -76 2 0 0 1 -1 0 0 0 -1 0 4073.dat
0 STEP
1 71 -30 -72 10 -1 0 0 0 1 0 0 0 -1 4286.dat
1 71 30 -72 10 -1 0 0 0 1 0 0 0 -1 4286.dat
0 STEP
1 72 -30 -72 10 0 0 1 0 1 0 -1 0 0 54200.dat
1 72 30 -72 10 0 0 -1 0 1 0 1 0 0 54200.dat
0 STEP
1 0 0 -80 50 0 0 1 0 1 0 -1 0 0 3021.dat
0 STEP
1 4 -10 -88 40 0 0 1 0 1 0 -1 0 0 48336.dat
1 4 10 -88 40 0 0 -1 0 1 0 1 0 0 48336.dat
1 4 0 -88 70 -1 0 0 0 1 0 0 0 -1 3023.dat
0 STEP
1 0 -10 -96 40 0 0 1 0 1 0 -1 0 0 92280.dat
1 0 10 -96 40 0 0 1 0 1 0 -1 0 0 92280.dat
0 STEP
1 72 0 -88 60 -1 0 0 0 1 0 0 0 -1 15068.dat
0 STEP
1 0 0 -16 -50 1 0 0 0 1 0 0 0 1 3937.dat
1 71 0 -16 -50 1 0 0 0 1 0 0 0 1 3938.dat
1 71 0 -40 -50 1 0 0 0 1 0 0 0 1 3004.dat
0 STEP
1 0 0 -48 -50 1 0 0 0 1 0 0 0 1 44728.dat
1 71 0 -18 -72 1 0 0 0 0 -1 0 1 0 99563.dat
0 STEP
1 25 0 -38 -72 1 0 0 0 0 -1 0 1 0 3023.dat
1 0 -10 -38 -80 0 0 1 1 0 0 0 1 0 2555.dat
1 0 10 -38 -80 0 0 1 1 0 0 0 1 0 2555.dat
0 STEP
1 0 0 -72 -50 1 0 0 0 1 0 0 0 1 3937.dat
1 71 0 -62 -60 1 0 0 0 0 -1 0 1 0 3938.dat
1 0 10 -62 -60 -1 0 0 0 0 1 0 1 0 54200.dat
1 0 -10 -62 -68 -1 0 0 0 0 1 0 1 0 3024.dat
1 43 -10 -62 -76 -1 0 0 0 0 1 0 1 0 98138.dat
0 STEP
1 0 0 -92 10 -1 0 0 0 -1 0 0 0 1 02-top-hatch.ldr
0 STEP
1 4 -40.8704 -126.5689 0 -0.965926 0.258819 0 0.258819 0.965926 0 0 0 -1 06-01-pod-handle.ldr
1 4 40.8704 -126.5689 0 -0.965926 -0.258819 0 -0.258819 0.965926 0 0 0 -1 06-02-pod-handle.ldr
0 STEP
1 4 -90.3528 -67.5559 -18.9778 0.965926 0 0.258819 -0.25 0.258819 0.933013 -0.066987 -0.965926 0.25 09-01-shoulder.ldr
1 4 90.3527 -67.5559 -18.9778 0.965926 0 -0.258819 0.25 0.258819 0.933013 0.066987 -0.965926 0.25 09-02-shoulder.ldr
0 STEP
1 4 0 -40 -106 1 0 0 0 1 0 0 0 1 13-hood.ldr
0 STEP
0 NOFILE
0 FILE 02-top-hatch.ldr
0 Author: Nathanel Titane // nathanel.titane@gmail.com // All Rights Reserved
1 4 0 0 -10 0 0 -1 0 1 0 1 0 0 4871.dat
0 STEP
1 0 -10 8 -10 0 0 -1 0 1 0 1 0 0 60478.dat
1 0 10 8 -10 0 0 -1 0 1 0 1 0 0 60478.dat
1 0 0 8 0 -1 0 0 0 1 0 0 0 -1 85984.dat
0 STEP
1 0 -10 -8 -20 1 0 0 0 1 0 0 0 1 13547.dat
1 0 10 -8 -20 1 0 0 0 1 0 0 0 1 13547.dat
1 0 -10 0 -30 0 0 -1 0 1 0 1 0 0 85984.dat
1 0 10 0 -30 0 0 1 0 1 0 -1 0 0 85984.dat
1 0 0 -8 -60 -1 0 0 0 1 0 0 0 -1 85984.dat
1 0 0 -8 -80 1 0 0 0 1 0 0 0 1 85984.dat
0 STEP
1 0 -30 -8 -20 0 0 1 0 1 0 -1 0 0 2555.dat
1 0 30 -8 -20 0 0 1 0 1 0 -1 0 0 2555.dat
1 0 -30 0 0 0 0 -1 0 1 0 1 0 0 54200.dat
1 0 30 0 0 0 0 1 0 1 0 -1 0 0 54200.dat
0 STEP
1 4 30.0001 -36.6274 -39.799 1 0 0 0 0.707107 0.707107 0 -0.707107 0.707107 03-01-side-hatch.ldr
0 STEP
1 4 -30 -36.6274 -39.799 1 0 0 0 0.707107 0.707107 0 -0.707107 0.707107 03-02-side-hatch.ldr
0 NOFILE
0 FILE 03-01-side-hatch.ldr
0 Author: Nathanel Titane // nathanel.titane@gmail.com // All Rights Reserved
1 0 0 -8 0 0 0 1 0 1 0 -1 0 0 60478.dat
0 STEP
1 72 0 -16 0 1 0 0 0 1 0 0 0 1 92946.dat
1 72 0 -16 10 -1 0 0 0 1 0 0 0 -1 54200.dat
0 STEP
1 0 0 0 0 0 0 -1 0 1 0 1 0 0 60478.dat
1 0 0 8 0 0 0 -1 0 1 0 1 0 0 48336.dat
0 STEP
1 72 0 16 -30 -1 0 0 0 1 0 0 0 -1 4287.dat
1 0 0 40 -30 -1 0 0 0 1 0 0 0 -1 36841.dat
1 0 0 50 -16 -1 0 0 0 0 -1 0 -1 0 54200.dat
1 72 0 16 -30 1 0 0 0 1 0 0 0 1 54200.dat
0 STEP
1 0 0 -21.5563 -42.7279 -1 0 0 0 0.707107 -0.707107 0 -0.707107 -0.707107 61252.dat
0 STEP
1 72 0 -52.6691 -39.8995 -1 0 0 0 0.707107 -0.707107 0 -0.707107 -0.707107 28192.dat
1 0 0 -47.0122 -45.5564 1 0 0 0 0.707107 0.707107 0 -0.707107 0.707107 3024.dat
1 34 0 -41.3553 -51.2132 0 0 -1 0.707107 0.707107 0 0.707107 -0.707107 0 3024.dat
0 STEP
1 0 0 -35.6985 -56.8701 1 0 0 0 0.707107 0.707107 0 -0.707107 0.707107 24201.dat
0 STEP
1 4 -30 48 -30 0 0 -1 0 1 0 1 0 0 32802.dat
1 0 -30 64 -30 1 0 0 0 1 0 0 0 1 85984.dat
0 NOFILE
0 FILE 03-02-side-hatch.ldr
0 Author: Nathanel Titane // nathanel.titane@gmail.com // All Rights Reserved
1 0 0 -8 0 0 0 1 0 1 0 -1 0 0 60478.dat
0 STEP
1 72 0 -16 0 1 0 0 0 1 0 0 0 1 92946.dat
1 72 0 -16 10 -1 0 0 0 1 0 0 0 -1 54200.dat
0 STEP
1 0 0 0 0 0 0 -1 0 1 0 1 0 0 60478.dat
1 0 0 8 0 0 0 1 0 1 0 -1 0 0 48336.dat
0 STEP
1 72 0 16 -30 -1 0 0 0 1 0 0 0 -1 4287.dat
1 0 0 40 -30 -1 0 0 0 1 0 0 0 -1 36841.dat
1 0 0 50 -16 -1 0 0 0 0 -1 0 -1 0 54200.dat
1 72 0 16 -30 1 0 0 0 1 0 0 0 1 54200.dat
0 STEP
1 0 0 -21.5563 -42.7279 -1 0 0 0 0.707107 -0.707107 0 -0.707107 -0.707107 61252.dat
0 STEP
1 72 0 -52.6691 -39.8995 -1 0 0 0 0.707107 -0.707107 0 -0.707107 -0.707107 28192.dat
1 0 0 -47.0122 -45.5564 1 0 0 0 0.707107 0.707107 0 -0.707107 0.707107 3024.dat
1 34 0 -41.3553 -51.2132 0 0 -1 0.707107 0.707107 0 0.707107 -0.707107 0 3024.dat
0 STEP
1 0 0 -35.6985 -56.8701 1 0 0 0 0.707107 0.707107 0 -0.707107 0.707107 24201.dat
0 STEP
0 NOFILE
0 FILE 04-waist.ldr
0 Author: Nathanel Titane // nathanel.titane@gmail.com // All Rights Reserved
1 0 0 0 30 -1 0 0 0 1 0 0 0 -1 32803.dat
1 0 0 -8 30 -1 0 0 0 1 0 0 0 -1 3069b.dat
0 STEP
1 0 -10 8 -10 1 0 0 0 1 0 0 0 1 4073.dat
1 0 10 8 -10 1 0 0 0 1 0 0 0 1 4073.dat
0 STEP
1 4 0 0 10 -1 0 0 0 1 0 0 0 -1 3839b.dat
1 4 0 0 -10 1 0 0 0 1 0 0 0 1 3839b.dat
0 STEP
1 4 0 -8 10 -1 0 0 0 1 0 0 0 -1 3839b.dat
1 4 0 -8 -10 1 0 0 0 1 0 0 0 1 3839b.dat
0 STEP
1 71 0 -16 -10 1 0 0 0 1 0 0 0 1 3023.dat
0 STEP
1 71 0 -16 10 -1 0 0 0 1 0 0 0 -1 99207.dat
0 STEP
1 0 0 -40 0 1 0 0 0 1 0 0 0 1 48172.dat
1 0 0 -48 0 1 0 0 0 1 0 0 0 1 3022.dat
0 STEP
1 71 10 -56 0 0 0 -1 0 1 0 1 0 0 99207.dat
1 72 48 -68 0 0 -1 0 -1 0 0 0 0 -1 48169.dat
1 0 38 -68 -20 0 0 -1 1 0 0 0 -1 0 4073.dat
1 72 56 -58 -10 0 -1 0 -1 0 0 0 0 -1 3070b.dat
1 72 56 -78 -10 0 -1 0 -1 0 0 0 0 -1 3070b.dat
1 72 56 -78 10 0 -1 0 -1 0 0 0 0 -1 28192.dat
1 72 56 -58 10 0 -1 0 -1 0 0 0 0 -1 28192.dat
0 STEP
1 71 -10 -56 0 0 0 1 0 1 0 -1 0 0 99207.dat
1 72 -48 -68 0 0 1 0 -1 0 0 0 0 1 48169.dat
1 0 -38 -68 -20 0 0 1 -1 0 0 0 -1 0 4073.dat
1 72 -56 -58 -10 0 1 0 1 0 0 0 0 -1 3070b.dat
1 72 -56 -78 -10 0 1 0 1 0 0 0 0 -1 3070b.dat
1 72 -56 -78 10 0 1 0 1 0 0 0 0 -1 28192.dat
1 72 -56 -58 10 0 1 0 1 0 0 0 0 -1 28192.dat
0 STEP
1 0 0 -80 0 0 0 1 0 1 0 -1 0 0 48169.dat
0 STEP
1 71 0 -88 -10 1 0 0 0 1 0 0 0 1 3023.dat
1 71 0 -88 10 -1 0 0 0 1 0 0 0 -1 44728.dat
0 STEP
1 0 0 -48 32 0 0 -1 1 0 0 0 -1 0 3020.dat
0 STEP
1 0 0 -28 40 1 0 0 0 0 1 0 -1 0 87580.dat
1 0 0 -68 40 1 0 0 0 0 1 0 -1 0 87580.dat
0 STEP
1 72 0 -28 48 1 0 0 0 0 1 0 -1 0 18674.dat
1 72 0 -68 48 1 0 0 0 0 1 0 -1 0 18674.dat
0 STEP
1 71 0 -28 57 -0.707107 -0.707107 0 -0.707107 0.707107 0 0 0 -1 32187.dat
1 71 0 -68 57 -0.707107 -0.707107 0 -0.707107 0.707107 0 0 0 -1 32187.dat
0 STEP
1 0 -10 -96 -10 1 0 0 0 1 0 0 0 1 14719.dat
1 0 10 -96 10 1 0 0 0 1 0 0 0 1 2555.dat
0 STEP
1 4 -70.3528 3.6971 -23.523 -0.965926 0 0.258819 -0.25 -0.258819 -0.933013 0.066987 -0.965926 0.25 05-01-thigh.ldr
1 4 70.3528 3.6971 -23.523 -0.965926 0 -0.258819 0.25 -0.258819 -0.933013 -0.066987 -0.965926 0.25 05-02-thigh.ldr
0 STEP
1 7 0 -122 -26 0 0 1 1 0 0 0 1 0 18-battle-rifle.ldr
0 NOFILE
0 FILE 05-01-thigh.ldr
0 Author: Nathanel Titane // nathanel.titane@gmail.com // All Rights Reserved
1 72 40 -24 40 -1 0 0 0 1 0 0 0 -1 48170.dat
1 0 40 0 40 -1 0 0 0 1 0 0 0 -1 3022.dat
0 STEP
1 0 50 8 40 0 0 -1 0 1 0 1 0 0 99207.dat
1 0 30 8 40 0 0 1 0 1 0 -1 0 0 32028.dat
1 0 50 16 50 1 0 0 0 1 0 0 0 1 3665.dat
1 0 30 16 50 1 0 0 0 1 0 0 0 1 3665.dat
0 STEP
1 72 88 -4 40 0 -1 0 1 0 0 0 0 1 48171.dat
1 0 78 36 40 1 0 0 0 0 -1 0 1 0 47455.dat
0 STEP
1 71 112 -14 40 0 -1 0 0 0 1 -1 0 0 3298.dat
1 71 88 -44 40 0 -1 0 0 0 1 -1 0 0 11203.dat
1 25 96 6 40 0 -1 0 0 0 -1 1 0 0 3023.dat
0 STEP
1 72 120 -14 30 0 -1 0 0 0 -1 1 0 0 28192.dat
1 72 120 -14 50 0 -1 0 0 0 -1 1 0 0 28192.dat
0 STEP
1 0 30 -32 40 0 0 -1 0 1 0 1 0 0 3023.dat
0 STEP
1 0 60 -32 30 1 0 0 0 1 0 0 0 1 93274.dat
1 0 60 -32 50 -1 0 0 0 1 0 0 0 -1 93274.dat
0 STEP
1 72 40 -40 40 0 0 1 0 1 0 -1 0 0 87580.dat
1 72 70 -64 40 0 0 1 0 1 0 -1 0 0 2432.dat
0 STEP
1 72 80 -12 8 0 0 1 1 0 0 0 1 0 3068b.dat
1 72 40 -12 8 0 0 1 1 0 0 0 1 0 3068b.dat
0 STEP
1 72 80 -12 72 0 0 -1 1 0 0 0 -1 0 3068b.dat
1 72 40 -12 72 0 0 -1 1 0 0 0 -1 0 3068b.dat
0 STEP
1 0 0 -14 40 -0.965926 0 -0.258819 0 1 0 0.258819 0 -0.965926 47455.dat
0 STEP
1 0 196.0001 22.0001 40 0 0.000001 -1 0 -1 -0.000001 -1 0 0 07-02-shin.ldr
0 NOFILE
0 FILE 05-02-thigh.ldr
0 Author: Nathanel Titane // nathanel.titane@gmail.com // All Rights Reserved
1 72 -40 -24 40 1 0 0 0 1 0 0 0 1 48170.dat
1 0 -40 0 40 1 0 0 0 1 0 0 0 1 3022.dat
0 STEP
1 0 -50 8 40 0 0 1 0 1 0 -1 0 0 99207.dat
1 0 -30 8 40 0 0 -1 0 1 0 1 0 0 32028.dat
1 0 -30 16 50 1 0 0 0 1 0 0 0 1 3665.dat
1 0 -50 16 50 1 0 0 0 1 0 0 0 1 3665.dat
0 STEP
1 72 -88 -4 40 0 1 0 1 0 0 0 0 -1 48171.dat
1 0 -78 36 40 -1 0 -0.000001 0.000001 0 -1 0 -1 0 47455.dat
0 STEP
1 71 -112 -14 40 0 1 0 0 0 1 1 0 0 3298.dat
1 71 -88 -44 40 0 1 0 0 0 1 1 0 0 11203.dat
1 25 -96 6 40 0 1 0 0 0 -1 -1 0 0 3023.dat
0 STEP
1 72 -120 -14 50 0 1 0 0 0 -1 -1 0 0 28192.dat
1 72 -120 -14 30 0 1 0 0 0 -1 -1 0 0 28192.dat
0 STEP
1 0 -30 -32 40 0 0 1 0 1 0 -1 0 0 3023.dat
0 STEP
1 0 -60 -32 50 -1 0 0 0 1 0 0 0 -1 93274.dat
1 0 -60 -32 30 1 0 0 0 1 0 0 0 1 93274.dat
0 STEP
1 72 -40 -40 40 0 0 1 0 1 0 -1 0 0 87580.dat
1 72 -70 -64 40 0 0 -1 0 1 0 1 0 0 2432.dat
0 STEP
1 72 -80 -12 72 0 0 -1 1 0 0 0 -1 0 3068b.dat
1 72 -40 -12 72 0 0 -1 1 0 0 0 -1 0 3068b.dat
0 STEP
1 72 -80 -12 8 0 0 1 1 0 0 0 1 0 3068b.dat
1 72 -40 -12 8 0 0 1 1 0 0 0 1 0 3068b.dat
0 STEP
1 0 0 -14 40 0.965926 0 -0.258819 0 1 0 0.258819 0 0.965926 47455.dat
0 STEP
1 0 -196.0001 22.0001 40 0 -0.000001 1 0 -1 -0.000001 1 0 0 07-01-shin.ldr
0 NOFILE
0 FILE 06-01-pod-handle.ldr
0 Author: Nathanel Titane // nathanel.titane@gmail.com // All Rights Reserved
1 0 0 16 0.0001 0 0 1 0 1 0 -1 0 0 32828.dat
1 0 0 18 -50 -1 0 0 0 0 1 0 1 0 11090.dat
0 STEP
1 0 0 8 0.0001 0 0 1 0 1 0 -1 0 0 4073.dat
0 STEP
1 0 0 0 0 0 0 1 0 1 0 -1 0 0 32828.dat
1 0 0 2 -50.0001 -0.258819 0 0.965926 -0.965926 0 -0.258819 0 -1 0 23443.dat
0 STEP
1 0 0 42 -50 -1 0 0 0 -1 0 0 0 1 48729b.dat
0 STEP
1 4 -5.7262 -19.3706 -60.3207 -0.965926 -0.224144 0.12941 0.258819 -0.836516 0.482963 0 0.5 0.866025 16-02-rockets.ldr
0 NOFILE
0 FILE 06-02-pod-handle.ldr
0 Author: Nathanel Titane // nathanel.titane@gmail.com // All Rights Reserved
1 0 0 16 0.0001 0 0 1 0 1 0 -1 0 0 32828.dat
1 0 0 18 -50 -1 0 0 0 0 1 0 1 0 11090.dat
0 STEP
1 0 0 8 0.0001 0 0 1 0 1 0 -1 0 0 4073.dat
0 STEP
1 0 0 0 0.0001 0 0 1 0 1 0 -1 0 0 32828.dat
1 0 0 2 -50 0.258819 0 0.965926 -0.965926 0 0.258819 0 -1 0 23443.dat
0 STEP
1 0 0 42 -50 -1 0 0 0 -1 0 0 0 1 48729b.dat
0 STEP
1 4 5.7262 -19.3706 -60.3207 -0.965926 0.224144 -0.12941 -0.258819 -0.836516 0.482963 0 0.5 0.866025 16-02-rockets.ldr
0 NOFILE
0 FILE 07-01-shin.ldr
0 Author: Nathanel Titane // nathanel.titane@gmail.com // All Rights Reserved
1 0 -10 32 0 -1 0 0 0 1 0 0 0 -1 32802.dat
0 STEP
1 0 -10 24 0 0 0 1 0 1 0 -1 0 0 3937.dat
1 71 -20 34 0 0 1 0 0 0 -1 -1 0 0 3938.dat
0 STEP
1 71 0 24 30 1 0 0 0 1 0 0 0 1 18677.dat
1 0 10 34 20 0 0 -1 0 1 0 1 0 0 2780.dat
0 STEP
1 0 10 34 0 0 0 -1 0 1 0 1 0 0 62462.dat
1 0 10 34 -20 0 0 -1 0 1 0 1 0 0 2780.dat
0 STEP
1 71 0 24 -30 1 0 0 0 1 0 0 0 1 18677.dat
0 STEP
1 71 -28 34 0 0 1 0 0 0 1 1 0 0 48336.dat
1 71 -36 34 0 0 1 0 0 0 1 1 0 0 99563.dat
0 STEP
1 0 0 0 30 -1 0 0 0 1 0 0 0 -1 3747b.dat
1 0 0 0 -30 1 0 0 0 1 0 0 0 1 3747b.dat
0 STEP
1 72 0 -24 60 0 0 -1 0 1 0 1 0 0 48169.dat
1 72 -20 -14 60 0 -1 0 0 0 -1 1 0 0 4073.dat
1 72 20 -14 60 0 1 0 0 0 1 1 0 0 4073.dat
0 STEP
1 0 0 -48 30 -1 0 0 0 1 0 0 0 -1 3245b.dat
1 0 0 -48 -30 1 0 0 0 1 0 0 0 1 3245b.dat
0 STEP
1 72 0 -24 -60 0 0 1 0 1 0 -1 0 0 92013.dat
0 STEP
1 71 -10 -56 30 -1 0 0 0 1 0 0 0 -1 3024.dat
1 71 -10 -56 -30 1 0 0 0 1 0 0 0 1 3024.dat
1 34 -10 -64 30 -1 0 0 0 1 0 0 0 -1 3024.dat
1 34 -10 -64 -30 1 0 0 0 1 0 0 0 1 3024.dat
0 STEP
1 0 10 -48 60 0 0 1 0 1 0 -1 0 0 3039.dat
1 0 10 -48 -60 0 0 1 0 1 0 -1 0 0 3039.dat
0 STEP
1 0 10 -72 30 -1 0 0 0 1 0 0 0 -1 4286.dat
1 0 10 -72 -30 1 0 0 0 1 0 0 0 1 4286.dat
1 4 10 -80 30 1 0 0 0 1 0 0 0 1 4081b.dat
1 4 10 -80 -30 -1 0 0 0 1 0 0 0 -1 4081b.dat
0 STEP
1 0 10 -88 30 0 0 1 0 1 0 -1 0 0 28192.dat
1 0 10 -88 -30 0 0 1 0 1 0 -1 0 0 28192.dat
0 STEP
1 4 -2 -78 0 0 1 0 0 0 -1 -1 0 0 99781.dat
1 0 6 -88 0 0 1 0 0 0 1 1 0 0 15068.dat
0 STEP
1 0 6 -88 0 0 -1 0 0 0 1 -1 0 0 15068.dat
0 STEP
1 0 12 14 0 0 1 0 0 0 1 1 0 0 16-01-rockets.ldr
0 STEP
1 72 -44 -14 60 0 -1 0 0 0 1 -1 0 0 17-turret.ldr
0 STEP
1 4 0 -14 -100 0 0 -1 0.996195 -0.087156 0 -0.087156 -0.996195 0 08-02-foot.ldr
0 NOFILE
0 FILE 07-02-shin.ldr
0 Author: Nathanel Titane // nathanel.titane@gmail.com // All Rights Reserved
1 0 10 32 0 1 0 0 0 1 0 0 0 1 32802.dat
0 STEP
1 0 10 24 0 0 0 -1 0 1 0 1 0 0 3937.dat
1 71 20 34 0 0 -1 0 0 0 -1 1 0 0 3938.dat
0 STEP
1 71 0 24 30 -1 0 0 0 1 0 0 0 -1 18677.dat
1 0 -10 34 20 0 0 -1 0 1 0 1 0 0 2780.dat
0 STEP
1 0 -10 34 0 0 0 -1 0 1 0 1 0 0 62462.dat
1 0 -10 34 -20 0 0 -1 0 1 0 1 0 0 2780.dat
0 STEP
1 71 0 24 -30 -1 0 0 0 1 0 0 0 -1 18677.dat
0 STEP
1 71 28 34 0 0 -1 0 0 0 1 -1 0 0 48336.dat
1 71 36 34 0 0 -1 0 0 0 1 -1 0 0 99563.dat
0 STEP
1 0 0 0 30 -1 0 0 0 1 0 0 0 -1 3747b.dat
1 0 0 0 -30 1 0 0 0 1 0 0 0 1 3747b.dat
0 STEP
1 72 0 -24 60 0 0 -1 0 1 0 1 0 0 48169.dat
1 72 -20 -14 60 0 -1 0 0 0 -1 1 0 0 4073.dat
1 72 20 -14 60 0 1 0 0 0 1 1 0 0 4073.dat
0 STEP
1 0 0 -48 30 -1 0 0 0 1 0 0 0 -1 3245b.dat
1 0 0 -48 -30 1 0 0 0 1 0 0 0 1 3245b.dat
0 STEP
1 72 0 -24 -60 0 0 1 0 1 0 -1 0 0 92013.dat
0 STEP
1 71 10 -56 30 -1 0 0 0 1 0 0 0 -1 3024.dat
1 71 10 -56 -30 1 0 0 0 1 0 0 0 1 3024.dat
1 34 10 -64 30 -1 0 0 0 1 0 0 0 -1 3024.dat
1 34 10 -64 -30 1 0 0 0 1 0 0 0 1 3024.dat
0 STEP
1 0 -10 -48 60 0 0 -1 0 1 0 1 0 0 3039.dat
1 0 -10 -48 -60 0 0 -1 0 1 0 1 0 0 3039.dat
0 STEP
1 0 -10 -72 30 -1 0 0 0 1 0 0 0 -1 4286.dat
1 0 -10 -72 -30 1 0 0 0 1 0 0 0 1 4286.dat
1 4 -10 -80 30.0001 1 0 0 0 1 0 0 0 1 4081b.dat
1 4 -10 -80 -30 -1 0 0 0 1 0 0 0 -1 4081b.dat
0 STEP
1 0 -10 -88 30 0 0 -1 0 1 0 1 0 0 28192.dat
1 0 -10 -88 -30 0 0 -1 0 1 0 1 0 0 28192.dat
0 STEP
1 4 2 -78 0 0 -1 0 0 0 -1 1 0 0 99781.dat
1 0 -6 -88 0 0 -1 0 0 0 1 -1 0 0 15068.dat
0 STEP
1 0 -6 -88 0 0 1 0 0 0 1 1 0 0 15068.dat
0 STEP
1 0 -12 14 0 0 -1 0 0 0 1 -1 0 0 16-01-rockets.ldr
0 STEP
1 72 44 -14 60 0 1 0 0 0 1 1 0 0 17-turret.ldr
0 STEP
1 4 0 -14 -100 0 0 1 -0.996195 -0.087156 0 0.087156 -0.996195 0 08-01-foot.ldr
0 NOFILE
0 FILE 08-01-foot.ldr
0 Author: Nathanel Titane // nathanel.titane@gmail.com // All Rights Reserved
1 72 0 20 -20 0 -1 0 -1 0 0 0 0 -1 50923.dat
1 0 0 0 -40 -1 0 0 0 1 0 0 0 -1 92907.dat
0 STEP
1 0 40 20 -20 0 -1 0 -1 0 0 0 0 -1 30374.dat
1 0 30 20 -40 0 -1 0 -1 0 0 0 0 -1 87994.dat
0 STEP
1 0 -28 20 -30 0 1 0 0 0 -1 -1 0 0 35480.dat
1 71 -36 20 -40 0 1 0 -1 0 0 0 0 1 98138.dat
0 STEP
1 0 -36 12.9289 -12.9289 0 1 0 0.707107 0 -0.707107 -0.707107 0 -0.707107 35480.dat
1 71 -44 5.8579 -5.8579 0 1 0 0.707107 0 0.707107 0.707107 0 -0.707107 24246.dat
1 71 -44 20 -20 0 1 0 -0.707107 0 -0.707107 -0.707107 0 0.707107 24246.dat
0 STEP
1 0 28 20 -30 0 -1 0 0 0 1 -1 0 0 35480.dat
1 71 36 20 -40 0 -1 0 1 0 0 0 0 1 98138.dat
0 STEP
1 0 36 12.9289 -12.9289 0 -1 0 0.707107 0 0.707107 -0.707107 0 0.707107 35480.dat
1 71 44 5.8579 -5.8579 0 -1 0 -0.707107 0 0.707107 -0.707107 0 -0.707107 24246.dat
1 71 44 20 -20 0 -1 0 0.707107 0 -0.707107 0.707107 0 0.707107 24246.dat
0 STEP
1 0 0 0 -50 0 -1 0 0 0 1 -1 0 0 2780.dat
0 STEP
1 0 0 0 -60 0 -1 0 1 0 0 0 0 1 92907.dat
0 STEP
1 0 -20 0 -94 0 0 -1 1 0 0 0 -1 0 15540.dat
1 0 -70 0 -86 0 0 1 -1 0 0 0 -1 0 4081b.dat
1 0 -60 0 -94 0 0 -1 1 0 0 0 -1 0 11477.dat
0 STEP
1 0 -20 0 -60 0 -1 0 1 0 0 0 0 1 32062.dat
1 0 -20 0 -80 0 0 -1 1 0 0 0 -1 0 32062.dat
0 STEP
0 NOFILE
0 FILE 08-02-foot.ldr
0 Author: Nathanel Titane // nathanel.titane@gmail.com // All Rights Reserved
1 72 0 20 -20 0 -1 0 -1 0 0 0 0 -1 50923.dat
1 0 0 0 -40 -1 0 0 0 1 0 0 0 -1 92907.dat
0 STEP
1 0 40 20 -20 0 -1 0 -1 0 0 0 0 -1 30374.dat
1 0 30 20 -40 0 -1 0 -1 0 0 0 0 -1 87994.dat
0 STEP
1 0 -28 20 -30 0 1 0 0 0 -1 -1 0 0 35480.dat
1 71 -36 20 -40 0 1 0 -1 0 0 0 0 1 98138.dat
0 STEP
1 0 -36 12.9289 -12.9289 0 1 0 0.707107 0 -0.707107 -0.707107 0 -0.707107 35480.dat
1 71 -44 5.8579 -5.8579 0 1 0 0.707107 0 0.707107 0.707107 0 -0.707107 24246.dat
1 71 -44 20 -20 0 1 0 -0.707107 0 -0.707107 -0.707107 0 0.707107 24246.dat
0 STEP
1 0 28 20 -30 0 -1 0 0 0 1 -1 0 0 35480.dat
1 71 36 20 -40 0 -1 0 1 0 0 0 0 1 98138.dat
0 STEP
1 0 36 12.9289 -12.9289 0 -1 0 0.707107 0 0.707107 -0.707107 0 0.707107 35480.dat
1 71 44 5.8579 -5.8579 0 -1 0 -0.707107 0 0.707107 -0.707107 0 -0.707107 24246.dat
1 71 44 20 -20 0 -1 0 0.707107 0 -0.707107 0.707107 0 0.707107 24246.dat
0 STEP
1 0 0 0 -50 0 1 0 0 0 -1 -1 0 0 2780.dat
0 STEP
1 0 0 0 -60 0 1 0 -1 0 0 0 0 1 92907.dat
0 STEP
1 0 20 0 -94 0 0 1 -1 0 0 0 -1 0 15540.dat
1 0 70 0 -86 0 0 -1 1 0 0 0 -1 0 4081b.dat
1 0 60 0 -94 0 0 1 -1 0 0 0 -1 0 11477.dat
0 STEP
1 0 20 0 -60 0 1 0 -1 0 0 0 0 1 32062.dat
1 0 20 0 -80 0 0 1 -1 0 0 0 -1 0 32062.dat
0 STEP
0 NOFILE
0 FILE 09-01-shoulder.ldr
0 Author: Nathanel Titane // nathanel.titane@gmail.com // All Rights Reserved
1 0 10 -8 30 1 0 0 0 1 0 0 0 1 4287.dat
1 0 -10 -8 30 1 0 0 0 1 0 0 0 1 4287.dat
1 25 0 -16 30 1 0 0 0 1 0 0 0 1 3069b.dat
0 STEP
1 0 -10 -16 0 0 0 1 0 1 0 -1 0 0 99780.dat
1 0 10 -16 0 0 0 -1 0 1 0 1 0 0 99780.dat
0 STEP
1 72 0 -40 0 0 0 -1 0 1 0 1 0 0 48170.dat
0 STEP
1 0 -10 -48 0 0 0 1 0 1 0 -1 0 0 99781.dat
1 0 10 -48 0 0 0 -1 0 1 0 1 0 0 99781.dat
0 STEP
1 0 10 -56 0 0 0 -1 0 1 0 1 0 0 99780.dat
1 0 -10 -56 0 0 0 1 0 1 0 -1 0 0 3069b.dat
0 STEP
1 72 10 -80 0 0 0 1 0 1 0 -1 0 0 85943.dat
1 0 -20 -70 0 0 0 -1 1 0 0 0 -1 0 53585.dat
1 0 -20 -70 0 0 0 1 0 1 0 -1 0 0 32062.dat
0 STEP
1 0 10 -88 0 0 0 -1 0 1 0 1 0 0 99781.dat
1 72 10 -120 0 0 0 -1 0 1 0 1 0 0 2432.dat
0 STEP
1 0 -32 -38 10 0 1 0 1 0 0 0 0 -1 4081b.dat
1 0 -32 -38 -10 0 1 0 -1 0 0 0 0 1 4081b.dat
1 72 -24 -18 0 0 1 0 0 0 -1 -1 0 0 85984.dat
1 72 -40 -38 0 0 1 0 0 0 -1 -1 0 0 3069b.dat
0 STEP
1 0 32 -78 0 0 -1 0 0 0 1 -1 0 0 2540.dat
1 0 32 -58 10 0 -1 0 0 0 1 -1 0 0 2420.dat
1 0 32 -38 -10 0 -1 0 1 0 0 0 0 1 4081b.dat
1 72 24 -18 0 0 -1 0 0 0 -1 1 0 0 85984.dat
1 72 40 -38 0 0 -1 0 0 0 -1 1 0 0 3069b.dat
1 72 40 -58 0 0 -1 0 0 0 -1 1 0 0 3069b.dat
1 72 40 -78 0 0 -1 0 0 0 -1 1 0 0 3069b.dat
0 STEP
1 0 30 -98 -20 0.866025 0 -0.5 -0.5 0 -0.866025 0 1 0 44676.dat
0 STEP
1 0 0 -30 40 0.965926 0 -0.258819 0 1 0 0.258819 0 0.965926 47455.dat
0 STEP
1 4 -20 -130 -30 1 0 0 0 0 1 0 -1 0 10-01-arm.ldr
0 STEP
1 7 50 -20 -28 -1 0 0 0 0 -1 0 -1 0 23-01-rotor-gyroscope.ldr
0 NOFILE
0 FILE 09-02-shoulder.ldr
0 Author: Nathanel Titane // nathanel.titane@gmail.com // All Rights Reserved
1 0 -10 -8 30 1 0 0 0 1 0 0 0 1 4287.dat
1 0 10 -8 30 1 0 0 0 1 0 0 0 1 4287.dat
1 25 0 -16 30 1 0 0 0 1 0 0 0 1 3069b.dat
0 STEP
1 0 -10 -16 0 0 0 1 0 1 0 -1 0 0 99780.dat
1 0 10 -16 0 0 0 -1 0 1 0 1 0 0 99780.dat
0 STEP
1 72 0 -40 0 0 0 -1 0 1 0 1 0 0 48170.dat
0 STEP
1 0 -10 -48 0 0 0 1 0 1 0 -1 0 0 99781.dat
1 0 10 -48 0 0 0 -1 0 1 0 1 0 0 99781.dat
0 STEP
1 0 -10 -56 0 0 0 1 0 1 0 -1 0 0 99780.dat
1 0 10 -56 0 0 0 -1 0 1 0 1 0 0 3069b.dat
0 STEP
1 72 -10 -80 0 0 0 -1 0 1 0 1 0 0 85943.dat
1 0 20 -70 0 0 0 1 1 0 0 0 1 0 53585.dat
1 0 20 -70 0 0 0 -1 0 1 0 1 0 0 32062.dat
0 STEP
1 0 -10 -88 0 0 0 1 0 1 0 -1 0 0 99781.dat
1 72 -10 -120 0 0 0 1 0 1 0 -1 0 0 2432.dat
0 STEP
1 0 32 -38 10 0 -1 0 -1 0 0 0 0 -1 4081b.dat
1 0 32 -38 -10 0 -1 0 1 0 0 0 0 1 4081b.dat
1 72 24 -18 0 0 -1 0 0 0 -1 1 0 0 85984.dat
1 72 40 -38 0 0 -1 0 0 0 -1 1 0 0 3069b.dat
0 STEP
1 0 -32 -78 0 0 1 0 0 0 1 1 0 0 2540.dat
1 0 -32 -58 10 0 1 0 1 0 0 0 0 -1 2420.dat
1 0 -32 -38 -10 0 1 0 -1 0 0 0 0 1 4081b.dat
1 72 -24 -18 0 0 1 0 0 0 -1 -1 0 0 85984.dat
1 72 -40 -38 0 0 1 0 0 0 -1 -1 0 0 3069b.dat
1 72 -40 -58 0 0 1 0 0 0 -1 -1 0 0 3069b.dat
1 72 -40 -78 0 0 1 0 0 0 -1 -1 0 0 3069b.dat
0 STEP
1 0 -30 -98 -20 0.866026 0 0.5 0.5 0 -0.866026 0 1 0 44676.dat
0 STEP
1 0 0 -30 40 -0.965926 0 -0.258819 0 1 0 0.258819 0 -0.965926 47455.dat
0 STEP
1 4 20 -130 -30 1 0 0 0 0 1 0 -1 0 10-02-arm.ldr
0 STEP
1 7 -50 -20 -28 -1 0 0 0 0 -1 0 -1 0 23-02-rotor-gyroscope.ldr
0 NOFILE
0 FILE 10-01-arm.ldr
0 Author: Nathanel Titane // nathanel.titane@gmail.com // All Rights Reserved
1 72 0 0 0 1 0 0 0 1 0 0 0 1 11203.dat
1 4 0 -8 0 1 0 0 0 1 0 0 0 1 3022.dat
0 STEP
1 0 0 -16 10 -1 0 0 0 1 0 0 0 -1 99781.dat
1 0 0 -16 -10 1 0 0 0 1 0 0 0 1 99781.dat
1 72 0 -6 24 -1 0 0 0 0 -1 0 -1 0 85984.dat
1 72 0 -6 -24 1 0 0 0 0 -1 0 1 0 85984.dat
0 STEP
1 72 0 -40 20 0 0 -1 0 1 0 1 0 0 92013.dat
1 72 0 -40 -20 0 0 1 0 1 0 -1 0 0 48169.dat
0 STEP
1 0 0 -48 0 1 0 0 0 1 0 0 0 1 3022.dat
1 72 0 -56 0 -1 0 0 0 1 0 0 0 -1 87580.dat
0 STEP
1 72 0 -40 30 -1 0 0 0 1 0 0 0 -1 85984.dat
1 72 0 -40 -30 1 0 0 0 1 0 0 0 1 85984.dat
0 STEP
1 4 -30 -30 -160.0001 0 -1 0 1 0 0 0 0 1 11-01-forearm.ldr
0 NOFILE
0 FILE 10-02-arm.ldr
0 Author: Nathanel Titane // nathanel.titane@gmail.com // All Rights Reserved
1 72 0 0 0 1 0 0 0 1 0 0 0 1 11203.dat
1 4 0 -8 0 1 0 0 0 1 0 0 0 1 3022.dat
0 STEP
1 0 0 -16 10 -1 0 0 0 1 0 0 0 -1 99781.dat
1 0 0 -16 -10 1 0 0 0 1 0 0 0 1 99781.dat
1 72 0 -6 24 -1 0 0 0 0 -1 0 -1 0 85984.dat
1 72 0 -6 -24 1 0 0 0 0 -1 0 1 0 85984.dat
0 STEP
1 72 0 -40 20 0 0 -1 0 1 0 1 0 0 92013.dat
1 72 0 -40 -20 0 0 1 0 1 0 -1 0 0 48169.dat
0 STEP
1 0 0 -48 0 1 0 0 0 1 0 0 0 1 3022.dat
1 72 0 -56 0 -1 0 0 0 1 0 0 0 -1 87580.dat
0 STEP
1 72 0 -40 30 -1 0 0 0 1 0 0 0 -1 85984.dat
1 72 0 -40 -30 1 0 0 0 1 0 0 0 1 85984.dat
0 STEP
1 4 30 -30 -160.0001 0 1 0 -1 0 0 0 0 1 11-02-forearm.ldr
0 STEP
0 NOFILE
0 FILE 11-01-forearm.ldr
0 Author: Nathanel Titane // nathanel.titane@gmail.com // All Rights Reserved
1 71 0 -8 90 -1 0 0 0 1 0 0 0 -1 32803.dat
0 STEP
1 71 -10 -8 60 0 0 1 0 1 0 -1 0 0 18677.dat
1 0 0 2 50 1 0 0 0 1 0 0 0 1 2780.dat
1 71 10 -8 60 0 0 1 0 1 0 -1 0 0 18677.dat
0 STEP
1 71 0 -8 -10 1 0 0 0 1 0 0 0 1 32803.dat
0 STEP
1 71 10 -8 20 0 0 -1 0 1 0 1 0 0 18677.dat
1 0 0 2 30 -1 0 0 0 1 0 0 0 -1 2780.dat
1 71 -10 -8 20 0 0 -1 0 1 0 1 0 0 18677.dat
0 STEP
1 72 0 -16 80 0 0 1 0 1 0 -1 0 0 3068b.dat
1 0 -10 -16 40 0 0 1 0 1 0 -1 0 0 99780.dat
1 0 10 -16 40 0 0 -1 0 1 0 1 0 0 99780.dat
0 STEP
1 0 -10 -16 0 0 0 1 0 1 0 -1 0 0 99207.dat
1 0 10 -16 0 0 0 -1 0 1 0 1 0 0 99207.dat
0 STEP
1 72 0 -40 40 0 0 -1 0 1 0 1 0 0 48170.dat
1 0 0 -30 80 0 0 -1 0 1 0 1 0 0 47455.dat
1 72 0 -40 10 1 0 0 0 1 0 0 0 1 3004.dat
1 0 -10 -40 -10 1 0 0 0 1 0 0 0 1 2921.dat
0 STEP
1 0 10 -48 30 -1 0 0 0 1 0 0 0 -1 2420.dat
1 72 0 -56 30 -1 0 0 0 1 0 0 0 -1 3069b.dat
1 72 0 -40 50 -1 0 0 0 1 0 0 0 -1 85984.dat
0 STEP
1 0 -10 -48 0 0 0 1 0 1 0 -1 0 0 11458.dat
0 STEP
1 1 0 -54 -10 1 0 0 0 1 0 0 0 1 43093.dat
1 0 10 -54 -10 1 0 0 0 -1 0 0 0 -1 6536.dat
1 0 10 -74 0 0 0 -1 0 -1 0 -1 0 0 6628.dat
0 STEP
1 71 0 -56 10 1 0 0 0 1 0 0 0 1 99563.dat
0 STEP
1 0 -32 -28 20 0 1 0 0 0 1 1 0 0 26601.dat
1 72 -40 -18 10 0 1 0 0 0 -1 -1 0 0 3070b.dat
1 72 -40 -38 30 0 1 0 1 0 0 0 0 -1 27263.dat
1 72 -24 -28 -10 0 1 0 -1 0 0 0 0 1 85984.dat
1 0 -32 -18 50 0 1 0 0 0 -1 -1 0 0 4081b.dat
1 72 -24 -18 60 0 1 0 1 0 0 0 0 -1 11477.dat
0 STEP
1 0 32 -28 20 0 -1 0 -1 0 0 0 0 -1 26601.dat
1 72 40 -18 10 0 -1 0 0 0 -1 1 0 0 3070b.dat
1 72 40 -38 30 0 -1 0 0 0 1 -1 0 0 27263.dat
1 72 24 -28 -10 0 -1 0 1 0 0 0 0 1 85984.dat
1 0 32 -18 50 0 -1 0 0 0 -1 1 0 0 4081b.dat
1 72 24 -18 60 0 -1 0 -1 0 0 0 0 -1 11477.dat
0 STEP
1 0 -30 2 20 1 0 0 0 0 -1 0 1 0 87994.dat
1 0 -30 12 38 0 0 1 -1 0 0 0 -1 0 35480.dat
1 0 -30 12 78 0 0 1 -1 0 0 0 -1 0 35480.dat
0 STEP
1 0 30 2 20 1 0 0 0 0 -1 0 1 0 87994.dat
1 0 30 12 38 0 0 1 -1 0 0 0 -1 0 35480.dat
1 0 30 12 78 0 0 1 -1 0 0 0 -1 0 35480.dat
0 STEP
1 0 30 22 10 1 0 0 0 0 -1 0 1 0 30374.dat
1 0 -30 12 62 0 0 -1 -1 0 0 0 1 0 35480.dat
1 0 -30 12 22 0 0 -1 -1 0 0 0 1 0 35480.dat
0 STEP
1 0 -30 22 10 1 0 0 0 0 -1 0 1 0 30374.dat
1 0 30 12 62 0 0 -1 -1 0 0 0 1 0 35480.dat
1 0 30 12 22 0 0 -1 -1 0 0 0 1 0 35480.dat
0 STEP
1 0 -30 2 -2 0 0 -1 -1 0 0 0 1 0 3062b.dat
1 0 30 2 -2 0 0 -1 -1 0 0 0 1 0 3062b.dat
0 STEP
1 0 -30 2 86 0 0 1 -1 0 0 0 -1 0 98138.dat
1 0 30 2 86 0 0 1 -1 0 0 0 -1 0 98138.dat
0 STEP
1 0 30 22 90 0.965926 0 0.258819 -0.258819 0 0.965926 0 -1 0 44676.dat
1 0 30 22 10 -0.965926 0 0.258819 0.258819 0 0.965926 0 1 0 44676.dat
1 0 -30 22 90 0.707107 0 -0.707107 0.707107 0 0.707107 0 -1 0 44676.dat
1 0 -30 22 10 -0.707107 0 -0.707107 -0.707107 0 0.707107 0 1 0 44676.dat
0 STEP
1 4 10 -78 30 1 0 0 0 -1 0 0 0 -1 12-01-hand.ldr
0 NOFILE
0 FILE 11-02-forearm.ldr
0 Author: Nathanel Titane // nathanel.titane@gmail.com // All Rights Reserved
1 71 0 -8 90 -1 0 0 0 1 0 0 0 -1 32803.dat
0 STEP
1 71 -10 -8 60 0 0 1 0 1 0 -1 0 0 18677.dat
1 0 0 2 50 1 0 0 0 1 0 0 0 1 2780.dat
1 71 10 -8 60 0 0 1 0 1 0 -1 0 0 18677.dat
0 STEP
1 71 0 -8 -10 1 0 0 0 1 0 0 0 1 32803.dat
0 STEP
1 71 -10 -8 20 0 0 -1 0 1 0 1 0 0 18677.dat
1 0 0 2 30 -1 0 0 0 1 0 0 0 -1 2780.dat
1 71 10 -8 20 0 0 -1 0 1 0 1 0 0 18677.dat
0 STEP
1 72 0 -16 80 0 0 1 0 1 0 -1 0 0 3068b.dat
1 0 -10 -16 40 0 0 1 0 1 0 -1 0 0 99780.dat
1 0 10 -16 40 0 0 -1 0 1 0 1 0 0 99780.dat
0 STEP
1 0 -10 -16 0 0 0 1 0 1 0 -1 0 0 99207.dat
1 0 10 -16 0 0 0 -1 0 1 0 1 0 0 99207.dat
0 STEP
1 72 0 -40 40 0 0 -1 0 1 0 1 0 0 48170.dat
1 0 0 -30 80 0 0 -1 0 1 0 1 0 0 47455.dat
1 72 0 -40 10 1 0 0 0 1 0 0 0 1 3004.dat
1 0 10 -40 -10 1 0 0 0 1 0 0 0 1 2921.dat
0 STEP
1 0 -10 -48 30 0 0 1 0 1 0 -1 0 0 2420.dat
1 72 0 -56 30 -1 0 0 0 1 0 0 0 -1 3069b.dat
1 72 0 -40 50 -1 0 0 0 1 0 0 0 -1 85984.dat
0 STEP
1 0 10 -48 0 0 0 1 0 1 0 -1 0 0 11458.dat
0 STEP
1 1 0 -54 -10 -1 0 0 0 1 0 0 0 -1 43093.dat
1 0 -10 -54 -10 1 0 0 0 -1 0 0 0 -1 6536.dat
1 0 -10 -74 0 0 0 -1 0 -1 0 -1 0 0 6628.dat
0 STEP
1 71 0 -56 10 1 0 0 0 1 0 0 0 1 99563.dat
0 STEP
1 0 -32 -28 20 0 1 0 0 0 1 1 0 0 26601.dat
1 72 -40 -18 10 0 1 0 0 0 -1 -1 0 0 3070b.dat
1 72 -40 -38 30 0 1 0 1 0 0 0 0 -1 27263.dat
1 72 -24 -28 -10 0 1 0 -1 0 0 0 0 1 85984.dat
1 0 -32 -18 50 0 1 0 0 0 -1 -1 0 0 4081b.dat
1 72 -24 -18 60 0 1 0 1 0 0 0 0 -1 11477.dat
0 STEP
1 0 32 -28 20 0 -1 0 -1 0 0 0 0 -1 26601.dat
1 72 40 -18 10 0 -1 0 0 0 -1 1 0 0 3070b.dat
1 72 40 -38 30 0 -1 0 0 0 1 -1 0 0 27263.dat
1 72 24 -28 -10 0 -1 0 1 0 0 0 0 1 85984.dat
1 0 32 -18 50 0 -1 0 0 0 -1 1 0 0 4081b.dat
1 72 24 -18 60 0 -1 0 -1 0 0 0 0 -1 11477.dat
0 STEP
1 0 -30 2 20 1 0 0 0 0 -1 0 1 0 87994.dat
1 0 -30 12 38 0 0 1 -1 0 0 0 -1 0 35480.dat
1 0 -30 12 78 0 0 1 -1 0 0 0 -1 0 35480.dat
0 STEP
1 0 30 2 20 1 0 0 0 0 -1 0 1 0 87994.dat
1 0 30 12 38 0 0 1 -1 0 0 0 -1 0 35480.dat
1 0 30 12 78 0 0 1 -1 0 0 0 -1 0 35480.dat
0 STEP
1 0 30 22 10 1 0 0 0 0 -1 0 1 0 30374.dat
1 0 -30 12 62 0 0 -1 -1 0 0 0 1 0 35480.dat
1 0 -30 12 22 0 0 -1 -1 0 0 0 1 0 35480.dat
0 STEP
1 0 -30 22 10 1 0 0 0 0 -1 0 1 0 30374.dat
1 0 30 12 62 0 0 -1 -1 0 0 0 1 0 35480.dat
1 0 30 12 22 0 0 -1 -1 0 0 0 1 0 35480.dat
0 STEP
1 0 -30 2 -2 0 0 -1 -1 0 0 0 1 0 3062b.dat
1 0 30 2 -2 0 0 -1 -1 0 0 0 1 0 3062b.dat
0 STEP
1 0 -30 2 86 0 0 1 -1 0 0 0 -1 0 98138.dat
1 0 30 2 86 0 0 1 -1 0 0 0 -1 0 98138.dat
0 STEP
1 0 30 22 90 0.707107 0 0.707107 -0.707107 0 0.707107 0 -1 0 44676.dat
1 0 30 22 10 -0.707107 0 0.707107 0.707107 0 0.707107 0 1 0 44676.dat
1 0 -30 22 90 0.965926 0 -0.258819 0.258819 0 0.965926 0 -1 0 44676.dat
1 0 -30 22 10 -0.965926 0 -0.258819 -0.258819 0 0.965926 0 1 0 44676.dat
0 STEP
1 4 -10 -78 30 1 0 0 0 -1 0 0 0 -1 12-02-hand.ldr
0 NOFILE
0 FILE 12-01-hand.ldr
0 Author: Nathanel Titane // nathanel.titane@gmail.com // All Rights Reserved
1 0 -10 0 0 0 0 1 0 1 0 -1 0 0 36840.dat
1 0 10 0 0 0 0 -1 0 1 0 1 0 0 36840.dat
0 STEP
1 71 0 -8 0 -1 0 0 0 1 0 0 0 -1 14704.dat
0 STEP
1 71 0 -16 -10 -1 0 0 0 1 0 0 0 -1 33909.dat
1 71 0 -24 -20 -1 0 0 0 1 0 0 0 -1 99563.dat
1 71 0 -8 -20 1 0 0 0 1 0 0 0 1 48336.dat
0 STEP
1 0 0 -6 -40 0 0 1 -1 0 0 0 -1 0 48729b.dat
1 0 -10 -6 -40 0 0 -1 1 0 0 0 -1 0 48729b.dat
1 0 10 -6 -40 0 0 1 -1 0 0 0 -1 0 48729b.dat
0 STEP
1 0 -32 -2 0 0 1 0 -1 0 0 0 0 1 26047.dat
1 0 -30 -2 -20 -1 0 0 0 0 -1 0 -1 0 48729b.dat
0 STEP
1 0 32 -2 0 0 -1 0 1 0 0 0 0 1 26047.dat
1 0 30 -2 -20 -1 0 0 0 0 -1 0 -1 0 48729b.dat
0 NOFILE
0 FILE 12-02-hand.ldr
0 Author: Nathanel Titane // nathanel.titane@gmail.com // All Rights Reserved
1 0 -10 0 0 0 0 1 0 1 0 -1 0 0 36840.dat
1 0 10 0 0 0 0 -1 0 1 0 1 0 0 36840.dat
0 STEP
1 71 0 -8 0 -1 0 0 0 1 0 0 0 -1 14704.dat
0 STEP
1 71 0 -16 -10 -1 0 0 0 1 0 0 0 -1 33909.dat
1 71 0 -24 -20 -1 0 0 0 1 0 0 0 -1 99563.dat
1 71 0 -8 -20 1 0 0 0 1 0 0 0 1 48336.dat
0 STEP
1 0 0 -6 -40 0 0 -1 1 0 0 0 -1 0 48729b.dat
1 0 -10 -6 -40 0 0 -1 1 0 0 0 -1 0 48729b.dat
1 0 10 -6 -40 0 0 1 -1 0 0 0 -1 0 48729b.dat
0 STEP
1 0 -32 -2 0 0 1 0 -1 0 0 0 0 1 26047.dat
1 0 -30 -2 -20 -1 0 0 0 0 -1 0 -1 0 48729b.dat
0 STEP
1 0 32 -2 0 0 -1 0 1 0 0 0 0 1 26047.dat
1 0 30 -2 -20 -1 0 0 0 0 -1 0 -1 0 48729b.dat
0 NOFILE
0 FILE 13-hood.ldr
0 Author: Nathanel Titane // nathanel.titane@gmail.com // All Rights Reserved
1 0 0 0 0 -1 0 0 0 1 0 0 0 -1 48336.dat
1 0 0 -8 0 1 0 0 0 1 0 0 0 1 99563.dat
1 0 0 8 0 1 0 0 0 1 0 0 0 1 48336.dat
0 STEP
1 0 0 8 -40 -1 0 0 0 1 0 0 0 -1 60470.dat
1 72 0 16 -50 -1 0 0 0 1 0 0 0 -1 11203.dat
1 0 0 8 -60 1 0 0 0 1 0 0 0 1 48336.dat
1 0 0 0 -50 1 0 0 0 1 0 0 0 1 33909.dat
