0 FILE 00-instructions.ldr
0 Name: 00-instructions.ldr
0 Author: Nathanel Titane // nathanel.titane@gmail.com // All Rights Reserved
0
0 // LPUB[3D] FRONT COVER PAGE /////////////////////////////////////////////////
0
0 !LPUB PAGE DOCUMENT_TITLE_FRONT COLOR "#666666"
0 !LPUB PAGE DOCUMENT_TITLE_FRONT CONTENT GLOBAL "MODEL // VF-19S EXCALIBUR // SUPER BATTROID"
0 !LPUB PAGE DOCUMENT_TITLE_FRONT DISPLAY GLOBAL TRUE
0 !LPUB PAGE DOCUMENT_TITLE_FRONT FONT "Noto Sans,72,-1,0,75,0,0,0,0,0,Bold"
0 !LPUB PAGE DOCUMENT_TITLE_FRONT MARGINS 0.2500 0.1000
0 !LPUB PAGE DOCUMENT_TITLE_FRONT PLACEMENT GLOBAL TOP_LEFT PAGE INSIDE OFFSET 0.0000 0.0000

0 !LPUB PAGE DOCUMENT_AUTHOR_FRONT CONTENT GLOBAL "MODEL DESIGN AND INSTRUCTIONS // NATHANEL TITANE"
0 !LPUB PAGE DOCUMENT_AUTHOR_FRONT COLOR "#666666"
0 !LPUB PAGE DOCUMENT_AUTHOR_FRONT DISPLAY GLOBAL TRUE
0 !LPUB PAGE DOCUMENT_AUTHOR_FRONT FONT "Noto Sans,18,-1,0,75,0,0,0,0,0,Bold"
0 !LPUB PAGE DOCUMENT_AUTHOR_FRONT MARGINS 0.3000 1.0000
0 !LPUB PAGE DOCUMENT_AUTHOR_FRONT PLACEMENT TOP_LEFT PAGE INSIDE OFFSET 0.0000 0.0000

0 !LPUB PAGE MODEL_PARTS COLOR "#666666"
0 !LPUB PAGE MODEL_PARTS CONTENT GLOBAL "1050 PIECES"
0 !LPUB PAGE MODEL_PARTS DISPLAY GLOBAL TRUE
0 !LPUB PAGE MODEL_PARTS FONT "Noto Sans,72,-1,0,75,0,0,0,0,0,Bold"
0 !LPUB PAGE MODEL_PARTS MARGINS 0.2500 0.1000
0 !LPUB PAGE MODEL_PARTS PLACEMENT GLOBAL BOTTOM_LEFT PAGE INSIDE OFFSET 0.0000 0.0000

0 !LPUB PAGE PUBLISH_DESCRIPTION COLOR "#666666"
0 !LPUB PAGE PUBLISH_DESCRIPTION CONTENT GLOBAL "LEGO // LINUX - Where Lego and Linux Meet"
0 !LPUB PAGE PUBLISH_DESCRIPTION DISPLAY GLOBAL TRUE
0 !LPUB PAGE PUBLISH_DESCRIPTION FONT "Noto Sans,36,-1,0,75,0,0,0,0,0,Bold"
0 !LPUB PAGE PUBLISH_DESCRIPTION MARGINS 0.2000 0.2000
0 !LPUB PAGE PUBLISH_DESCRIPTION PLACEMENT GLOBAL BOTTOM_RIGHT PAGE INSIDE OFFSET 0.0000 0.0000
0
0 // LPUB[3D] BACK COVER PAGE //////////////////////////////////////////////////
0
0 // LPUB[3D] DOCUMENT DISCLAIMER
0 !LPUB PAGE LEGO_DISCLAIMER COLOR "#666666"
0 !LPUB PAGE LEGO_DISCLAIMER CONTENT GLOBAL "LEGO® // REGISTERED TRADEMARK OF THE LEGO GROUP"
0 !LPUB PAGE LEGO_DISCLAIMER DISPLAY GLOBAL TRUE
0 !LPUB PAGE LEGO_DISCLAIMER FONT "Noto Sans,36,-1,0,75,0,0,0,0,0,Bold"
0 !LPUB PAGE LEGO_DISCLAIMER PLACEMENT GLOBAL CENTER PAGE INSIDE OFFSET 0.0000 -0.2500
0
0 // LPUB[3D] PAGE DOCUMENT AUTHOR
0 !LPUB PAGE DOCUMENT_AUTHOR_BACK COLOR "#666666"
0 !LPUB PAGE DOCUMENT_AUTHOR_BACK CONTENT GLOBAL "MODEL DESIGN AND INSTRUCTIONS // NATHANEL TITANE"
0 !LPUB PAGE DOCUMENT_AUTHOR_BACK DISPLAY GLOBAL TRUE
0 !LPUB PAGE DOCUMENT_AUTHOR_BACK FONT "Noto Sans,36,-1,0,75,0,0,0,0,0,Bold"
0 !LPUB PAGE DOCUMENT_AUTHOR_BACK PLACEMENT CENTER PAGE INSIDE OFFSET 0.0000 -0.2000
0
0 // LPUB[3D] PAGE PUBLICATION COPYRIGHT
0 !LPUB PAGE PUBLISH_COPYRIGHT_BACK COLOR "#666666"
0 !LPUB PAGE PUBLISH_COPYRIGHT_BACK CONTENT GLOBAL "COPYRIGHT // ALL RIGHTS RESERVED"
0 !LPUB PAGE PUBLISH_COPYRIGHT_BACK DISPLAY GLOBAL TRUE
0 !LPUB PAGE PUBLISH_COPYRIGHT_BACK FONT "Noto Sans,36,-1,0,75,0,0,0,0,0,Bold"
0 !LPUB PAGE PUBLISH_COPYRIGHT_BACK PLACEMENT GLOBAL CENTER PAGE INSIDE OFFSET 0.0000 -0.1500
0
0 // LPUB[3D] PAGE PUBLICATION EMAIL
0 !LPUB PAGE PUBLISH_EMAIL_BACK COLOR "#666666"
0 !LPUB PAGE PUBLISH_EMAIL_BACK CONTENT GLOBAL "CONTACT // NATHANEL.TITANE@GMAIL.COM // INFO@LEGOLINUX.COM"
0 !LPUB PAGE PUBLISH_EMAIL_BACK DISPLAY GLOBAL TRUE
0 !LPUB PAGE PUBLISH_EMAIL_BACK FONT "Noto Sans,18,-1,0,75,0,0,0,0,0,Bold"
0 !LPUB PAGE PUBLISH_EMAIL_BACK PLACEMENT GLOBAL CENTER PAGE INSIDE OFFSET 0.0000 -0.0500
0
0 // LPUB[3D] PAGE PUBLICATION URL
0 !LPUB PAGE PUBLISH_URL_BACK COLOR "#666666"
0 !LPUB PAGE PUBLISH_URL_BACK CONTENT GLOBAL "WEB // HTTPS://LEGOLINUX.COM/MODELS/VERITECHS/VF-19-EXCALIBUR-BATTROID-SUPER"
0 !LPUB PAGE PUBLISH_URL_BACK DISPLAY GLOBAL TRUE
0 !LPUB PAGE PUBLISH_URL_BACK FONT "Noto Sans,18,-1,0,75,0,0,0,0,0,Bold"
0 !LPUB PAGE PUBLISH_URL_BACK PLACEMENT GLOBAL CENTER PAGE INSIDE OFFSET 0.0000 -0.0250
0
0 // LPUB[3D] PAGE LOGO
0 !LPUB PAGE DOCUMENT_LOGO_BACK DISPLAY GLOBAL TRUE
0 !LPUB PAGE DOCUMENT_LOGO_BACK FILE GLOBAL "/media/internal/Lego/lpub3d/instructions/logo.png"
0 !LPUB PAGE DOCUMENT_LOGO_BACK PLACEMENT CENTER PAGE INSIDE OFFSET 0.0000 0.45000
0 !LPUB PAGE DOCUMENT_LOGO_BACK SCALE GLOBAL  1.0000
0
0 // LPUB[3D] CONFIGURATION ////////////////////////////////////////////////////
0
0 // LPUB[3D] PAGE WATERMARK
0 !LPUB PAGE PUBLISH_EMAIL CONTENT GLOBAL "CONTACT // NATHANEL.TITANE@GMAIL.COM // INFO@LEGOLINUX.COM"
0 !LPUB PAGE PUBLISH_EMAIL COLOR "#666666"
0 !LPUB PAGE PUBLISH_EMAIL DISPLAY GLOBAL TRUE
0 !LPUB PAGE PUBLISH_EMAIL FONT "Noto Sans,18,-1,0,75,0,0,0,0,0,Bold"
0 !LPUB PAGE PUBLISH_EMAIL MARGINS 0.0000 0.1500
0 !LPUB PAGE PUBLISH_EMAIL PLACEMENT GLOBAL BOTTOM PAGE INSIDE OFFSET 0.0000 0.0000
0 !LPUB PAGE DOCUMENT_AUTHOR CONTENT GLOBAL "MODEL DESIGN AND INSTRUCTIONS // NATHANEL TITANE"
0 !LPUB PAGE DOCUMENT_AUTHOR COLOR "#666666"
0 !LPUB PAGE DOCUMENT_AUTHOR DISPLAY GLOBAL TRUE
0 !LPUB PAGE DOCUMENT_AUTHOR FONT "Noto Sans,18,-1,0,75,0,0,0,0,0,Bold"
0 !LPUB PAGE DOCUMENT_AUTHOR MARGINS 0.0000 0.2000
0 !LPUB PAGE DOCUMENT_AUTHOR PLACEMENT GLOBAL TOP PAGE INSIDE OFFSET 0.0000 0.0000
0
0 // LPUB[3D] STEPS HIGHLIGHT
0 !LPUB HIGHLIGHT_STEP ENABLED GLOBAL TRUE
0 !LPUB HIGHLIGHT_STEP COLOR GLOBAL "#7137C8"
0
0 // LPUB[3D] STEP FADE
0 !LPUB FADE_STEP OPACITY GLOBAL "50"
0 !LPUB FADE_STEP COLOR GLOBAL "Trans_Black"
0 !LPUB FADE_STEP ENABLED GLOBAL TRUE
0 !LPUB FINAL_MODEL_ENABLED GLOBAL TRUE
0
0 // LPUB[3D] SUBMODEL PREVIEW
0 !LPUB SUBMODEL_DISPLAY SHOW GLOBAL TRUE
0 !LPUB SUBMODEL_DISPLAY BACKGROUND COLOR "#DDDDDD"
0 !LPUB SUBMODEL_DISPLAY MARGINS 0.1500 0.7500
0 !LPUB SUBMODEL_DISPLAY BORDER SQUARE 0 Black 0.031 MARGINS 0.050 0.050
0 !LPUB SUBMODEL_DISPLAY PLACEMENT GLOBAL LEFT PAGE INSIDE
0 !LPUB SUBMODEL_DISPLAY CAMERA_ANGLES 30.0000 45.0000
0
0 // LPUB[3D] ASSEMBLIES
0 !LPUB ASSEM CAMERA_ANGLES 30.0000 45.0000
0 !LPUB ASSEM MARGINS 0.5000 0.5000
0 !LPUB ASSEM MODEL_SCALE 1.0000
0 !LPUB ASSEM PLACEMENT CENTER PAGE INSIDE OFFSET 0.0000 0.0000
0
0 // LPUB[3D] BILL OF MATERIALS
0 !LPUB BOM BACKGROUND COLOR "#DDDDDD"
0 !LPUB BOM BORDER SQUARE 0 #666666 0.025 MARGINS 0.050 0.050
0 !LPUB BOM CONSTRAIN HEIGHT 13.0000
0 !LPUB BOM CONSTRAIN SQUARE
0 !LPUB BOM PLACEMENT CENTER PAGE INSIDE OFFSET 0.0000 0.0000
0
0 // LPUB[3D] CALLOUTS
0 !LPUB CALLOUT BORDER SQUARE 0 #666666 0.025 MARGINS 0.050 0.050
0 !LPUB CALLOUT MARGINS 0.1250 0.1250
0 !LPUB CALLOUT PLACEMENT RIGHT PAGE INSIDE OFFSET 0.0000 0.0000
0
0 // LPUB[3D] PAGE
0 !LPUB PAGE DOCUMENT_COVER_IMAGE DISPLAY GLOBAL TRUE
0 !LPUB PAGE DOCUMENT_COVER_IMAGE FILE GLOBAL "../renders/flat/flat.png"
0 !LPUB PAGE DOCUMENT_COVER_IMAGE FILL GLOBAL ASPECT
0 !LPUB PAGE DOCUMENT_COVER_IMAGE MARGINS GLOBAL 0.0000 0.0000
0 !LPUB PAGE DOCUMENT_COVER_IMAGE PLACEMENT GLOBAL CENTER PAGE INSIDE OFFSET 0.0000 0.0000
0 !LPUB PAGE DOCUMENT_COVER_IMAGE SCALE GLOBAL 1.0000
0
0 // LPUB[3D] PAGE NUMBER
0 !LPUB PAGE NUMBER FONT "Noto Sans,36,-1,0,75,0,0,0,0,0,Bold"
0 !LPUB PAGE NUMBER FONT_COLOR "#666666"
0 !LPUB PAGE NUMBER MARGINS 0.1250 0.1250
0 !LPUB PAGE NUMBER PLACEMENT BOTTOM_RIGHT PAGE INSIDE OFFSET 0.0000 0.0000
0
0 // LPUB[3D] PAGE SETUP
0 !LPUB PAGE BORDER GLOBAL NONE 0 MARGINS 0.000 0.000
0 !LPUB PAGE ENABLE_TEXT_PLACEMENT GLOBAL CENTER PAGE INSIDE OFFSET 0.0000 0.0000
0 !LPUB PAGE TEXT_PLACEMENT GLOBAL TRUE
0 !LPUB PAGE PAGE_FOOTER SIZE GLOBAL 32.0000 0.5000
0 !LPUB PAGE PAGE_HEADER SIZE GLOBAL 32.0000 0.5000
0 !LPUB PAGE MARGINS GLOBAL 0.0000 0.0000
0 !LPUB PAGE ORIENTATION GLOBAL LANDSCAPE
0 !LPUB PAGE SIZE GLOBAL 16.0000 32.0000
0
0 // LPUB[3D] PAGE COLORS
0 !LPUB PAGE SUBMODEL_BACKGROUND_COLOR GLOBAL "#DDDDDD" "#FFE680" "#FFAAAA" "#C6AFE9"
0
0 // LPUB[3D] SUBMODELS
0 !LPUB PAGE SUBMODEL_INSTANCE_COUNT FONT_COLOR "#FF5555"
0 !LPUB PAGE SUBMODEL_INSTANCE_COUNT FONT "Noto Sans,72,-1,0,75,0,0,0,0,0,Bold"
0 !LPUB PAGE SUBMODEL_INSTANCE_COUNT MARGINS 0.0000 0.1250
0 !LPUB PAGE SUBMODEL_INSTANCE_COUNT PLACEMENT BOTTOM_RIGHT PAGE INSIDE OFFSET 0.0000 -0.0500
0
0 // LPUB[3D] PARTS LIST
0 !LPUB PLI BACKGROUND COLOR "#DDDDDD"
0 !LPUB PLI BORDER SQUARE 0 #666666 0.025 MARGINS 0.0500 0.050
0 !LPUB PLI CAMERA_ANGLES 30.0000 45.0000
0 !LPUB PLI CONSTRAIN HEIGHT 5.0000
0 !LPUB PLI MODEL_SCALE  1.0000
0 !LPUB PLI MARGINS 0.1500 0.7500
0 !LPUB PLI PLACEMENT TOP_RIGHT PAGE INSIDE OFFSET 0.0000 0.0000
0 !LPUB PLI INSTANCE_COUNT FONT "Noto Sans,36,-1,0,75,0,0,0,0,0,Bold"
0 !LPUB PLI INSTANCE_COUNT FONT_COLOR "#666666"
0 !LPUB PLI INSTANCE_COUNT MARGINS 0.0125 0.0125
0 !LPUB PLI INSTANCE_COUNT MARGINS 0.0125 0.3000
0
0 // LPUB[3D] STEP NUMBER
0 !LPUB STEP_NUMBER FONT "Noto Sans,72,-1,0,75,0,0,0,0,0,Bold"
0 !LPUB STEP_NUMBER FONT_COLOR "#666666"
0 !LPUB STEP_NUMBER MARGINS 0.1250 0.0000
0 !LPUB STEP_NUMBER PLACEMENT TOP_LEFT PAGE INSIDE OFFSET 0.0000 0.0000
0
0 // LPUB[3D] BEGIN INSTRUCTIONS ///////////////////////////////////////////////
0
0 STEP
0 !LPUB INSERT COVER_PAGE FRONT
0 STEP
0 !LPUB ASSEM MODEL_SCALE LOCAL 0.7500
1 0 0 0 0 1 0 0 0 1 0 0 0 1 00-model.ldr
0 STEP
0
0 // LPUB[3D] DISABLE FINAL MODEL SHOWCASE /////////////////////////////////////
0
0 !LPUB NOSTEP
0
0 // LPUB[3D] BOM PAGES
0 STEP
0 !LPUB INSERT PAGE
0 !LPUB INSERT BOM
0 STEP
0 !LPUB INSERT PAGE
0 !LPUB INSERT BOM
0 STEP
0 !LPUB INSERT PAGE
0 !LPUB INSERT BOM
0 STEP
0 !LPUB INSERT PAGE
0 !LPUB INSERT BOM
0 STEP
0 !LPUB INSERT PAGE
0 !LPUB INSERT BOM
0 STEP
0 !LPUB INSERT PAGE
0 !LPUB INSERT BOM
0 STEP
0 !LPUB INSERT PAGE
0 !LPUB INSERT BOM
0 STEP
0 !LPUB INSERT PAGE
0 !LPUB INSERT BOM
0 STEP
0 !LPUB INSERT PAGE
0 !LPUB INSERT BOM
0 STEP
0 !LPUB INSERT PAGE
0 !LPUB INSERT BOM
0 STEP
0 !LPUB INSERT PAGE
0 !LPUB INSERT BOM
0 STEP
0 !LPUB INSERT PAGE
0 !LPUB INSERT BOM
0 STEP
0
0 !LPUB NOSTEP
0
0 !LPUB INSERT COVER_PAGE BACK
0
0 // LPUB[3D] END INSTRUCTIONS /////////////////////////////////////////////////
0
0 NOFILE
0 FILE 00-model.ldr
0 
0 Name: 00-model.ldr
0 Author: Nathanel Titane // nathanel.titane@gmail.com // All Rights Reserved
0 !LEOCAD PIECE PIVOT  0 -38 120 1 0 0 0 1 0 0 0 1
1 0 0 -112.076 -97.7634 1 0 0 0 0.258819 0.965926 0 -0.965926 0.258819 01-cockpit.ldr
0 STEP
0 !LEOCAD PIECE PIVOT  0 -6 -30 1 0 0 0 1 0 0 0 1
1 0 0 -2.6374 0.4089 1 0 0 0 0.996195 -0.087156 0 0.087156 0.996195 05-hinge.ldr
0 STEP
0 !LEOCAD PIECE PIVOT  0 -54 -10 1 0 0 0 1 0 0 0 1
1 0 0 -66.9932 56.1248 1 0 0 0 -0.766044 -0.642788 0 0.642788 -0.766044 06-back.ldr
0 STEP
0 STEP
0 NOFILE
0 FILE 01-cockpit.ldr
0 
0 Name: 01-cockpit.ldr
0 Author: Nathanel Titane // nathanel.titane@gmail.com // All Rights Reserved
1 15 0 0 60 -1 0 0 0 1 0 0 0 -1 32803.dat
1 71 -10 8 20 1 0 0 0 1 0 0 0 1 3024.dat
1 71 10 8 20 1 0 0 0 1 0 0 0 1 3024.dat
1 15 0 0 -20 1 0 0 0 1 0 0 0 1 32803.dat
0 STEP
1 0 0 0 0 -1 0 0 0 1 0 0 0 -1 3023.dat
1 0 0 -16 30 -1 0 0 0 1 0 0 0 -1 48172.dat
0 STEP
1 0 0 -24 60 0 0 1 0 1 0 -1 0 0 32802.dat
1 15 0 -24 -10 0 0 1 0 1 0 -1 0 0 4871.dat
0 STEP
1 71 0 -16 60 -1 0 0 0 1 0 0 0 -1 99781.dat
1 71 0 -6 82 -1 0 0 0 0 -1 0 -1 0 48336.dat
1 71 0 -6 90 -1 0 0 0 0 -1 0 -1 0 3069b.dat
0 STEP
0 !LEOCAD GROUP BEGIN Group #1
1 71 -10 14 80 -1 0 0 0 0.069756 -0.997564 0 -0.997564 -0.069756 30377.dat
1 71 0 14 80 -1 0 0 0 0.069756 -0.997564 0 -0.997564 -0.069756 30377.dat
1 71 10 14 80 -1 0 0 0 0.069756 -0.997564 0 -0.997564 -0.069756 30377.dat
0 STEP
0 !LEOCAD GROUP END
1 71 -10 -16 -30 0 0 1 0 1 0 -1 0 0 18677.dat
1 71 10 -16 -30 0 0 1 0 1 0 -1 0 0 18677.dat
1 0 0 -6 -40 -1 0 0 0 1 0 0 0 -1 2780.dat
1 0 -30 -6 -40 0 1 0 1 0 0 0 0 -1 87994.dat
0 STEP
1 0 0 -24 30 0 0 -1 0 1 0 1 0 0 3034.dat
1 0 -10 -32 110 0 0 -1 0 1 0 1 0 0 30383.dat
1 0 10 -32 110 0 0 -1 0 1 0 1 0 0 30383.dat
0 STEP
1 0 0 -24 120 -1 0 0 0 1 0 0 0 -1 32803.dat
1 0 0 -24 90 1 0 0 0 1 0 0 0 1 15068.dat
0 STEP
1 0 0 -48 0 -1 0 0 0 1 0 0 0 -1 30363.dat
1 0 0 -24 -20 -1 0 0 0 1 0 0 0 -1 85984.dat
1 0 0 -24 -40 1 0 0 0 1 0 0 0 1 85984.dat
0 STEP
1 15 -30 -48 60 -1 0 0 0 1 0 0 0 -1 4287.dat
1 15 30 -48 60 -1 0 0 0 1 0 0 0 -1 4287.dat
1 15 30 -48 0 -1 0 0 0 1 0 0 0 -1 4287.dat
1 15 -30 -48 0 -1 0 0 0 1 0 0 0 -1 4287.dat
0 STEP
1 15 -30 -32 -60 1 0 0 0 1 0 0 0 1 24201.dat
1 15 30 -32 -60 1 0 0 0 1 0 0 0 1 24201.dat
1 15 30 -48 -30 0 0 -1 0 1 0 1 0 0 3004.dat
1 15 -30 -48 -30 0 0 -1 0 1 0 1 0 0 3004.dat
0 STEP
1 4 -30 -40 -60 -1 0 0 0 1 0 0 0 -1 3024.dat
1 4 30 -40 -60 -1 0 0 0 1 0 0 0 -1 3024.dat
1 0 -30 -48 -60 0 0 -1 0 1 0 1 0 0 3024.dat
1 0 30 -48 -60 0 0 -1 0 1 0 1 0 0 3024.dat
0 STEP
1 72 0 -56 0 -1 0 0 0 1 0 0 0 -1 2540.dat
1 72 20 -54 20 0 -1 0 1 0 0 0 0 1 2335.dat
0 STEP
1 72 0 -80 0 1 0 0 0 1 0 0 0 1 3937.dat
0 !LEOCAD PIECE PIVOT  0 10 0 1 0 0 0 1 0 0 0 1
1 71 0 -75 -8.6603 -1 0 0 0 0.5 0.866025 0 0.866025 -0.5 3938.dat
1 72 0 -91 -36.3731 1 0 0 0 0.5 -0.866025 0 0.866025 0.5 2432.dat
0 STEP
1 71 -30 -56 -30 0 0 -1 0 1 0 1 0 0 2431.dat
1 71 30 -56 -30 0 0 -1 0 1 0 1 0 0 2431.dat
0 STEP
1 15 -30 -72 80 -1 0 0 0 1 0 0 0 -1 3040.dat
1 15 30 -72 80 -1 0 0 0 1 0 0 0 -1 3040.dat
1 15 -30 -72 60 1 0 0 0 1 0 0 0 1 3040.dat
1 15 30 -72 60 1 0 0 0 1 0 0 0 1 3040.dat
1 15 -30 -72 70 0 0 1 0 1 0 -1 0 0 85984.dat
1 15 30 -72 70 0 0 -1 0 1 0 1 0 0 85984.dat
0 STEP
1 38 -30 -56 20 -1 0 0 0 1 0 0 0 -1 3024.dat
1 38 30 -56 20 -1 0 0 0 1 0 0 0 -1 3024.dat
1 0 -30 -80 20 -1 0 0 0 1 0 0 0 -1 3665.dat
1 0 30 -80 20 -1 0 0 0 1 0 0 0 -1 3665.dat
0 STEP
1 0 -20 -88 20 0 0 1 0 1 0 -1 0 0 92946.dat
1 0 20 -88 20 0 0 -1 0 1 0 1 0 0 92946.dat
1 71 0 -80 30 0 0 -1 0 1 0 1 0 0 11203.dat
0 STEP
1 0 0 -88 50 0 0 -1 0 1 0 1 0 0 3022.dat
1 71 0 -88 80 -1 0 0 0 1 0 0 0 -1 32803.dat
0 STEP
1 0 10 -96 30 0 0 1 0 1 0 -1 0 0 92280.dat
1 0 -10 -96 30 0 0 1 0 1 0 -1 0 0 92280.dat
1 0 -10 -104 40 0 0 1 0 1 0 -1 0 0 28192.dat
1 0 10 -104 40 0 0 -1 0 1 0 1 0 0 28192.dat
0 STEP
1 0 -10 -96 70 0 0 1 0 1 0 -1 0 0 2540.dat
1 0 10 -96 70 0 0 -1 0 1 0 1 0 0 2540.dat
1 0 -30 -94 50 0.866026 0 -0.5 -0.5 0 -0.866026 0 1 0 44676.dat
1 0 30 -94 50 0.866026 0 0.5 0.5 0 -0.866026 0 1 0 44676.dat
0 STEP
1 0 0 -104 60 1 0 0 0 1 0 0 0 1 99563.dat
1 0 -10 -88 90 -1 0 0 0 1 0 0 0 -1 11477.dat
1 0 10 -88 90 -1 0 0 0 1 0 0 0 -1 11477.dat
0 STEP
1 47 0 -102 20 1 0 0 0 1 0 0 0 1 92579.dat
0 STEP
0 !LEOCAD PIECE PIVOT  0 -6 20 1 0 0 0 1 0 0 0 1
1 0 0 14.4014 -64.4486 1 0 0 0 0.48481 -0.87462 0 0.87462 0.48481 02-01-nose.ldr
0 STEP
0 !LEOCAD PIECE PIVOT  0 0 10 1 0 0 0 1 0 0 0 1
1 0 -28 -6 -50 0 1 0 -1 0 0 0 0 1 03-tab.ldr
0 STEP
0 !LEOCAD PIECE PIVOT  0 0 -10 1 0 0 0 1 0 0 0 1
1 0 28 -6 -50 0 -1 0 -1 0 0 0 0 -1 03-tab.ldr
0 STEP
0 !LEOCAD PIECE PIVOT  0 -6 20 1 0 0 0 1 0 0 0 1
1 0 0 86.2558 -87.153 1 0 0 0 0.069757 -0.997564 0 0.997564 0.069757 02-02-nose.ldr
0 STEP
0 !LEOCAD PIECE PIVOT  0 0 10 1 0 0 0 1 0 0 0 1
1 0 -28 55.9237 -90.8718 0 1 0 -0.087156 0 -0.996195 -0.996195 0 0.087156 03-tab.ldr
0 STEP
0 !LEOCAD PIECE PIVOT  0 0 -10 1 0 0 0 1 0 0 0 1
1 0 28 55.9237 -90.8718 0 -1 0 -0.087156 0 0.996195 -0.996195 0 -0.087156 03-tab.ldr
0 STEP
0 !LEOCAD PIECE PIVOT  0 2 20 1 0 0 0 1 0 0 0 1
1 0 0 39.7769 59.6496 1 0 0 0 -0.882948 -0.469472 0 0.469472 -0.882948 04-air-brake.ldr
0 STEP
0 !LEOCAD PIECE PIVOT  0 -14 60 1 0 0 0 1 0 0 0 1
1 0 -70.4188 22.8162 83.4516 -0.984808 -0.000001 0.173648 -0.044944 0.965926 -0.254887 -0.167731 -0.258819 -0.951251 13-01-hip.ldr
0 STEP
0 !LEOCAD PIECE PIVOT  0 -14 60 1 0 0 0 1 0 0 0 1
1 0 70.4189 22.8162 83.4516 -0.984808 0.000001 -0.173648 0.044944 0.965926 -0.254887 0.167731 -0.258819 -0.951251 13-02-hip.ldr
0 NOFILE
0 FILE 02-01-nose.ldr
0 
0 Name: 02-01-nose.ldr
0 Author: Nathanel Titane // nathanel.titane@gmail.com // All Rights Reserved
1 15 0 -24 -10 0 0 1 0 1 0 -1 0 0 4871.dat
0 STEP
1 71 10 -16 10 0 0 -1 0 1 0 1 0 0 18677.dat
1 71 -10 -16 10 0 0 -1 0 1 0 1 0 0 18677.dat
1 0 0 -6 20 1 0 0 0 1 0 0 0 1 2780.dat
1 0 -30 -6 20 0 1 0 1 0 0 0 0 -1 87994.dat
0 STEP
1 71 -10 -16 -30 0 0 1 0 1 0 -1 0 0 18677.dat
1 71 10 -16 -30 0 0 1 0 1 0 -1 0 0 18677.dat
1 0 0 -6 -40 -1 0 0 0 1 0 0 0 -1 2780.dat
1 0 30 -6 -40 0 -1 0 1 0 0 0 0 1 87994.dat
0 STEP
1 71 -10 -24 0 0 0 -1 0 1 0 1 0 0 2555.dat
1 71 10 -24 0 0 0 -1 0 1 0 1 0 0 2555.dat
0 STEP
1 72 0 -24 20 1 0 0 0 1 0 0 0 1 99563.dat
1 4 0 -24 -30 1 0 0 0 1 0 0 0 1 3022.dat
0 STEP
1 72 -10 -32 -30 0 0 -1 0 1 0 1 0 0 18649.dat
1 72 10 -32 -30 0 0 -1 0 1 0 1 0 0 18649.dat
1 72 0 -32 -20 1 0 0 0 1 0 0 0 1 85984.dat
0 STEP
0 !LEOCAD PIECE PIVOT  0 -6 0 1 0 0 0 1 0 0 0 1
1 71 -10 -30 -66 0 0 -1 1 0 0 0 -1 0 2555.dat
0 !LEOCAD PIECE PIVOT  0 -6 0 1 0 0 0 1 0 0 0 1
1 71 10 -30 -66 0 0 -1 1 0 0 0 -1 0 2555.dat
0 STEP
1 72 0 -56 -40 -1 0 0 0 1 0 0 0 -1 3937.dat
0 !LEOCAD PIECE PIVOT  0 10 0 1 0 0 0 1 0 0 0 1
1 71 0 -51 -31.3397 1 0 0 0 0.5 0.866025 0 -0.866025 0.5 3938.dat
0 STEP
1 72 0 -55 -24.4115 1 0 0 0 0.5 0.866025 0 -0.866025 0.5 99780.dat
1 72 -10 -55 -24.4115 0 0 -1 0.866025 0.5 0 0.5 -0.866025 0 54200.dat
1 72 10 -55 -24.4115 0 0 1 -0.866025 0.5 0 -0.5 -0.866025 0 54200.dat
0 STEP
1 15 -30 -48 -20 0 0 -1 0 1 0 1 0 0 3622.dat
1 71 -30 -56 -10 0 0 -1 0 1 0 1 0 0 3069b.dat
1 71 -30 -56 -40 1 0 0 0 1 0 0 0 1 28192.dat
1 15 -30 -32 -60 1 0 0 0 1 0 0 0 1 24201.dat
0 STEP
1 15 30 -48 -20 0 0 -1 0 1 0 1 0 0 3622.dat
1 71 30 -56 -10 0 0 -1 0 1 0 1 0 0 3069b.dat
1 71 30 -56 -40 1 0 0 0 1 0 0 0 1 28192.dat
1 15 30 -32 -60 1 0 0 0 1 0 0 0 1 24201.dat
0 NOFILE
0 FILE 02-02-nose.ldr
0 
0 Name: 02-02-nose.ldr
0 Author: Nathanel Titane // nathanel.titane@gmail.com // All Rights Reserved
1 15 0 -24 -10 0 0 1 0 1 0 -1 0 0 4871.dat
1 71 10 -16 10 0 0 -1 0 1 0 1 0 0 18677.dat
1 71 -10 -16 10 0 0 -1 0 1 0 1 0 0 18677.dat
1 0 0 -6 20 1 0 0 0 1 0 0 0 1 2780.dat
1 0 -30 -6 20 0 1 0 1 0 0 0 0 -1 87994.dat
0 STEP
1 71 0 -16 -50 0 0 -1 0 1 0 1 0 0 3020.dat
1 15 0 -24 -50 1 0 0 0 1 0 0 0 1 43713.dat
0 STEP
1 72 0 -24 20 1 0 0 0 1 0 0 0 1 99563.dat
0 STEP
1 72 0 -40 -60 1 0 0 0 1 0 0 0 1 3004.dat
1 72 0 -40 0 1 0 0 0 1 0 0 0 1 3004.dat
0 STEP
1 15 -30 -32 -30 0 0 -1 0 1 0 1 0 0 3710.dat
1 15 30 -32 -30 0 0 -1 0 1 0 1 0 0 3710.dat
1 15 0 -32 -130 1 0 0 0 1 0 0 0 1 43719.dat
0 STEP
1 72 0 -48 -30 0 0 -1 0 1 0 1 0 0 3020.dat
0 STEP
1 71 -10 -56 0 0 0 1 0 1 0 -1 0 0 28192.dat
1 71 10 -56 0 0 0 -1 0 1 0 1 0 0 28192.dat
0 STEP
1 15 -10 -56 -60 0 0 1 0 1 0 -1 0 0 28192.dat
1 15 -10 -56 -40 0 0 1 0 1 0 -1 0 0 28192.dat
1 15 -10 -56 -20 0 0 1 0 1 0 -1 0 0 28192.dat
1 15 10 -56 -60 0 0 -1 0 1 0 1 0 0 28192.dat
1 15 10 -56 -40 0 0 -1 0 1 0 1 0 0 28192.dat
1 15 10 -56 -20 0 0 -1 0 1 0 1 0 0 28192.dat
0 STEP
1 15 0 -56 -110 1 0 0 0 1 0 0 0 1 47753.dat
0 NOFILE
0 FILE 03-tab.ldr
0 
0 Name: 03-tab.ldr
0 Author: Nathanel Titane // nathanel.titane@gmail.com // All Rights Reserved
1 0 0 0 0 0 0 -1 0 1 0 1 0 0 35480.dat
0 STEP
1 15 0 -8 10 -1 0 0 0 1 0 0 0 -1 24246.dat
1 15 0 -8 -10 1 0 0 0 1 0 0 0 1 24246.dat
0 NOFILE
0 FILE 04-air-brake.ldr
0 
0 Name: 04-air-brake.ldr
0 Author: Nathanel Titane // nathanel.titane@gmail.com // All Rights Reserved
1 71 0 0 0 -1 0 0 0 1 0 0 0 -1 48336.dat
1 0 0 0 -20 1 0 0 0 1 0 0 0 1 32803.dat
0 STEP
1 15 0 -24 10 1 0 0 0 1 0 0 0 1 47753.dat
0 STEP
0 NOFILE
0 FILE 05-hinge.ldr
0 
0 Name: 05-hinge.ldr
0 Author: Nathanel Titane // nathanel.titane@gmail.com // All Rights Reserved
1 0 -10 -8 0 0 0 1 0 1 0 -1 0 0 44302a.dat
1 0 10 -8 0 0 0 1 0 1 0 -1 0 0 44302a.dat
0 STEP
1 0 -10 -16 0 0 0 -1 0 1 0 1 0 0 44302a.dat
1 0 10 -16 0 0 0 -1 0 1 0 1 0 0 44302a.dat
0 STEP
1 0 0 -24 0 -1 0 0 0 1 0 0 0 -1 3068b.dat
0 STEP
1 72 -10 0 10 -1 0 0 0 1 0 0 0 -1 3024.dat
1 72 10 0 10 -1 0 0 0 1 0 0 0 -1 3024.dat
1 72 10 0 -10 -1 0 0 0 1 0 0 0 -1 3024.dat
1 72 -10 0 -10 -1 0 0 0 1 0 0 0 -1 3024.dat
0 STEP
0 NOFILE
0 FILE 06-back.ldr
0 
0 Name: 06-back.ldr
0 Author: Nathanel Titane // nathanel.titane@gmail.com // All Rights Reserved
0 !LEOCAD PIECE PIVOT  10 -6 0 1 0 0 0 1 0 0 0 1
1 0 -10 -3.3493 -5.2499 0 0 1 -0.573577 0.819152 0 -0.819152 -0.573577 0 30383.dat
0 !LEOCAD PIECE PIVOT  10 -6 0 1 0 0 0 1 0 0 0 1
1 0 10 -3.3493 -5.2499 0 0 1 -0.573577 0.819152 0 -0.819152 -0.573577 0 30383.dat
0 !LEOCAD PIECE PIVOT  0 0 20 1 0 0 0 1 0 0 0 1
1 0 -10 -34 -10 1 0 0 0 0 1 0 -1 0 30554a.dat
0 !LEOCAD PIECE PIVOT  0 0 20 1 0 0 0 1 0 0 0 1
1 0 10 -34 -10 1 0 0 0 0 1 0 -1 0 30554a.dat
0 STEP
1 0 -10 14.6755 6.5445 0 0 1 -0.573577 0.819152 0 -0.819152 -0.573577 0 32028.dat
1 0 10 14.6755 6.5445 0 0 -1 0.573577 0.819152 0 0.819152 -0.573577 0 32028.dat
0 STEP
1 0 0 -2.5319 -18.0301 1 0 0 0 0.819152 0.573577 0 -0.573577 0.819152 32803.dat
1 72 -10 26.9645 10.1474 0 0 1 -0.573577 0.819152 0 -0.819152 -0.573577 0 3024.dat
1 72 10 26.9645 10.1474 0 0 -1 0.573577 0.819152 0 0.819152 -0.573577 0 3024.dat
0 STEP
1 0 -10 31.0653 43.8992 0 0 1 -0.573577 0.819152 0 -0.819152 -0.573577 0 92593.dat
1 0 10 31.0653 43.8992 0 0 -1 0.573577 0.819152 0 0.819152 -0.573577 0 92593.dat
1 0 -10 1.569 15.7217 0 0 1 -0.573577 0.819152 0 -0.819152 -0.573577 0 99207.dat
1 0 10 1.569 15.7217 0 0 -1 0.573577 0.819152 0 0.819152 -0.573577 0 99207.dat
0 STEP
1 0 0 -4.9842 20.3103 0 0 1 -0.573577 0.819152 0 -0.819152 -0.573577 0 3068b.dat
1 0 24 -0.0693 16.8689 0 -1 0 0.573577 0 -0.819152 0.819152 0 0.573577 85984.dat
1 0 24 -16.4523 28.3404 0 -1 0 -0.573577 0 0.819152 -0.819152 0 -0.573577 85984.dat
1 0 -24 -0.0693 16.8689 0 1 0 -0.573577 0 -0.819152 -0.819152 0 0.573577 85984.dat
1 0 -24 -16.4523 28.3404 0 1 0 0.573577 0 0.819152 0.819152 0 -0.573577 85984.dat
0 STEP
1 15 0 35.9836 64.8709 0 0 -1 0.573577 0.819152 0 0.819152 -0.573577 0 4854.dat
1 15 0 81.8699 130.4031 0 0 -1 0.573577 0.819152 0 0.819152 -0.573577 0 4854.dat
0 STEP
1 0 0 52.3735 102.2256 0 0 -1 0.573577 0.819152 0 0.819152 -0.573577 0 3003.dat
1 0 -10 99.8947 142.1976 0 0 1 -0.573577 0.819152 0 -0.819152 -0.573577 0 92593.dat
1 0 10 99.8947 142.1976 0 0 -1 0.573577 0.819152 0 0.819152 -0.573577 0 92593.dat
0 STEP
1 0 -10 40.0845 98.6227 1 0 0 0 0.819152 0.573577 0 -0.573577 0.819152 28192.dat
1 0 10 40.0845 98.6227 1 0 0 0 0.819152 0.573577 0 -0.573577 0.819152 28192.dat
1 0 -10 51.5561 115.0058 -1 0 0 0 0.819152 -0.573577 0 -0.573577 -0.819152 28192.dat
1 0 10 51.5561 115.0058 -1 0 0 0 0.819152 -0.573577 0 -0.573577 -0.819152 28192.dat
0 STEP
1 0 0 128.5735 183.1552 -1 0 0 0 0.819152 -0.573577 0 -0.573577 -0.819152 32803.dat
1 0 10 116.2845 179.5522 0 0 -1 0.573577 0.819152 0 0.819152 -0.573577 0 99207.dat
1 0 -10 116.2845 179.5522 0 0 1 -0.573577 0.819152 0 -0.819152 -0.573577 0 99207.dat
0 STEP
1 0 24 114.6462 180.6994 0 -1 0 0.573577 0 -0.819152 0.819152 0 0.573577 85984.dat
1 0 24 98.2632 192.171 0 -1 0 -0.573577 0 0.819152 -0.819152 0 -0.573577 85984.dat
1 0 -24 114.6462 180.6994 0 1 0 -0.573577 0 -0.819152 -0.819152 0 0.573577 85984.dat
1 0 -24 98.2632 192.171 0 1 0 0.573577 0 0.819152 0.819152 0 -0.573577 85984.dat
0 STEP
1 38 0 115.4671 192.3324 1 0 0 0 0.819152 0.573577 0 -0.573577 0.819152 3023.dat
1 0 0 111.3662 158.5806 1 0 0 0 0.819152 0.573577 0 -0.573577 0.819152 15068.dat
0 STEP
1 0 -30 40.902 85.8425 0 0 1 -0.573577 0.819152 0 -0.819152 -0.573577 0 3666.dat
1 0 30 40.902 85.8425 0 0 1 -0.573577 0.819152 0 -0.819152 -0.573577 0 3666.dat
1 4 -30 34.3488 90.4311 0 0 1 -0.573577 0.819152 0 -0.819152 -0.573577 0 3666.dat
1 4 30 34.3488 90.4311 0 0 1 -0.573577 0.819152 0 -0.819152 -0.573577 0 3666.dat
0 STEP
1 15 -30 11.4056 57.6651 0 0 -1 0.573577 0.819152 0 0.819152 -0.573577 0 85984.dat
1 15 30 11.4056 57.6651 0 0 1 -0.573577 0.819152 0 -0.819152 -0.573577 0 85984.dat
1 15 -30 34.3488 90.4311 0 0 -1 0.573577 0.819152 0 0.819152 -0.573577 0 85984.dat
1 15 30 34.3488 90.4311 0 0 1 -0.573577 0.819152 0 -0.819152 -0.573577 0 85984.dat
1 15 -30 57.2919 123.1972 0 0 -1 0.573577 0.819152 0 0.819152 -0.573577 0 85984.dat
1 15 30 57.2919 123.1972 0 0 1 -0.573577 0.819152 0 -0.819152 -0.573577 0 85984.dat
0 STEP
1 15 -30 73.6818 160.552 0 0 -1 0.573577 0.819152 0 0.819152 -0.573577 0 32000.dat
1 15 30 73.6817 160.552 0 0 1 -0.573577 0.819152 0 -0.819152 -0.573577 0 32000.dat
1 15 -30 73.6818 160.552 0 0 -1 0.573577 0.819152 0 0.819152 -0.573577 0 85984.dat
1 15 30 73.6817 160.552 0 0 1 -0.573577 0.819152 0 -0.819152 -0.573577 0 85984.dat
0 STEP
0 !LEOCAD PIECE PIVOT  0 10 0 1 0 0 0 1 0 0 0 1
1 0 0 95.8074 206.0982 1 0 0 0 0.819152 0.573577 0 -0.573577 0.819152 3937.dat
0 !LEOCAD GROUP BEGIN Group #2
0 !LEOCAD PIECE PIVOT  0 10 0 1 0 0 0 1 0 0 0 1
1 71 0 95.8074 206.0982 1 0 0 0 0.819152 0.573577 0 -0.573577 0.819152 3938.dat
0 STEP
0 !LEOCAD PIECE PIVOT  0 10 0 1 0 0 0 1 0 0 0 1
1 0 0 76.1477 219.8642 -1 0 0 0 0.819152 -0.573577 0 -0.573577 -0.819152 3937.dat
0 !LEOCAD GROUP END
0 !LEOCAD GROUP BEGIN Group #1
0 !LEOCAD PIECE PIVOT  0 10 0 1 0 0 0 1 0 0 0 1
1 71 0 83.4677 224.0905 1 0 0 0 0.087155 0.996195 0 -0.996195 0.087155 3938.dat
0 STEP
0 !LEOCAD PIECE PIVOT  0 10 0 1 0 0 0 1 0 0 0 1
1 15 -10 81.376 247.9993 0 0 1 -0.996195 0.087155 0 -0.087155 -0.996195 0 4070.dat
0 !LEOCAD PIECE PIVOT  0 10 0 1 0 0 0 1 0 0 0 1
1 15 10 81.376 247.9993 0 0 -1 0.996195 0.087155 0 0.087155 -0.996195 0 4070.dat
0 !LEOCAD PIECE PIVOT  0 10 0 1 0 0 0 1 0 0 0 1
1 15 0 81.376 247.9993 -1 0 0 0 0.087155 -0.996195 0 -0.996195 -0.087155 85984.dat
0 STEP
0 !LEOCAD GROUP END
1 0 -40 87.6091 163.0077 1 0 0 0 0.819152 0.573577 0 -0.573577 0.819152 2780.dat
1 0 40 87.6091 163.0077 -1 0 0 0 0.819152 -0.573577 0 -0.573577 -0.819152 2780.dat
0 STEP
0 !LEOCAD PIECE PIVOT  0 10 10 1 0 0 0 1 0 0 0 1
1 0 -50 86.3765 177.0962 1 0 0 0 -0.642788 0.766044 0 -0.766044 -0.642788 07-01-torso.ldr
0 STEP
0 !LEOCAD PIECE PIVOT  0 -22 30 1 0 0 0 1 0 0 0 1
1 0 0 -30.6552 322.8881 -1 0 0 0 0.5 0.866025 0 0.866025 -0.5 07-03-chestplate.ldr
0 STEP
0 !LEOCAD PIECE PIVOT  0 10 10 1 0 0 0 1 0 0 0 1
1 0 50 86.3765 177.0962 1 0 0 0 -0.642788 0.766044 0 -0.766044 -0.642788 07-02-torso.ldr
0 STEP
0 NOFILE
0 FILE 07-01-torso.ldr
0 
0 Name: 07-01-torso.ldr
0 Author: Nathanel Titane // nathanel.titane@gmail.com // All Rights Reserved
1 15 0 0 0 0 0 1 0 1 0 -1 0 0 32000.dat
1 15 0 0 -120 0 0 1 0 1 0 -1 0 0 3660.dat
1 15 0 0 -60 0 0 1 0 1 0 -1 0 0 3010.dat
0 STEP
1 15 0 24 -30 -1 0 0 0 1 0 0 0 -1 4287.dat
1 15 0 24 -90 1 0 0 0 1 0 0 0 1 4287.dat
0 STEP
1 71 0 24 -60 0 0 1 0 1 0 -1 0 0 3023.dat
1 72 0 32 -50 0 0 1 0 1 0 -1 0 0 3024.dat
1 72 0 32 -70 0 0 1 0 1 0 -1 0 0 3024.dat
0 STEP
1 0 0 -8 -60 0 0 1 0 1 0 -1 0 0 3666.dat
1 0 0 0 0 -1 0 0 0 1 0 0 0 -1 11477.dat
0 STEP
1 0 0 -16 -60 0 0 -1 0 1 0 1 0 0 2431.dat
1 72 0 -16 -110 0 0 -1 0 1 0 1 0 0 36840.dat
0 STEP
1 0 0 -24 -100 -1 0 0 0 1 0 0 0 -1 15672.dat
1 15 -20 -24 -130 1 0 0 0 1 0 0 0 1 2357.dat
0 STEP
1 15 -10 -48 -160 0 0 -1 0 1 0 1 0 0 2456.dat
1 71 -10 -24 -150 1 0 0 0 1 0 0 0 1 14418.dat
1 71 -10 -24 -190 0 0 -1 0 1 0 1 0 0 3021.dat
0 STEP
1 4 -10 -16 -180 0 0 -1 0 1 0 1 0 0 3020.dat
1 72 0 -8 -190 0 0 -1 0 1 0 1 0 0 3024.dat
1 72 -20 -8 -190 0 0 -1 0 1 0 1 0 0 3024.dat
0 STEP
1 0 -10 -8 -160 0 0 -1 0 1 0 1 0 0 11203.dat
1 0 -10 -16 -230 1 0 0 0 1 0 0 0 1 32803.dat
0 STEP
1 0 -10 -40 -230 1 0 0 0 1 0 0 0 1 3937.dat
1 71 -10 -40 -230 1 0 0 0 1 0 0 0 1 3938.dat
1 0 -10 -48 -240 0 0 1 0 1 0 -1 0 0 24299.dat
0 STEP
1 72 -30 -56 -100 -1 0 0 0 1 0 0 0 -1 2429.dat
1 72 -10 -56 -160 0 0 -1 0 1 0 1 0 0 3020.dat
0 !LEOCAD GROUP BEGIN Group #1
1 72 -30 -56 -100 0.258819 0 -0.965926 0 1 0 0.965926 0 0.258819 2430.dat
0 STEP
0 !LEOCAD GROUP END
1 0 -10 -64 -160 0 0 -1 0 1 0 1 0 0 3022.dat
1 0 -10 -64 -120 1 0 0 0 1 0 0 0 1 3068b.dat
0 STEP
1 0 -10 -72 -150 1 0 0 0 1 0 0 0 1 99563.dat
1 0 -10 -72 -200 1 0 0 0 1 0 0 0 1 93606.dat
0 STEP
0 !LEOCAD GROUP BEGIN Group #1
1 0 -53.8014 -56 -72.9169 -0.258819 0 0.965926 0 1 0 -0.965926 0 -0.258819 32803.dat
1 71 -44.1422 -64 -75.5051 -0.258819 0 0.965926 0 1 0 -0.965926 0 -0.258819 3022.dat
0 STEP
1 71 -34.483 -72 -78.0933 0.258819 0 -0.965926 0 1 0 0.965926 0 0.258819 3023.dat
1 71 -53.8015 -72 -72.9168 -0.258819 0 0.965926 0 1 0 -0.965926 0 -0.258819 14704.dat
0 STEP
1 0 -53.8015 -88 -72.9168 -0.258819 0 0.965926 0 1 0 -0.965926 0 -0.258819 99206.dat
0 STEP
1 0 -5.505 -72 -85.8578 0.258819 0 -0.965926 0 1 0 0.965926 0 0.258819 43719.dat
1 15 -24.8236 -96 -80.6815 0.258819 0 -0.965926 0 1 0 0.965926 0 0.258819 47753.dat
0 STEP
0 !LEOCAD GROUP END
0 !LEOCAD PIECE PIVOT  0 10 -10 1 0 0 0 1 0 0 0 1
1 0 -85.1953 -74.1237 -71.8254 0.482964 0.466506 -0.741025 -0.866025 0.129411 -0.482964 -0.129409 0.875 0.466506 15-01-shoulder.ldr
0 STEP
0 NOFILE
0 FILE 07-02-torso.ldr
0 
0 Name: 07-02-torso.ldr
0 Author: Nathanel Titane // nathanel.titane@gmail.com // All Rights Reserved
1 15 0 0 0 0 0 1 0 1 0 -1 0 0 32000.dat
1 15 0 0 -120 0 0 -1 0 1 0 1 0 0 3660.dat
1 15 0 0 -60 0 0 1 0 1 0 -1 0 0 3010.dat
0 STEP
1 15 0 24 -30 -1 0 0 0 1 0 0 0 -1 4287.dat
1 15 0 24 -90 1 0 0 0 1 0 0 0 1 4287.dat
0 STEP
1 71 0 24 -60 0 0 1 0 1 0 -1 0 0 3023.dat
1 72 0 32 -50 0 0 1 0 1 0 -1 0 0 3024.dat
1 72 0 32 -70 0 0 1 0 1 0 -1 0 0 3024.dat
0 STEP
1 0 0 -8 -60 0 0 1 0 1 0 -1 0 0 3666.dat
1 0 0 0 0 -1 0 0 0 1 0 0 0 -1 11477.dat
0 STEP
1 0 0 -16 -60 0 0 -1 0 1 0 1 0 0 2431.dat
1 72 0 -16 -110 0 0 1 0 1 0 -1 0 0 36840.dat
0 STEP
1 0 0 -24 -100 -1 0 0 0 1 0 0 0 -1 15672.dat
1 15 20 -24 -130 0 0 -1 0 1 0 1 0 0 2357.dat
0 STEP
1 15 10 -48 -160 0 0 -1 0 1 0 1 0 0 2456.dat
1 71 10 -24 -150 -1 0 0 0 1 0 0 0 -1 14418.dat
1 71 10 -24 -190 0 0 -1 0 1 0 1 0 0 3021.dat
0 STEP
1 4 10 -16 -180 0 0 -1 0 1 0 1 0 0 3020.dat
1 72 20 -8 -190 0 0 -1 0 1 0 1 0 0 3024.dat
1 72 0 -8 -190 0 0 -1 0 1 0 1 0 0 3024.dat
0 STEP
1 0 10 -8 -160 0 0 -1 0 1 0 1 0 0 11203.dat
1 0 10 -16 -230 1 0 0 0 1 0 0 0 1 32803.dat
0 STEP
1 0 10 -40 -230 1 0 0 0 1 0 0 0 1 3937.dat
1 71 10 -40 -230 1 0 0 0 1 0 0 0 1 3938.dat
1 0 10 -48 -240 0 0 -1 0 1 0 1 0 0 24307.dat
0 STEP
1 72 30 -56 -100 -1 0 0 0 1 0 0 0 -1 2430.dat
1 72 10 -56 -160 0 0 -1 0 1 0 1 0 0 3020.dat
0 !LEOCAD GROUP BEGIN Group #1
1 72 30 -56 -100 0.258819 0 0.965926 0 1 0 -0.965926 0 0.258819 2429.dat
0 STEP
0 !LEOCAD GROUP END
1 0 10 -64 -160 0 0 -1 0 1 0 1 0 0 3022.dat
1 0 10 -64 -120 1 0 0 0 1 0 0 0 1 3068b.dat
0 STEP
1 0 10 -72 -150 1 0 0 0 1 0 0 0 1 99563.dat
1 0 10 -72 -200 1 0 0 0 1 0 0 0 1 93606.dat
0 STEP
0 !LEOCAD GROUP BEGIN Group #1
1 0 53.8014 -56 -72.9169 -0.258819 0 -0.965926 0 1 0 0.965926 0 -0.258819 32803.dat
1 71 44.1422 -64 -75.5051 -0.258819 0 -0.965926 0 1 0 0.965926 0 -0.258819 3022.dat
0 STEP
1 71 34.483 -72 -78.0933 0.258819 0 0.965926 0 1 0 -0.965926 0 0.258819 3023.dat
1 71 53.8015 -72 -72.9168 -0.258819 0 -0.965926 0 1 0 0.965926 0 -0.258819 14704.dat
0 STEP
1 0 53.8015 -88 -72.9168 -0.258819 0 -0.965926 0 1 0 0.965926 0 -0.258819 99206.dat
0 STEP
1 0 5.505 -72 -85.8578 0.258819 0 0.965926 0 1 0 -0.965926 0 0.258819 43719.dat
1 15 24.8236 -96 -80.6815 0.258819 0 0.965926 0 1 0 -0.965926 0 0.258819 47753.dat
0 STEP
0 !LEOCAD GROUP END
0 !LEOCAD PIECE PIVOT  0 10 50 1 0 0 0 1 0 0 0 1
1 0 114.8364 -93.4422 -53.1651 -0.482964 -0.466506 -0.741025 -0.866025 0.129411 0.482964 -0.129409 0.875 -0.466506 15-02-shoulder.ldr
0 STEP
0 NOFILE
0 FILE 07-03-chestplate.ldr
0 
0 Name: 07-03-chestplate.ldr
0 Author: Nathanel Titane // nathanel.titane@gmail.com // All Rights Reserved
1 15 0 0 0 1 0 0 0 1 0 0 0 1 43713.dat
1 71 0 16 -50 1 0 0 0 1 0 0 0 1 85984.dat
1 71 0 16 -30 1 0 0 0 1 0 0 0 1 85984.dat
1 71 0 16 -10 1 0 0 0 1 0 0 0 1 85984.dat
0 STEP
1 71 0 -8 -90 1 0 0 0 1 0 0 0 1 99563.dat
1 71 0 -8 -70 1 0 0 0 1 0 0 0 1 99563.dat
1 15 -30 -8 0 0 0 1 0 1 0 -1 0 0 99563.dat
1 15 30 -8 0 0 0 1 0 1 0 -1 0 0 99563.dat
0 STEP
1 72 0 -8 20 0 0 -1 0 1 0 1 0 0 92013.dat
1 71 -10 16 30 0 0 -1 0 1 0 1 0 0 3024.dat
1 71 10 16 30 0 0 -1 0 1 0 1 0 0 3024.dat
0 STEP
1 72 -10 -16 20 0 0 -1 0 1 0 1 0 0 11458.dat
1 72 10 -16 20 0 0 -1 0 1 0 1 0 0 11458.dat
1 72 0 -16 10 1 0 0 0 1 0 0 0 1 85984.dat
0 STEP
1 0 -20 -22 30 1 0 0 0 1 0 0 0 1 6628.dat
1 0 20 -22 30 -1 0 0 0 1 0 0 0 -1 6628.dat
0 STEP
0 !LEOCAD PIECE PIVOT  0 -76 -30 1 0 0 0 1 0 0 0 1
1 0 0 70.6361 102.7416 1 0 0 0 0.984808 -0.173648 0 0.173648 0.984808 14-head.ldr
0 NOFILE
0 FILE 08-heel.ldr
0 
0 Name: 08-heel.ldr
0 Author: Nathanel Titane // nathanel.titane@gmail.com // All Rights Reserved
1 0 -10 24 10 0 0 -1 0 1 0 1 0 0 3024.dat
1 0 10 24 10 0 0 -1 0 1 0 1 0 0 3024.dat
0 STEP
1 0 0 0 0 0 0 -1 0 1 0 1 0 0 92013.dat
0 STEP
1 0 0 16 -30 1 0 0 0 1 0 0 0 1 32803.dat
1 0 -10 -8 -10 1 0 0 0 1 0 0 0 1 28192.dat
1 0 10 -8 -10 1 0 0 0 1 0 0 0 1 28192.dat
0 STEP
1 0 0 -8 10 -1 0 0 0 1 0 0 0 -1 3069b.dat
0 NOFILE
0 FILE 09-toe.ldr
0 
0 Name: 09-toe.ldr
0 Author: Nathanel Titane // nathanel.titane@gmail.com // All Rights Reserved
1 0 -10 24 10 0 0 -1 0 1 0 1 0 0 3024.dat
1 0 10 24 10 0 0 -1 0 1 0 1 0 0 3024.dat
1 0 0 24 -20 0 0 -1 0 1 0 1 0 0 11203.dat
0 STEP
1 0 0 0 0 0 0 -1 0 1 0 1 0 0 92013.dat
1 0 0 0 -40 0 0 -1 0 1 0 1 0 0 3003.dat
0 STEP
1 0 0 16 -70 1 0 0 0 1 0 0 0 1 32803.dat
1 0 -10 -8 -50 1 0 0 0 1 0 0 0 1 28192.dat
1 0 10 -8 -50 1 0 0 0 1 0 0 0 1 28192.dat
0 STEP
1 0 0 -8 -10 0 0 -1 0 1 0 1 0 0 26603.dat
0 NOFILE
0 FILE 10-01-shin.ldr
0 
0 Name: 10-01-shin.ldr
0 Author: Nathanel Titane // nathanel.titane@gmail.com // All Rights Reserved
1 15 0 0 0 0 0 1 0 1 0 -1 0 0 3795.dat
0 STEP
1 15 0 8 20 0 0 1 0 1 0 -1 0 0 11203.dat
1 15 0 0 70 -1 0 0 0 1 0 0 0 -1 32803.dat
1 15 0 0 -70 1 0 0 0 1 0 0 0 1 32803.dat
0 STEP
1 71 -10 8 -20 0 0 1 0 1 0 -1 0 0 6134.dat
0 !LEOCAD GROUP BEGIN Group #6
0 !LEOCAD PIECE PIVOT  0 10 0 1 0 0 0 1 0 0 0 1
1 15 -10 8 -20 0 0 -1 0 1 0 1 0 0 3937.dat
1 72 -10 31.9999 -20 0 0 1 0 1 0 -1 0 0 14417.dat
1 71 -10 40 -30 0 0 -1 0 1 0 1 0 0 3024.dat
1 71 -10 40 -10 0 0 -1 0 1 0 1 0 0 3024.dat
0 STEP
0 !LEOCAD GROUP END
1 71 -10 -24 -10 0 0 1 0 1 0 -1 0 0 4070.dat
1 71 10 -24 -10 0 0 -1 0 1 0 1 0 0 4070.dat
1 71 -10 -24 -30 0 0 1 0 1 0 -1 0 0 4070.dat
1 71 10 -24 -30 0 0 -1 0 1 0 1 0 0 4070.dat
0 STEP
1 72 -24 -14 -20 0 1 0 0 0 -1 -1 0 0 3023.dat
1 72 24 -14 -20 0 -1 0 0 0 -1 1 0 0 3023.dat
1 15 24 -14 -20 0 -1 0 0 0 -1 1 0 0 85984.dat
0 STEP
1 15 0 -24 40 0 0 -1 0 1 0 1 0 0 4854.dat
1 15 0 -24 -60 0 0 -1 0 1 0 1 0 0 4871.dat
1 15 0 -16 40 0 0 -1 0 1 0 1 0 0 87079.dat
0 STEP
1 72 0 -32 -50 -1 0 0 0 1 0 0 0 -1 32064.dat
1 72 0 -32 -70 -1 0 0 0 1 0 0 0 -1 32064.dat
0 STEP
1 72 0 -48 -20 0 0 -1 0 1 0 1 0 0 48171.dat
1 0 0 -38 20 0 -1 0 0 0 -1 1 0 0 47455.dat
0 STEP
1 72 0 -56 -50 -1 0 0 0 1 0 0 0 -1 32000.dat
1 72 0 -56 -70 -1 0 0 0 1 0 0 0 -1 32000.dat
0 STEP
1 72 0 -64 -10 -1 0 0 0 1 0 0 0 -1 99206.dat
1 72 0 -64 -40 -1 0 0 0 1 0 0 0 -1 3022.dat
0 STEP
1 72 0 -80 -70 -1 0 0 0 1 0 0 0 -1 32064.dat
0 STEP
1 72 0 -88 -10 -1 0 0 0 1 0 0 0 -1 32000.dat
1 72 0 -88 -40 -1 0 0 0 1 0 0 0 -1 3003.dat
0 STEP
1 0 0 -22 -70 0 0 -1 0 1 0 1 0 0 4519.dat
1 0 0 -22 -90 0 0 1 1 0 0 0 1 0 32474.dat
0 STEP
1 0 0 -70 -80 0 0 -1 0 1 0 1 0 0 32062.dat
1 0 0 -70 -90 0 0 -1 -1 0 0 0 1 0 32474.dat
0 STEP
0 !LEOCAD PIECE PIVOT  0 10 0 1 0 0 0 1 0 0 0 1
1 71 0 -78 0 -1 0 0 0 0 1 0 1 0 3938.dat
0 !LEOCAD GROUP BEGIN Group #5
0 !LEOCAD PIECE PIVOT  0 10 0 1 0 0 0 1 0 0 0 1
1 15 0 -78 0 -1 0 0 0 0 1 0 1 0 3937.dat
0 !LEOCAD PIECE PIVOT  0 10 0 1 0 0 0 1 0 0 0 1
1 71 0 -78 24 -1 0 0 0 0 1 0 1 0 3938.dat
0 !LEOCAD GROUP END
0 !LEOCAD GROUP BEGIN Group #4
0 !LEOCAD PIECE PIVOT  0 10 0 1 0 0 0 1 0 0 0 1
1 15 0 -78 24 -1 0 0 0 0 1 0 1 0 3937.dat
0 !LEOCAD PIECE PIVOT  0 10 0 1 0 0 0 1 0 0 0 1
1 71 0 -78 48 -1 0 0 0 0 1 0 1 0 3938.dat
0 !LEOCAD GROUP END
0 !LEOCAD GROUP BEGIN Group #3
0 !LEOCAD PIECE PIVOT  0 10 0 1 0 0 0 1 0 0 0 1
1 15 0 -78 48 -1 0 0 0 0 1 0 1 0 3937.dat
0 !LEOCAD PIECE PIVOT  0 10 0 1 0 0 0 1 0 0 0 1
1 71 0 -78 72 -1 0 0 0 0 1 0 1 0 3938.dat
0 !LEOCAD GROUP END
0 !LEOCAD GROUP BEGIN Group #2
0 !LEOCAD PIECE PIVOT  0 10 0 1 0 0 0 1 0 0 0 1
1 15 0 -73 73.3397 -1 0 0 0 -0.5 0.866025 0 0.866025 0.5 3937.dat
0 STEP
0 !LEOCAD GROUP END
1 15 -30 -48 80 0 0 -1 0 1 0 1 0 0 3009.dat
1 15 -30 -72 80 0 0 -1 0 1 0 1 0 0 3009.dat
1 71 -30 -24 90 0 0 -1 0 1 0 1 0 0 3024.dat
1 71 -30 -24 110 0 0 -1 0 1 0 1 0 0 3024.dat
1 0 -30 -16 90 0 0 -1 0 1 0 1 0 0 4073.dat
1 0 -30 -16 110 0 0 -1 0 1 0 1 0 0 4073.dat
0 STEP
1 15 -30 -32 150 -1 0 0 0 1 0 0 0 -1 24201.dat
1 34 -30 -40 150 0 0 1 0 1 0 -1 0 0 3024.dat
1 15 -30 -64 150 -1 0 0 0 1 0 0 0 -1 4070.dat
1 15 -30 -64 140 -1 0 0 0 1 0 0 0 -1 11477.dat
0 STEP
1 0 -30 -32 -20 0 0 -1 0 1 0 1 0 0 3710.dat
1 72 -30 -40 -50 0 0 -1 0 1 0 1 0 0 3024.dat
1 15 -30 -56 10 1 0 0 0 1 0 0 0 1 4286.dat
0 STEP
1 72 -30 -64 10 0 0 -1 0 1 0 1 0 0 3024.dat
1 15 -30 -64 -50 -1 0 0 0 1 0 0 0 -1 4287.dat
1 4 -30 -72 -40 0 0 1 0 1 0 -1 0 0 2540.dat
1 0 -30 -72 0 0 0 1 0 1 0 -1 0 0 2540.dat
0 STEP
1 0 -50 -70 20 -0.5 0 -0.866026 0.866026 0 -0.5 0 -1 0 44676.dat
1 4 -50 -70 -60 0.5 0 -0.866026 -0.866026 0 -0.5 0 1 0 44676.dat
0 STEP
1 15 -30 -48 -70 0 0 -1 0 1 0 1 0 0 3005.dat
1 15 -30 -72 -80 0 0 -1 0 1 0 1 0 0 3004.dat
0 STEP
1 15 -30 -40 -110 1 0 0 0 1 0 0 0 1 24201.dat
1 72 -30 -48 -90 0 0 -1 0 1 0 1 0 0 3024.dat
1 71 -30 -40 -90 0 0 -1 0 1 0 1 0 0 3024.dat
1 15 -30 -64 -110 1 0 0 0 1 0 0 0 1 4070.dat
1 15 -30 -64 -100 1 0 0 0 1 0 0 0 1 11477.dat
0 STEP
1 15 30 -48 0 0 0 -1 0 1 0 1 0 0 3008.dat
1 15 30 -72 -20 0 0 -1 0 1 0 1 0 0 3008.dat
0 STEP
1 4 30 -56 70 0 0 1 0 1 0 -1 0 0 3024.dat
1 0 30 -64 70 0 0 1 0 1 0 -1 0 0 3024.dat
1 15 30 -64 60 -1 0 0 0 1 0 0 0 -1 11477.dat
0 STEP
1 15 30 -40 -110 1 0 0 0 1 0 0 0 1 24201.dat
1 72 30 -48 -90 0 0 -1 0 1 0 1 0 0 3024.dat
1 71 30 -40 -90 0 0 -1 0 1 0 1 0 0 3024.dat
1 15 30 -64 -110 1 0 0 0 1 0 0 0 1 4070.dat
1 15 30 -64 -100 1 0 0 0 1 0 0 0 1 11477.dat
0 STEP
1 72 -30 -80 -60 0 0 1 0 1 0 -1 0 0 3023.dat
1 72 30 -80 -60 0 0 -1 0 1 0 1 0 0 99781.dat
0 STEP
1 15 -20 -88 -70 0 0 1 0 1 0 -1 0 0 15672.dat
1 15 20 -88 -70 0 0 -1 0 1 0 1 0 0 15672.dat
1 71 10 -96 -60 0 0 1 0 1 0 -1 0 0 92280.dat
1 71 -10 -96 -60 0 0 1 0 1 0 -1 0 0 92280.dat
0 STEP
1 15 -10 -104 -50 0 0 1 0 1 0 -1 0 0 28192.dat
1 15 -10 -96 -30 0 0 1 0 1 0 -1 0 0 28192.dat
1 15 -10 -96 -10 0 0 1 0 1 0 -1 0 0 28192.dat
1 15 10 -104 -50 0 0 -1 0 1 0 1 0 0 28192.dat
1 15 10 -96 -30 0 0 -1 0 1 0 1 0 0 28192.dat
1 15 10 -96 -10 0 0 -1 0 1 0 1 0 0 28192.dat
0 STEP
1 15 -30 -72 20 0 0 1 0 1 0 -1 0 0 85984.dat
1 15 30 -72 20 0 0 -1 0 1 0 1 0 0 85984.dat
1 15 -30 -72 60 0 0 1 0 1 0 -1 0 0 85984.dat
1 15 -30 -72 100 0 0 1 0 1 0 -1 0 0 85984.dat
0 STEP
0 !LEOCAD GROUP BEGIN Group #1
0 !LEOCAD PIECE PIVOT  0 2 -20 1 0 0 0 1 0 0 0 1
1 15 0 -120.3205 -78.268 -1 0 0 0 0.5 -0.866025 0 -0.866025 -0.5 48336.dat
0 STEP
1 15 -10 -124.9808 -90.1962 1 0 0 0 0.5 0.866025 0 -0.866025 0.5 11477.dat
1 15 10 -124.9808 -90.1962 1 0 0 0 0.5 0.866025 0 -0.866025 0.5 11477.dat
0 STEP
0 !LEOCAD GROUP END
0 !LEOCAD PIECE PIVOT  0 10 40 1 0 0 0 1 0 0 0 1
1 0 0 -1.988 -126.0489 -1 0 0 0 -0.965926 -0.258819 0 -0.258819 0.965926 08-heel.ldr
0 STEP
0 !LEOCAD PIECE PIVOT  0 10 40 1 0 0 0 1 0 0 0 1
1 0 0 -109.641 -101.3397 1 0 0 0 0.5 0.866025 0 -0.866025 0.5 09-toe.ldr
0 STEP
0 !LEOCAD PIECE PIVOT  0 -14 60 1 0 0 0 1 0 0 0 1
1 0 0 -24 120 -1 0 0 0 1 0 0 0 -1 11-01-knee.ldr
0 STEP
0 !LEOCAD GROUP BEGIN Group #2
1 0 0 -95.1962 99.7846 1 0 0 0 0.866025 -0.5 0 0.5 0.866025 11-02-knee-cap.ldr
0 STEP
0 !LEOCAD GROUP END
0 !LEOCAD PIECE PIVOT  0 -4 -70 1 0 0 0 1 0 0 0 1
1 0 -76.6691 -16.3261 -20 0 0.707107 -0.707107 -0.000001 -0.707107 -0.707107 -1 0.000001 0.000001 21-02-tail.ldr
0 STEP
1 0 -48 -44 0 0 1 0 -1 0 0 0 0 1 25-01-fast-pack-shin.ldr
0 NOFILE
0 FILE 10-02-shin.ldr
0 
0 Name: 10-02-shin.ldr
0 Author: Nathanel Titane // nathanel.titane@gmail.com // All Rights Reserved
1 15 0 0 0 0 0 1 0 1 0 -1 0 0 3795.dat
0 STEP
1 15 0 8 20 0 0 1 0 1 0 -1 0 0 11203.dat
1 15 0 0 70 -1 0 0 0 1 0 0 0 -1 32803.dat
1 15 0 0 -70 1 0 0 0 1 0 0 0 1 32803.dat
0 STEP
