0 FILE 00-instructions.ldr
0 Name: 00-instructions.ldr
0 Author: Nathanel Titane // nathanel.titane@gmail.com // All Rights Reserved
0
0 // LPUB[3D] FRONT COVER PAGE /////////////////////////////////////////////////
0
0 !LPUB PAGE DOCUMENT_TITLE_FRONT COLOR "#666666"
0 !LPUB PAGE DOCUMENT_TITLE_FRONT CONTENT GLOBAL "MODEL // SWOOP"
0 !LPUB PAGE DOCUMENT_TITLE_FRONT DISPLAY GLOBAL TRUE
0 !LPUB PAGE DOCUMENT_TITLE_FRONT FONT "Noto Sans,72,-1,0,75,0,0,0,0,0,Bold"
0 !LPUB PAGE DOCUMENT_TITLE_FRONT MARGINS 0.2500 0.1000
0 !LPUB PAGE DOCUMENT_TITLE_FRONT PLACEMENT GLOBAL TOP_LEFT PAGE INSIDE OFFSET 0.0000 0.0000

0 !LPUB PAGE DOCUMENT_AUTHOR_FRONT CONTENT GLOBAL "MODEL DESIGN AND INSTRUCTIONS // NATHANEL TITANE"
0 !LPUB PAGE DOCUMENT_AUTHOR_FRONT COLOR "#666666"
0 !LPUB PAGE DOCUMENT_AUTHOR_FRONT DISPLAY GLOBAL TRUE
0 !LPUB PAGE DOCUMENT_AUTHOR_FRONT FONT "Noto Sans,18,-1,0,75,0,0,0,0,0,Bold"
0 !LPUB PAGE DOCUMENT_AUTHOR_FRONT MARGINS 0.3000 1.0000
0 !LPUB PAGE DOCUMENT_AUTHOR_FRONT PLACEMENT TOP_LEFT PAGE INSIDE OFFSET 0.0000 0.0000

0 !LPUB PAGE MODEL_PARTS COLOR "#666666"
0 !LPUB PAGE MODEL_PARTS CONTENT GLOBAL "170 PIECES"
0 !LPUB PAGE MODEL_PARTS DISPLAY GLOBAL TRUE
0 !LPUB PAGE MODEL_PARTS FONT "Noto Sans,72,-1,0,75,0,0,0,0,0,Bold"
0 !LPUB PAGE MODEL_PARTS MARGINS 0.2500 0.1000
0 !LPUB PAGE MODEL_PARTS PLACEMENT GLOBAL BOTTOM_LEFT PAGE INSIDE OFFSET 0.0000 0.0000

0 !LPUB PAGE PUBLISH_DESCRIPTION COLOR "#666666"
0 !LPUB PAGE PUBLISH_DESCRIPTION CONTENT GLOBAL "MECHA // BLOCKS - Where LEGO® and Open Source Meet"
0 !LPUB PAGE PUBLISH_DESCRIPTION DISPLAY GLOBAL TRUE
0 !LPUB PAGE PUBLISH_DESCRIPTION FONT "Noto Sans,36,-1,0,75,0,0,0,0,0,Bold"
0 !LPUB PAGE PUBLISH_DESCRIPTION MARGINS 0.2000 0.2000
0 !LPUB PAGE PUBLISH_DESCRIPTION PLACEMENT GLOBAL BOTTOM_RIGHT PAGE INSIDE OFFSET 0.0000 0.0000
0
0 // LPUB[3D] BACK COVER PAGE //////////////////////////////////////////////////
0
0 // LPUB[3D] DOCUMENT DISCLAIMER
0 !LPUB PAGE LEGO_DISCLAIMER COLOR "#666666"
0 !LPUB PAGE LEGO_DISCLAIMER CONTENT GLOBAL "LEGO® // REGISTERED TRADEMARK OF THE LEGO GROUP"
0 !LPUB PAGE LEGO_DISCLAIMER DISPLAY GLOBAL TRUE
0 !LPUB PAGE LEGO_DISCLAIMER FONT "Noto Sans,36,-1,0,75,0,0,0,0,0,Bold"
0 !LPUB PAGE LEGO_DISCLAIMER PLACEMENT GLOBAL CENTER PAGE INSIDE OFFSET 0.0000 -0.2500
0
0 // LPUB[3D] PAGE DOCUMENT AUTHOR
0 !LPUB PAGE DOCUMENT_AUTHOR_BACK COLOR "#666666"
0 !LPUB PAGE DOCUMENT_AUTHOR_BACK CONTENT GLOBAL "MODEL DESIGN AND INSTRUCTIONS // NATHANEL TITANE"
0 !LPUB PAGE DOCUMENT_AUTHOR_BACK DISPLAY GLOBAL TRUE
0 !LPUB PAGE DOCUMENT_AUTHOR_BACK FONT "Noto Sans,36,-1,0,75,0,0,0,0,0,Bold"
0 !LPUB PAGE DOCUMENT_AUTHOR_BACK PLACEMENT CENTER PAGE INSIDE OFFSET 0.0000 -0.2000
0
0 // LPUB[3D] PAGE PUBLICATION COPYRIGHT
0 !LPUB PAGE PUBLISH_COPYRIGHT_BACK COLOR "#666666"
0 !LPUB PAGE PUBLISH_COPYRIGHT_BACK CONTENT GLOBAL "COPYRIGHT // ALL RIGHTS RESERVED"
0 !LPUB PAGE PUBLISH_COPYRIGHT_BACK DISPLAY GLOBAL TRUE
0 !LPUB PAGE PUBLISH_COPYRIGHT_BACK FONT "Noto Sans,36,-1,0,75,0,0,0,0,0,Bold"
0 !LPUB PAGE PUBLISH_COPYRIGHT_BACK PLACEMENT GLOBAL CENTER PAGE INSIDE OFFSET 0.0000 -0.1500
0
0 // LPUB[3D] PAGE PUBLICATION EMAIL
0 !LPUB PAGE PUBLISH_EMAIL_BACK COLOR "#666666"
0 !LPUB PAGE PUBLISH_EMAIL_BACK CONTENT GLOBAL "CONTACT // NATHANEL.TITANE@GMAIL.COM // INFO@LEGOLINUX.COM"
0 !LPUB PAGE PUBLISH_EMAIL_BACK DISPLAY GLOBAL TRUE
0 !LPUB PAGE PUBLISH_EMAIL_BACK FONT "Noto Sans,18,-1,0,75,0,0,0,0,0,Bold"
0 !LPUB PAGE PUBLISH_EMAIL_BACK PLACEMENT GLOBAL CENTER PAGE INSIDE OFFSET 0.0000 -0.0500
0
0 // LPUB[3D] PAGE PUBLICATION URL
0 !LPUB PAGE PUBLISH_URL_BACK COLOR "#666666"
0 !LPUB PAGE PUBLISH_URL_BACK CONTENT GLOBAL "WEB // HTTPS://LEGOLINUX.COM/MODELS/TRANSFORMERS/SWOOP"
0 !LPUB PAGE PUBLISH_URL_BACK DISPLAY GLOBAL TRUE
0 !LPUB PAGE PUBLISH_URL_BACK FONT "Noto Sans,18,-1,0,75,0,0,0,0,0,Bold"
0 !LPUB PAGE PUBLISH_URL_BACK PLACEMENT GLOBAL CENTER PAGE INSIDE OFFSET 0.0000 -0.0250
0
0 // LPUB[3D] PAGE LOGO
0 !LPUB PAGE DOCUMENT_LOGO_BACK DISPLAY GLOBAL TRUE
0 !LPUB PAGE DOCUMENT_LOGO_BACK FILE GLOBAL "/media/internal/Lego/lpub3d/instructions/logo.png"
0 !LPUB PAGE DOCUMENT_LOGO_BACK PLACEMENT CENTER PAGE INSIDE OFFSET 0.0000 0.45000
0 !LPUB PAGE DOCUMENT_LOGO_BACK SCALE GLOBAL  1.0000
0
0 // LPUB[3D] CONFIGURATION ////////////////////////////////////////////////////
0
0 // LPUB[3D] PAGE WATERMARK
0 !LPUB PAGE PUBLISH_EMAIL CONTENT GLOBAL "CONTACT // NATHANEL.TITANE@GMAIL.COM // INFO@MECHABLOCKS.COM"
0 !LPUB PAGE PUBLISH_EMAIL COLOR "#666666"
0 !LPUB PAGE PUBLISH_EMAIL DISPLAY GLOBAL TRUE
0 !LPUB PAGE PUBLISH_EMAIL FONT "Noto Sans,18,-1,0,75,0,0,0,0,0,Bold"
0 !LPUB PAGE PUBLISH_EMAIL MARGINS 0.0000 0.1500
0 !LPUB PAGE PUBLISH_EMAIL PLACEMENT GLOBAL BOTTOM PAGE INSIDE OFFSET 0.0000 0.0000
0 !LPUB PAGE DOCUMENT_AUTHOR CONTENT GLOBAL "MODEL DESIGN AND INSTRUCTIONS // NATHANEL TITANE"
0 !LPUB PAGE DOCUMENT_AUTHOR COLOR "#666666"
0 !LPUB PAGE DOCUMENT_AUTHOR DISPLAY GLOBAL TRUE
0 !LPUB PAGE DOCUMENT_AUTHOR FONT "Noto Sans,18,-1,0,75,0,0,0,0,0,Bold"
0 !LPUB PAGE DOCUMENT_AUTHOR MARGINS 0.0000 0.2000
0 !LPUB PAGE DOCUMENT_AUTHOR PLACEMENT GLOBAL TOP PAGE INSIDE OFFSET 0.0000 0.0000
0
0 // LPUB[3D] STEPS HIGHLIGHT
0 !LPUB HIGHLIGHT_STEP ENABLED GLOBAL TRUE
0 !LPUB HIGHLIGHT_STEP COLOR GLOBAL "#7137C8"
0
0 // LPUB[3D] STEP FADE
0 !LPUB FADE_STEP OPACITY GLOBAL "50"
0 !LPUB FADE_STEP COLOR GLOBAL "Trans_Black"
0 !LPUB FADE_STEP ENABLED GLOBAL TRUE
0 !LPUB FINAL_MODEL_ENABLED GLOBAL TRUE
0
0 // LPUB[3D] SUBMODEL PREVIEW
0 !LPUB SUBMODEL_DISPLAY SHOW GLOBAL TRUE
0 !LPUB SUBMODEL_DISPLAY BACKGROUND COLOR "#DDDDDD"
0 !LPUB SUBMODEL_DISPLAY MARGINS 0.1500 0.7500
0 !LPUB SUBMODEL_DISPLAY BORDER SQUARE 0 Black 0.031 MARGINS 0.050 0.050
0 !LPUB SUBMODEL_DISPLAY PLACEMENT GLOBAL LEFT PAGE INSIDE
0 !LPUB SUBMODEL_DISPLAY CAMERA_ANGLES 30.0000 45.0000
0
0 // LPUB[3D] ASSEMBLIES
0 !LPUB ASSEM CAMERA_ANGLES 30.0000 45.0000
0 !LPUB ASSEM MARGINS 0.5000 0.5000
0 !LPUB ASSEM MODEL_SCALE 1.0000
0 !LPUB ASSEM PLACEMENT CENTER PAGE INSIDE OFFSET 0.0000 0.0000
0
0 // LPUB[3D] BILL OF MATERIALS
0 !LPUB BOM BACKGROUND COLOR "#DDDDDD"
0 !LPUB BOM BORDER SQUARE 0 #666666 0.025 MARGINS 0.050 0.050
0 !LPUB BOM CONSTRAIN HEIGHT 13.0000
0 !LPUB BOM CONSTRAIN SQUARE
0 !LPUB BOM PLACEMENT CENTER PAGE INSIDE OFFSET 0.0000 0.0000
0
0 // LPUB[3D] CALLOUTS
0 !LPUB CALLOUT BORDER SQUARE 0 #666666 0.025 MARGINS 0.050 0.050
0 !LPUB CALLOUT MARGINS 0.1250 0.1250
0 !LPUB CALLOUT PLACEMENT RIGHT PAGE INSIDE OFFSET 0.0000 0.0000
0
0 // LPUB[3D] PAGE
0 !LPUB PAGE DOCUMENT_COVER_IMAGE DISPLAY GLOBAL TRUE
0 !LPUB PAGE DOCUMENT_COVER_IMAGE FILE GLOBAL "../renders/flat/flat.png"
0 !LPUB PAGE DOCUMENT_COVER_IMAGE FILL GLOBAL ASPECT
0 !LPUB PAGE DOCUMENT_COVER_IMAGE MARGINS GLOBAL 0.0000 0.0000
0 !LPUB PAGE DOCUMENT_COVER_IMAGE PLACEMENT GLOBAL CENTER PAGE INSIDE OFFSET 0.0000 0.0000
0 !LPUB PAGE DOCUMENT_COVER_IMAGE SCALE GLOBAL 1.0000
0
0 // LPUB[3D] PAGE NUMBER
0 !LPUB PAGE NUMBER FONT "Noto Sans,36,-1,0,75,0,0,0,0,0,Bold"
0 !LPUB PAGE NUMBER FONT_COLOR "#666666"
0 !LPUB PAGE NUMBER MARGINS 0.1250 0.1250
0 !LPUB PAGE NUMBER PLACEMENT BOTTOM_RIGHT PAGE INSIDE OFFSET 0.0000 0.0000
0
0 // LPUB[3D] PAGE SETUP
0 !LPUB PAGE BORDER GLOBAL NONE 0 MARGINS 0.000 0.000
0 !LPUB PAGE ENABLE_TEXT_PLACEMENT GLOBAL CENTER PAGE INSIDE OFFSET 0.0000 0.0000
0 !LPUB PAGE TEXT_PLACEMENT GLOBAL TRUE
0 !LPUB PAGE PAGE_FOOTER SIZE GLOBAL 32.0000 0.5000
0 !LPUB PAGE PAGE_HEADER SIZE GLOBAL 32.0000 0.5000
0 !LPUB PAGE MARGINS GLOBAL 0.0000 0.0000
0 !LPUB PAGE ORIENTATION GLOBAL LANDSCAPE
0 !LPUB PAGE SIZE GLOBAL 16.0000 32.0000
0
0 // LPUB[3D] PAGE COLORS
0 !LPUB PAGE SUBMODEL_BACKGROUND_COLOR GLOBAL "#DDDDDD" "#FFE680" "#FFAAAA" "#C6AFE9"
0
0 // LPUB[3D] SUBMODELS
0 !LPUB PAGE SUBMODEL_INSTANCE_COUNT FONT_COLOR "#FF5555"
0 !LPUB PAGE SUBMODEL_INSTANCE_COUNT FONT "Noto Sans,72,-1,0,75,0,0,0,0,0,Bold"
0 !LPUB PAGE SUBMODEL_INSTANCE_COUNT MARGINS 0.0000 0.1250
0 !LPUB PAGE SUBMODEL_INSTANCE_COUNT PLACEMENT BOTTOM_RIGHT PAGE INSIDE OFFSET 0.0000 -0.0500
0
0 // LPUB[3D] PARTS LIST
0 !LPUB PLI BACKGROUND COLOR "#DDDDDD"
0 !LPUB PLI BORDER SQUARE 0 #666666 0.025 MARGINS 0.0500 0.050
0 !LPUB PLI CAMERA_ANGLES 30.0000 45.0000
0 !LPUB PLI CONSTRAIN HEIGHT 5.0000
0 !LPUB PLI MODEL_SCALE  1.0000
0 !LPUB PLI MARGINS 0.1500 0.7500
0 !LPUB PLI PLACEMENT TOP_RIGHT PAGE INSIDE OFFSET 0.0000 0.0000
0 !LPUB PLI INSTANCE_COUNT FONT "Noto Sans,36,-1,0,75,0,0,0,0,0,Bold"
0 !LPUB PLI INSTANCE_COUNT FONT_COLOR "#666666"
0 !LPUB PLI INSTANCE_COUNT MARGINS 0.0125 0.0125
0 !LPUB PLI INSTANCE_COUNT MARGINS 0.0125 0.3000
0
0 // LPUB[3D] STEP NUMBER
0 !LPUB STEP_NUMBER FONT "Noto Sans,72,-1,0,75,0,0,0,0,0,Bold"
0 !LPUB STEP_NUMBER FONT_COLOR "#666666"
0 !LPUB STEP_NUMBER MARGINS 0.1250 0.0000
0 !LPUB STEP_NUMBER PLACEMENT TOP_LEFT PAGE INSIDE OFFSET 0.0000 0.0000
0
0 // LPUB[3D] BEGIN INSTRUCTIONS ///////////////////////////////////////////////
0
0 STEP
0 !LPUB INSERT COVER_PAGE FRONT
0 STEP
0 !LPUB ASSEM MODEL_SCALE LOCAL 0.7500
1 0 0 0 0 1 0 0 0 1 0 0 0 1 00-model.ldr
0 STEP
0
0 // LPUB[3D] DISABLE FINAL MODEL SHOWCASE /////////////////////////////////////
0
0 !LPUB NOSTEP
0
0 // LPUB[3D] BOM PAGES
0 STEP
0 !LPUB INSERT PAGE
0 !LPUB INSERT BOM
0 STEP
0 !LPUB INSERT PAGE
0 !LPUB INSERT BOM
0 STEP
0 !LPUB INSERT PAGE
0 !LPUB INSERT BOM
0 STEP
0 !LPUB INSERT PAGE
0 !LPUB INSERT BOM
0 STEP
0 !LPUB INSERT PAGE
0 !LPUB INSERT BOM
0 STEP
0 !LPUB INSERT PAGE
0 !LPUB INSERT BOM
0 STEP
0 !LPUB INSERT PAGE
0 !LPUB INSERT BOM
0 STEP
0 !LPUB INSERT PAGE
0 !LPUB INSERT BOM
0 STEP
0 !LPUB INSERT PAGE
0 !LPUB INSERT BOM
0 STEP
0 !LPUB INSERT PAGE
0 !LPUB INSERT BOM
0 STEP
0 !LPUB INSERT PAGE
0 !LPUB INSERT BOM
0 STEP
0 !LPUB INSERT PAGE
0 !LPUB INSERT BOM
0 STEP
0
0 !LPUB NOSTEP
0
0 !LPUB INSERT COVER_PAGE BACK
0
0 // LPUB[3D] END INSTRUCTIONS /////////////////////////////////////////////////
0
0 NOFILE
0 FILE 00-model.ldr
0 Author: Nathanel Titane // nathanel.titane@gmail.com // All Rights Reserved
1 0 0 0 0 1 0 0 0 1 0 0 0 1 03-torso.ldr
0 STEP
1 0 -20 -23.848 -18.264 1 0 0 0 0.984808 0.173648 0 -0.173648 0.984808 04-01-side.ldr
0 STEP
1 0 20 -23.848 -18.264 1 0 0 0 0.984808 0.173648 0 -0.173648 0.984808 04-02-side.ldr
0 STEP
0 NOFILE
0 FILE 01-head.ldr
0 Author: Nathanel Titane // nathanel.titane@gmail.com // All Rights Reserved
1 72 0 0 0 0 0 -1 0 1 0 1 0 0 60478.dat
1 71 0 -8 10 1 0 0 0 1 0 0 0 1 3024.dat
1 71 0 -8 -30 0 0 1 0 1 0 -1 0 0 63864.dat
1 71 0 -32 10 1 0 0 0 1 0 0 0 1 50950.dat
1 57 0 -16 30 1 0 0 0 1 0 0 0 1 3024.dat
0 NOFILE
0 FILE 02-neck.ldr
0 Author: Nathanel Titane // nathanel.titane@gmail.com // All Rights Reserved
1 0 0 0 0 1 0 0 0 1 0 0 0 1 61252.dat
1 0 0 8 10 0 0 -1 0 1 0 1 0 0 63868.dat
1 71 0 -24 0 1 0 0 0 1 0 0 0 1 3005.dat
1 72 0 -32 10 0 0 1 0 1 0 -1 0 0 3069b.dat
1 0 0 8 20 -1 0 0 0 1 0 0 0 -1 54200.dat
1 0 0 0 -50 1 0 0 0 1 0 0 0 1 01-head.ldr
0 STEP
0 NOFILE
0 FILE 03-torso.ldr
0 Author: Nathanel Titane // nathanel.titane@gmail.com // All Rights Reserved
1 72 0 0 0 0 0 1 0 1 0 -1 0 0 3623.dat
1 72 0 -32 0 0 0 1 0 1 0 -1 0 0 3623.dat
1 72 0 -40 -10 0 0 1 0 1 0 -1 0 0 60478.dat
1 72 0 -48 -10 0 0 1 0 1 0 -1 0 0 3069b.dat
1 72 0 -32 20 -1 0 0 0 1 0 0 0 -1 54200.dat
1 72 0 -24 -20 0 0 1 0 1 0 -1 0 0 6541.dat
1 72 0 -24 0 1 0 0 0 1 0 0 0 1 3005.dat
1 72 0 -24 20 -1 0 0 0 1 0 0 0 -1 4070.dat
1 0 0 -14 -20 1 0 0 0 1 0 0 0 1 6558.dat
1 0 0 -14 50 1 0 0 0 0 1 0 -1 0 4733.dat
1 0 0 -14 50 -1 0 0 0 0 -1 0 -1 0 54200.dat
1 0 0 -4 40 1 0 0 0 -1 0 0 0 -1 54200.dat
1 0 0 -32 40 1 0 0 0 1 0 0 0 1 3070b.dat
1 71 -26 -14 40 0 1 0 -0.991445 0 0.130526 0.130526 0 0.991445 4697b.dat
1 71 26 -14 40 0 -1 0 0.991445 0 0.130526 -0.130526 0 0.991445 4697b.dat
1 0 0 -26.66 -79.64 1 0 0 0 0.866025 -0.5 0 0.5 0.866025 02-neck.ldr
0 STEP
1 0 -29.473 -34.05 38.605 0.984808 0 0.173648 -0.172163 -0.130526 0.976383 0.022666 -0.991445 -0.128543 05-01-foreleg.ldr
0 STEP
1 0 29.473 -34.05 38.605 0.984808 0 -0.173648 0.172163 -0.130526 0.976383 -0.022666 -0.991445 -0.128543 05-02-foreleg.ldr
0 STEP
0 NOFILE
0 FILE 04-01-side.ldr
0 Author: Nathanel Titane // nathanel.titane@gmail.com // All Rights Reserved
1 0 0 0 0 0 0 1 0 1 0 -1 0 0 6541.dat
1 0 0 16 -20 -1 0 0 0 1 0 0 0 -1 13547.dat
1 0 0 16 30 0 0 1 0 1 0 -1 0 0 85984.dat
1 0 0 32 -20 0 0 1 0 1 0 -1 0 0 4085d.dat
1 71 0 40 -20 1 0 0 0 1 0 0 0 1 4073.dat
1 72 0 16 -20 1 0 0 0 1 0 0 0 1 3024.dat
1 0 0 8 -20 0 0 1 0 1 0 -1 0 0 4085d.dat
1 0 0 0 -20 0 0 1 0 1 0 -1 0 0 4085d.dat
1 71 -20 20 -20 -0.34202 -0.939693 0 0 0 1 -0.939693 0.34202 0 4697b.dat
1 0 -10 -8 -10 1 0 0 0 1 0 0 0 1 09-01-wing.ldr
0 STEP
1 0 -33.494 20 -4.447 0.939693 -0.34202 0 0 0 1 -0.34202 -0.939693 0 07-shoulder.ldr
0 STEP
1 0 -27.971 20 46.227 0 1 0 1 0 0 0 0 -1 08-arm.ldr
0 STEP
0 NOFILE
0 FILE 04-02-side.ldr
0 Author: Nathanel Titane // nathanel.titane@gmail.com // All Rights Reserved
1 0 0 0 0 0 0 1 0 1 0 -1 0 0 6541.dat
1 0 0 16 -20 -1 0 0 0 1 0 0 0 -1 13547.dat
1 0 0 16 30 0 0 -1 0 1 0 1 0 0 85984.dat
1 0 0 32 -20 0 0 -1 0 1 0 1 0 0 4085d.dat
1 71 0 40 -20 1 0 0 0 1 0 0 0 1 4073.dat
1 72 0 16 -20 1 0 0 0 1 0 0 0 1 3024.dat
1 0 0 8 -20 0 0 -1 0 1 0 1 0 0 4085d.dat
1 0 0 0 -20 0 0 -1 0 1 0 1 0 0 4085d.dat
1 71 20 20 -20 0.34202 0.939693 0 0 0 -1 -0.939693 0.34202 0 4697b.dat
1 0 10 -8 -10 1 0 0 0 1 0 0 0 1 09-02-wing.ldr
0 STEP
1 0 33.494 20 -4.447 -0.939693 0.34202 0 0 0 -1 -0.34202 -0.939693 0 07-shoulder.ldr
0 STEP
1 0 27.971 20 46.227 0 -1 0 -1 0 0 0 0 -1 08-arm.ldr
0 STEP
0 NOFILE
0 FILE 05-01-foreleg.ldr
0 Author: Nathanel Titane // nathanel.titane@gmail.com // All Rights Reserved
1 0 0 0 0 -1 0 0 0 1 0 0 0 -1 4085d.dat
1 0 0 -8 -10 0 0 1 0 1 0 -1 0 0 60478.dat
1 72 0 -16 0 -1 0 0 0 1 0 0 0 -1 4085d.dat
1 72 0 -24 0 1 0 0 0 1 0 0 0 1 3070b.dat
1 72 0 -8 -20 1 0 0 0 1 0 0 0 1 54200.dat
1 0 0 0 -30 1 0 0 0 1 0 0 0 1 06-01-shin.ldr
0 STEP
0 NOFILE
0 FILE 05-02-foreleg.ldr
0 Author: Nathanel Titane // nathanel.titane@gmail.com // All Rights Reserved
1 0 0 0 0 -1 0 0 0 1 0 0 0 -1 4085d.dat
1 0 0 -8 -10 0 0 1 0 1 0 -1 0 0 60478.dat
1 72 0 -16 0 -1 0 0 0 1 0 0 0 -1 4085d.dat
1 72 0 -24 0 1 0 0 0 1 0 0 0 1 3070b.dat
1 72 0 -8 -20 1 0 0 0 1 0 0 0 1 54200.dat
1 0 0 0 -30 1 0 0 0 1 0 0 0 1 06-02-shin.ldr
0 STEP
0 NOFILE
0 FILE 06-01-shin.ldr
0 Author: Nathanel Titane // nathanel.titane@gmail.com // All Rights Reserved
1 0 0 0 0 0 0 1 0 1 0 -1 0 0 92280.dat
1 0 0 8 0 0 0 1 0 1 0 -1 0 0 52107.dat
1 0 0 32 0 0 0 1 0 1 0 -1 0 0 60478.dat
1 0 0 40 0 0 0 1 0 1 0 -1 0 0 3023.dat
1 71 0 5.54 -39.697 0 0 1 0.965926 -0.258819 0 0.258819 0.965926 0 63868.dat
1 0 0 -2.049 -50.012 0 0 1 0.965926 -0.258819 0 0.258819 0.965926 0 63864.dat
1 72 18 38 0 0 -1 0 1 0 0 0 0 1 3021.dat
1 72 26 28 0 0 -1 0 1 0 0 0 0 1 3068b.dat
1 72 26 58 0 0 -1 0 0 0 1 -1 0 0 3069b.dat
1 0 10 68 -20 0 -1 0 0 0 -1 1 0 0 2430.dat
1 0 10 68 -20 0 -1 0 0 0 1 -1 0 0 2429.dat
1 0 10 78 -10 0 -1 0 0 0 -1 1 0 0 54200.dat
1 0 10 78.001 10 0 -1 0 -1 0 0 0 0 -1 54200.dat
1 72 -18 28 0 0 1 0 1 0 0 0 0 -1 3020.dat
1 72 -26 48 0 0 1 0 1 0 0 0 0 -1 3068b.dat
1 72 -26 8 10 0 1 0 1 0 0 0 0 -1 3069b.dat
1 72 -26 18 -10 0 1 0 1 0 0 0 0 -1 2555.dat
1 71 -26 -2 -10 0 1 0 1 0 0 0 0 -1 98138.dat
1 0 -10 68 -20 0 1 0 0 0 -1 -1 0 0 2429.dat
1 0 -10 68 -20 0 1 0 0 0 1 1 0 0 2430.dat
1 0 -10 78 -10 0 1 0 0 0 -1 -1 0 0 54200.dat
1 0 -10 78.001 10 0 1 0 1 0 0 0 0 -1 54200.dat
1 0 -45.321 59.458 0 -0.999048 0 0.043619 -0.043619 0 -0.999048 0 -1 0 10-gatling-rifle.ldr
0 STEP
0 NOFILE
0 FILE 06-02-shin.ldr
0 Author: Nathanel Titane // nathanel.titane@gmail.com // All Rights Reserved
1 0 0 0 0 0 0 1 0 1 0 -1 0 0 92280.dat
1 0 0 8 0 0 0 -1 0 1 0 1 0 0 52107.dat
1 0 0 32 0 0 0 1 0 1 0 -1 0 0 60478.dat
1 0 0 40 0 0 0 1 0 1 0 -1 0 0 3023.dat
1 71 0 5.54 -39.697 0 0 1 0.965926 -0.258819 0 0.258819 0.965926 0 63868.dat
1 0 0 -2.049 -50.012 0 0 1 0.965926 -0.258819 0 0.258819 0.965926 0 63864.dat
1 72 -18 38 0 0 1 0 1 0 0 0 0 -1 3021.dat
1 72 -26 28 0 0 1 0 1 0 0 0 0 -1 3068b.dat
1 72 -26 58 0 0 1 0 0 0 1 1 0 0 3069b.dat
1 0 10 68 -20 0 -1 0 0 0 -1 1 0 0 2430.dat
1 0 10 68 -20 0 -1 0 0 0 1 -1 0 0 2429.dat
1 0 10 78 -10 0 -1 0 0 0 -1 1 0 0 54200.dat
1 0 10 78.001 10 0 -1 0 -1 0 0 0 0 -1 54200.dat
1 72 18 28 0 0 -1 0 1 0 0 0 0 1 3020.dat
1 72 26 48 0 0 -1 0 1 0 0 0 0 1 3068b.dat
1 72 26 8 10 0 -1 0 1 0 0 0 0 1 3069b.dat
1 72 26 18 -10 0 -1 0 0 0 1 -1 0 0 2555.dat
1 71 26 -2 -10 0 -1 0 1 0 0 0 0 1 98138.dat
1 0 -10 68 -20 0 1 0 0 0 -1 -1 0 0 2429.dat
1 0 -10 68 -20 0 1 0 0 0 1 1 0 0 2430.dat
1 0 -10 78 -10 0 1 0 0 0 -1 -1 0 0 54200.dat
1 0 -10 78.001 10 0 1 0 1 0 0 0 0 -1 54200.dat
1 71 32 39 -10 0.707107 0 -0.707107 0 -1 0 -0.707107 0 -0.707107 577b.dat
0 NOFILE
0 FILE 07-shoulder.ldr
0 Author: Nathanel Titane // nathanel.titane@gmail.com // All Rights Reserved
1 72 0 0 0 0 0 -1 0 1 0 1 0 0 87087.dat
1 71 0 -8 0 1 0 0 0 1 0 0 0 1 3024.dat
1 0 0 -16 0 1 0 0 0 1 0 0 0 1 2555.dat
0 NOFILE
0 FILE 08-arm.ldr
0 Author: Nathanel Titane // nathanel.titane@gmail.com // All Rights Reserved
1 0 0 0 0 0 0 -1 0 1 0 1 0 0 60478.dat
1 72 0 -8 0 0 0 -1 0 1 0 1 0 0 3069b.dat
1 0 0 8 -10 1 0 0 0 1 0 0 0 1 4085d.dat
1 0 0 8 10 -1 0 0 0 1 0 0 0 -1 49668.dat
0 NOFILE
0 FILE 09-01-wing.ldr
0 Author: Nathanel Titane // nathanel.titane@gmail.com // All Rights Reserved
1 71 0 0 0 0 0 1 0 1 0 -1 0 0 51739.dat
1 71 0 0 10 -1 0 0 0 1 0 0 0 -1 85984.dat
1 71 -20 -8 -20 1 0 0 0 1 0 0 0 1 2430.dat
1 71 -20 -8 -20 -0.573576 0 -0.819152 0 1 0 0.819152 0 -0.573576 2429.dat
1 71 -24.911 0 -47.855 -0.819152 0 0.573576 0 1 0 -0.573576 0 -0.819152 51739.dat
1 71 -52.767 -8 -42.944 0.573576 0 0.819152 0 1 0 -0.819152 0 0.573576 2430.dat
1 71 -52.767 -8 -42.944 0.34202 0 -0.939693 0 1 0 0.939693 0 0.34202 2429.dat
1 71 -78.4 0 -54.897 -0.939693 0 -0.34202 0 1 0 0.34202 0 -0.939693 51739.dat
1 71 10 -16 -10 1 0 0 0 1 0 0 0 1 98138.dat
1 297 -10 -16 -10 1 0 0 0 1 0 0 0 1 98138.dat
1 297 -22.456 -16 -33.928 -0.573576 0 -0.819152 0 1 0 0.819152 0 -0.573576 98138.dat
1 297 -38.839 -16 -45.401 -0.573576 0 -0.819152 0 1 0 0.819152 0 -0.573576 98138.dat
1 71 -19.176 -16 -56.045 0.819152 0 -0.573576 0 1 0 0.573576 0 0.819152 3069b.dat
1 71 -69.002 -16 -58.316 0.34202 0 -0.939693 0 1 0 0.939693 0 0.34202 3069b.dat
1 72 -91.217 0 -60.869 -0.34202 0 0.939693 0 1 0 -0.939693 0 -0.34202 54200.dat
1 72 -84.377 -8 -42.08 -0.939693 0 -0.34202 0 1 0 0.34202 0 -0.939693 2555.dat
1 72 -111.12 -23.697 -32.345 0.907673 -0.24321 0.34202 0.258819 0.965926 0 -0.330366 0.088521 0.939693 60478.dat
1 72 -109.173 -31.425 -33.054 0.907673 -0.24321 0.34202 0.258819 0.965926 0 -0.330366 0.088521 0.939693 3069b.dat
1 72 -134.641 -21.146 -34.427 -0.34202 -0.24321 0.907673 0 0.965926 0.258819 -0.939693 0.088521 -0.330366 41770.dat
1 72 -140.297 -23.734 -21.726 -0.34202 -0.243211 0.907673 -0 0.965926 0.25882 -0.939693 0.088521 -0.330366 54200.dat
0 NOFILE
0 FILE 09-02-wing.ldr
0 Author: Nathanel Titane // nathanel.titane@gmail.com // All Rights Reserved
1 71 0 0 0 0 0 -1 0 1 0 1 0 0 51739.dat
1 71 0 0 10 -1 0 0 0 1 0 0 0 -1 85984.dat
1 71 20 -8 -20 -0.573576 0 0.819152 0 1 0 -0.819152 0 -0.573576 2430.dat
1 71 20 -8 -20 1 0 0 0 1 0 0 0 1 2429.dat
1 71 24.911 0 -47.855 -0.819152 0 -0.573576 0 1 0 0.573576 0 -0.819152 51739.dat
1 71 52.767 -8 -42.944 0.34202 0 0.939693 0 1 0 -0.939693 0 0.34202 2430.dat
1 71 52.767 -8 -42.944 0.573576 0 -0.819152 0 1 0 0.819152 0 0.573576 2429.dat
1 71 78.4 0 -54.897 -0.939693 0 0.34202 0 1 0 -0.34202 0 -0.939693 51739.dat
1 71 -10 -16 -10 1 0 0 0 1 0 0 0 1 98138.dat
1 297 10 -16 -10 1 0 0 0 1 0 0 0 1 98138.dat
1 297 22.456 -16 -33.928 0.573576 0 -0.819152 0 1 0 0.819152 0 0.573576 98138.dat
1 297 38.839 -16 -45.401 0.573576 0 -0.819152 0 1 0 0.819152 0 0.573576 98138.dat
1 71 19.176 -16 -56.045 0.819152 0 0.573576 0 1 0 -0.573576 0 0.819152 3069b.dat
1 71 69.002 -16 -58.316 0.34202 0 0.939693 0 1 0 -0.939693 0 0.34202 3069b.dat
1 72 91.217 0 -60.869 -0.34202 0 -0.939693 0 1 0 0.939693 0 -0.34202 54200.dat
1 72 84.377 -8 -42.08 0.939693 0 -0.34202 0 1 0 0.34202 0 0.939693 2555.dat
1 72 111.12 -23.697 -32.345 -0.907673 0.24321 0.34202 0.258819 0.965926 0 -0.330366 0.088521 -0.939693 60478.dat
1 72 109.173 -31.425 -33.054 -0.907673 0.24321 0.34202 0.258819 0.965926 0 -0.330366 0.088521 -0.939693 3069b.dat
1 72 134.641 -21.146 -34.427 -0.34202 0.24321 -0.907673 0 0.965926 0.258819 0.939693 0.088521 -0.330366 41769.dat
1 72 140.297 -23.734 -21.726 -0.342021 0.243211 -0.907673 -0 0.965926 0.258819 0.939692 0.088522 -0.330367 54200.dat
0 NOFILE
0 FILE 10-gatling-rifle.ldr
0 Author: Nathanel Titane // nathanel.titane@gmail.com // All Rights Reserved
1 0 0 0 0 1 0 0 0 1 0 0 0 1 4595.dat
1 72 0 -8 0 0 0 -1 0 1 0 1 0 0 3069b.dat
1 72 -18 10 0 0 1 0 0 0 1 1 0 0 3069b.dat
1 72 18 10 0 0 -1 0 0 0 -1 1 0 0 3069b.dat
1 72 2 30 0 0 1 0 0 0 1 1 0 0 99780.dat
1 71 10 30 0 0 1 0 0 0 1 1 0 0 3938.dat
1 71 -20 30 -16 0.707107 0 -0.707107 -0.707107 0 -0.707107 0 1 0 577b.dat
1 72 -6 30 0 0 1 0 0 0 -1 -1 0 0 3794b.dat
1 0 -14 30 0 0 1 0 -1 0 0 0 0 1 2555.dat
1 72 0 10 -119 1 0 0 0 0 1 0 -1 0 63965.dat
1 71 0 10 -124 1 0 0 0 1 0 0 0 1 4265c.dat
1 71 0 10 -134 1 0 0 0 1 0 0 0 1 4265c.dat
1 72 0 10 -60 1 0 0 0 0 -1 0 1 0 3062b.dat
1 0 0 10 28 1 0 0 0 0 1 0 -1 0 3024.dat
1 72 0 10 36 1 0 0 0 0 1 0 -1 0 2555.dat
1 72 0 -13.775 35.75 -1 0 0 0 -0.438371 -0.898794 0 -0.898794 0.438371 95199.dat
1 72 0 -13.337 36.649 -1 0 0 0 -0.438371 -0.898794 0 -0.898794 0.438371 3062b.dat
1 71 0 -23.857 15.077 -1 0 0 0 -0.438371 -0.898794 0 -0.898794 0.438371 4073.dat
0 NOFILE
