0 FILE 00-instructions.ldr
0 Name: 00-instructions.ldr
0 Author: Nathanel Titane // nathanel.titane@gmail.com // All Rights Reserved
0
0 // LPUB[3D] FRONT COVER PAGE /////////////////////////////////////////////////
0
0 !LPUB PAGE DOCUMENT_TITLE_FRONT COLOR "#666666"
0 !LPUB PAGE DOCUMENT_TITLE_FRONT CONTENT GLOBAL "MODEL // VF-11 THUNDERBOLT // GERWALK"
0 !LPUB PAGE DOCUMENT_TITLE_FRONT DISPLAY GLOBAL TRUE
0 !LPUB PAGE DOCUMENT_TITLE_FRONT FONT "Noto Sans,72,-1,0,75,0,0,0,0,0,Bold"
0 !LPUB PAGE DOCUMENT_TITLE_FRONT MARGINS 0.2500 0.1000
0 !LPUB PAGE DOCUMENT_TITLE_FRONT PLACEMENT GLOBAL TOP_LEFT PAGE INSIDE OFFSET 0.0000 0.0000

0 !LPUB PAGE DOCUMENT_AUTHOR_FRONT CONTENT GLOBAL "MODEL DESIGN AND INSTRUCTIONS // NATHANEL TITANE"
0 !LPUB PAGE DOCUMENT_AUTHOR_FRONT COLOR "#666666"
0 !LPUB PAGE DOCUMENT_AUTHOR_FRONT DISPLAY GLOBAL TRUE
0 !LPUB PAGE DOCUMENT_AUTHOR_FRONT FONT "Noto Sans,18,-1,0,75,0,0,0,0,0,Bold"
0 !LPUB PAGE DOCUMENT_AUTHOR_FRONT MARGINS 0.3000 1.0000
0 !LPUB PAGE DOCUMENT_AUTHOR_FRONT PLACEMENT TOP_LEFT PAGE INSIDE OFFSET 0.0000 0.0000

0 !LPUB PAGE MODEL_PARTS COLOR "#666666"
0 !LPUB PAGE MODEL_PARTS CONTENT GLOBAL "944 PIECES"
0 !LPUB PAGE MODEL_PARTS DISPLAY GLOBAL TRUE
0 !LPUB PAGE MODEL_PARTS FONT "Noto Sans,72,-1,0,75,0,0,0,0,0,Bold"
0 !LPUB PAGE MODEL_PARTS MARGINS 0.2500 0.1000
0 !LPUB PAGE MODEL_PARTS PLACEMENT GLOBAL BOTTOM_LEFT PAGE INSIDE OFFSET 0.0000 0.0000

0 !LPUB PAGE PUBLISH_DESCRIPTION COLOR "#666666"
0 !LPUB PAGE PUBLISH_DESCRIPTION CONTENT GLOBAL "LEGO // LINUX - Where Lego and Linux Meet"
0 !LPUB PAGE PUBLISH_DESCRIPTION DISPLAY GLOBAL TRUE
0 !LPUB PAGE PUBLISH_DESCRIPTION FONT "Noto Sans,36,-1,0,75,0,0,0,0,0,Bold"
0 !LPUB PAGE PUBLISH_DESCRIPTION MARGINS 0.2000 0.2000
0 !LPUB PAGE PUBLISH_DESCRIPTION PLACEMENT GLOBAL BOTTOM_RIGHT PAGE INSIDE OFFSET 0.0000 0.0000
0
0 // LPUB[3D] BACK COVER PAGE //////////////////////////////////////////////////
0
0 // LPUB[3D] DOCUMENT DISCLAIMER
0 !LPUB PAGE LEGO_DISCLAIMER COLOR "#666666"
0 !LPUB PAGE LEGO_DISCLAIMER CONTENT GLOBAL "LEGO® // REGISTERED TRADEMARK OF THE LEGO GROUP"
0 !LPUB PAGE LEGO_DISCLAIMER DISPLAY GLOBAL TRUE
0 !LPUB PAGE LEGO_DISCLAIMER FONT "Noto Sans,36,-1,0,75,0,0,0,0,0,Bold"
0 !LPUB PAGE LEGO_DISCLAIMER PLACEMENT GLOBAL CENTER PAGE INSIDE OFFSET 0.0000 -0.2500
0
0 // LPUB[3D] PAGE DOCUMENT AUTHOR
0 !LPUB PAGE DOCUMENT_AUTHOR_BACK COLOR "#666666"
0 !LPUB PAGE DOCUMENT_AUTHOR_BACK CONTENT GLOBAL "MODEL DESIGN AND INSTRUCTIONS // NATHANEL TITANE"
0 !LPUB PAGE DOCUMENT_AUTHOR_BACK DISPLAY GLOBAL TRUE
0 !LPUB PAGE DOCUMENT_AUTHOR_BACK FONT "Noto Sans,36,-1,0,75,0,0,0,0,0,Bold"
0 !LPUB PAGE DOCUMENT_AUTHOR_BACK PLACEMENT CENTER PAGE INSIDE OFFSET 0.0000 -0.2000
0
0 // LPUB[3D] PAGE PUBLICATION COPYRIGHT
0 !LPUB PAGE PUBLISH_COPYRIGHT_BACK COLOR "#666666"
0 !LPUB PAGE PUBLISH_COPYRIGHT_BACK CONTENT GLOBAL "COPYRIGHT // ALL RIGHTS RESERVED"
0 !LPUB PAGE PUBLISH_COPYRIGHT_BACK DISPLAY GLOBAL TRUE
0 !LPUB PAGE PUBLISH_COPYRIGHT_BACK FONT "Noto Sans,36,-1,0,75,0,0,0,0,0,Bold"
0 !LPUB PAGE PUBLISH_COPYRIGHT_BACK PLACEMENT GLOBAL CENTER PAGE INSIDE OFFSET 0.0000 -0.1500
0
0 // LPUB[3D] PAGE PUBLICATION EMAIL
0 !LPUB PAGE PUBLISH_EMAIL_BACK COLOR "#666666"
0 !LPUB PAGE PUBLISH_EMAIL_BACK CONTENT GLOBAL "CONTACT // NATHANEL.TITANE@GMAIL.COM // INFO@LEGOLINUX.COM"
0 !LPUB PAGE PUBLISH_EMAIL_BACK DISPLAY GLOBAL TRUE
0 !LPUB PAGE PUBLISH_EMAIL_BACK FONT "Noto Sans,18,-1,0,75,0,0,0,0,0,Bold"
0 !LPUB PAGE PUBLISH_EMAIL_BACK PLACEMENT GLOBAL CENTER PAGE INSIDE OFFSET 0.0000 -0.0500
0
0 // LPUB[3D] PAGE PUBLICATION URL
0 !LPUB PAGE PUBLISH_URL_BACK COLOR "#666666"
0 !LPUB PAGE PUBLISH_URL_BACK CONTENT GLOBAL "WEB // HTTPS://LEGOLINUX.COM/MODELS/VERITECHS/VF-11-THUNDERBOLT-GERWALK"
0 !LPUB PAGE PUBLISH_URL_BACK DISPLAY GLOBAL TRUE
0 !LPUB PAGE PUBLISH_URL_BACK FONT "Noto Sans,18,-1,0,75,0,0,0,0,0,Bold"
0 !LPUB PAGE PUBLISH_URL_BACK PLACEMENT GLOBAL CENTER PAGE INSIDE OFFSET 0.0000 -0.0250
0
0 // LPUB[3D] PAGE LOGO
0 !LPUB PAGE DOCUMENT_LOGO_BACK DISPLAY GLOBAL TRUE
0 !LPUB PAGE DOCUMENT_LOGO_BACK FILE GLOBAL "/media/internal/Lego/lpub3d/instructions/logo.png"
0 !LPUB PAGE DOCUMENT_LOGO_BACK PLACEMENT CENTER PAGE INSIDE OFFSET 0.0000 0.45000
0 !LPUB PAGE DOCUMENT_LOGO_BACK SCALE GLOBAL  1.0000
0
0 // LPUB[3D] CONFIGURATION ////////////////////////////////////////////////////
0
0 // LPUB[3D] PAGE WATERMARK
0 !LPUB PAGE PUBLISH_EMAIL CONTENT GLOBAL "CONTACT // NATHANEL.TITANE@GMAIL.COM // INFO@LEGOLINUX.COM"
0 !LPUB PAGE PUBLISH_EMAIL COLOR "#666666"
0 !LPUB PAGE PUBLISH_EMAIL DISPLAY GLOBAL TRUE
0 !LPUB PAGE PUBLISH_EMAIL FONT "Noto Sans,18,-1,0,75,0,0,0,0,0,Bold"
0 !LPUB PAGE PUBLISH_EMAIL MARGINS 0.0000 0.1500
0 !LPUB PAGE PUBLISH_EMAIL PLACEMENT GLOBAL BOTTOM PAGE INSIDE OFFSET 0.0000 0.0000
0 !LPUB PAGE DOCUMENT_AUTHOR CONTENT GLOBAL "MODEL DESIGN AND INSTRUCTIONS // NATHANEL TITANE"
0 !LPUB PAGE DOCUMENT_AUTHOR COLOR "#666666"
0 !LPUB PAGE DOCUMENT_AUTHOR DISPLAY GLOBAL TRUE
0 !LPUB PAGE DOCUMENT_AUTHOR FONT "Noto Sans,18,-1,0,75,0,0,0,0,0,Bold"
0 !LPUB PAGE DOCUMENT_AUTHOR MARGINS 0.0000 0.2000
0 !LPUB PAGE DOCUMENT_AUTHOR PLACEMENT GLOBAL TOP PAGE INSIDE OFFSET 0.0000 0.0000
0
0 // LPUB[3D] STEPS HIGHLIGHT
0 !LPUB HIGHLIGHT_STEP ENABLED GLOBAL TRUE
0 !LPUB HIGHLIGHT_STEP COLOR GLOBAL "#7137C8"
0
0 // LPUB[3D] STEP FADE
0 !LPUB FADE_STEP OPACITY GLOBAL "50"
0 !LPUB FADE_STEP COLOR GLOBAL "Trans_Black"
0 !LPUB FADE_STEP ENABLED GLOBAL TRUE
0 !LPUB FINAL_MODEL_ENABLED GLOBAL TRUE
0
0 // LPUB[3D] SUBMODEL PREVIEW
0 !LPUB SUBMODEL_DISPLAY SHOW GLOBAL TRUE
0 !LPUB SUBMODEL_DISPLAY BACKGROUND COLOR "#DDDDDD"
0 !LPUB SUBMODEL_DISPLAY MARGINS 0.1500 0.7500
0 !LPUB SUBMODEL_DISPLAY BORDER SQUARE 0 Black 0.031 MARGINS 0.050 0.050
0 !LPUB SUBMODEL_DISPLAY PLACEMENT GLOBAL LEFT PAGE INSIDE
0 !LPUB SUBMODEL_DISPLAY CAMERA_ANGLES 30.0000 45.0000
0
0 // LPUB[3D] ASSEMBLIES
0 !LPUB ASSEM CAMERA_ANGLES 30.0000 45.0000
0 !LPUB ASSEM MARGINS 0.5000 0.5000
0 !LPUB ASSEM MODEL_SCALE 1.0000
0 !LPUB ASSEM PLACEMENT CENTER PAGE INSIDE OFFSET 0.0000 0.0000
0
0 // LPUB[3D] BILL OF MATERIALS
0 !LPUB BOM BACKGROUND COLOR "#DDDDDD"
0 !LPUB BOM BORDER SQUARE 0 #666666 0.025 MARGINS 0.050 0.050
0 !LPUB BOM CONSTRAIN HEIGHT 13.0000
0 !LPUB BOM CONSTRAIN SQUARE
0 !LPUB BOM PLACEMENT CENTER PAGE INSIDE OFFSET 0.0000 0.0000
0
0 // LPUB[3D] CALLOUTS
0 !LPUB CALLOUT BORDER SQUARE 0 #666666 0.025 MARGINS 0.050 0.050
0 !LPUB CALLOUT MARGINS 0.1250 0.1250
0 !LPUB CALLOUT PLACEMENT RIGHT PAGE INSIDE OFFSET 0.0000 0.0000
0
0 // LPUB[3D] PAGE
0 !LPUB PAGE DOCUMENT_COVER_IMAGE DISPLAY GLOBAL TRUE
0 !LPUB PAGE DOCUMENT_COVER_IMAGE FILE GLOBAL "../renders/flat/flat.png"
0 !LPUB PAGE DOCUMENT_COVER_IMAGE FILL GLOBAL ASPECT
0 !LPUB PAGE DOCUMENT_COVER_IMAGE MARGINS GLOBAL 0.0000 0.0000
0 !LPUB PAGE DOCUMENT_COVER_IMAGE PLACEMENT GLOBAL CENTER PAGE INSIDE OFFSET 0.0000 0.0000
0 !LPUB PAGE DOCUMENT_COVER_IMAGE SCALE GLOBAL 1.0000
0
0 // LPUB[3D] PAGE NUMBER
0 !LPUB PAGE NUMBER FONT "Noto Sans,36,-1,0,75,0,0,0,0,0,Bold"
0 !LPUB PAGE NUMBER FONT_COLOR "#666666"
0 !LPUB PAGE NUMBER MARGINS 0.1250 0.1250
0 !LPUB PAGE NUMBER PLACEMENT BOTTOM_RIGHT PAGE INSIDE OFFSET 0.0000 0.0000
0
0 // LPUB[3D] PAGE SETUP
0 !LPUB PAGE BORDER GLOBAL NONE 0 MARGINS 0.000 0.000
0 !LPUB PAGE ENABLE_TEXT_PLACEMENT GLOBAL CENTER PAGE INSIDE OFFSET 0.0000 0.0000
0 !LPUB PAGE TEXT_PLACEMENT GLOBAL TRUE
0 !LPUB PAGE PAGE_FOOTER SIZE GLOBAL 32.0000 0.5000
0 !LPUB PAGE PAGE_HEADER SIZE GLOBAL 32.0000 0.5000
0 !LPUB PAGE MARGINS GLOBAL 0.0000 0.0000
0 !LPUB PAGE ORIENTATION GLOBAL LANDSCAPE
0 !LPUB PAGE SIZE GLOBAL 16.0000 32.0000
0
0 // LPUB[3D] PAGE COLORS
0 !LPUB PAGE SUBMODEL_BACKGROUND_COLOR GLOBAL "#DDDDDD" "#FFE680" "#FFAAAA" "#C6AFE9"
0
0 // LPUB[3D] SUBMODELS
0 !LPUB PAGE SUBMODEL_INSTANCE_COUNT FONT_COLOR "#FF5555"
0 !LPUB PAGE SUBMODEL_INSTANCE_COUNT FONT "Noto Sans,72,-1,0,75,0,0,0,0,0,Bold"
0 !LPUB PAGE SUBMODEL_INSTANCE_COUNT MARGINS 0.0000 0.1250
0 !LPUB PAGE SUBMODEL_INSTANCE_COUNT PLACEMENT BOTTOM_RIGHT PAGE INSIDE OFFSET 0.0000 -0.0500
0
0 // LPUB[3D] PARTS LIST
0 !LPUB PLI BACKGROUND COLOR "#DDDDDD"
0 !LPUB PLI BORDER SQUARE 0 #666666 0.025 MARGINS 0.0500 0.050
0 !LPUB PLI CAMERA_ANGLES 30.0000 45.0000
0 !LPUB PLI CONSTRAIN HEIGHT 5.0000
0 !LPUB PLI MODEL_SCALE  1.0000
0 !LPUB PLI MARGINS 0.1500 0.7500
0 !LPUB PLI PLACEMENT TOP_RIGHT PAGE INSIDE OFFSET 0.0000 0.0000
0 !LPUB PLI INSTANCE_COUNT FONT "Noto Sans,36,-1,0,75,0,0,0,0,0,Bold"
0 !LPUB PLI INSTANCE_COUNT FONT_COLOR "#666666"
0 !LPUB PLI INSTANCE_COUNT MARGINS 0.0125 0.0125
0 !LPUB PLI INSTANCE_COUNT MARGINS 0.0125 0.3000
0
0 // LPUB[3D] STEP NUMBER
0 !LPUB STEP_NUMBER FONT "Noto Sans,72,-1,0,75,0,0,0,0,0,Bold"
0 !LPUB STEP_NUMBER FONT_COLOR "#666666"
0 !LPUB STEP_NUMBER MARGINS 0.1250 0.0000
0 !LPUB STEP_NUMBER PLACEMENT TOP_LEFT PAGE INSIDE OFFSET 0.0000 0.0000
0
0 // LPUB[3D] BEGIN INSTRUCTIONS ///////////////////////////////////////////////
0
0 STEP
0 !LPUB INSERT COVER_PAGE FRONT
0 STEP
0 !LPUB ASSEM MODEL_SCALE LOCAL 0.7500
1 0 0 0 0 1 0 0 0 1 0 0 0 1 00-model.ldr
0 STEP
0
0 // LPUB[3D] DISABLE FINAL MODEL SHOWCASE /////////////////////////////////////
0
0 !LPUB NOSTEP
0
0 // LPUB[3D] BOM PAGES
0 STEP
0 !LPUB INSERT PAGE
0 !LPUB INSERT BOM
0 STEP
0 !LPUB INSERT PAGE
0 !LPUB INSERT BOM
0 STEP
0 !LPUB INSERT PAGE
0 !LPUB INSERT BOM
0 STEP
0 !LPUB INSERT PAGE
0 !LPUB INSERT BOM
0 STEP
0 !LPUB INSERT PAGE
0 !LPUB INSERT BOM
0 STEP
0 !LPUB INSERT PAGE
0 !LPUB INSERT BOM
0 STEP
0 !LPUB INSERT PAGE
0 !LPUB INSERT BOM
0 STEP
0 !LPUB INSERT PAGE
0 !LPUB INSERT BOM
0 STEP
0 !LPUB INSERT PAGE
0 !LPUB INSERT BOM
0 STEP
0 !LPUB INSERT PAGE
0 !LPUB INSERT BOM
0 STEP
0 !LPUB INSERT PAGE
0 !LPUB INSERT BOM
0 STEP
0 !LPUB INSERT PAGE
0 !LPUB INSERT BOM
0 STEP
0
0 !LPUB NOSTEP
0
0 !LPUB INSERT COVER_PAGE BACK
0
0 // LPUB[3D] END INSTRUCTIONS /////////////////////////////////////////////////
0
0 NOFILE
0 FILE 00-model.ldr
0 
0 Name: 00-model.ldr
0 Author: Nathanel Titane // nathanel.titane@gmail.com // All Rights Reserved
0 !LEOCAD PIECE PIVOT  0 -38 120 1 0 0 0 1 0 0 0 1
1 0 0 67.7635 -266.076 1 0 0 0 0.965926 -0.258819 0 0.258819 0.965926 01-cockpit.ldr
0 STEP
0 !LEOCAD PIECE PIVOT  0 -6 -80 1 0 0 0 1 0 0 0 1
1 0 0 26.3524 -111.5278 1 0 0 0 0.965926 -0.258819 0 0.258819 0.965926 05-spine.ldr
0 STEP
0 !LEOCAD PIECE PIVOT  0 10 -130 1 0 0 0 1 0 0 0 1
1 0 -50 -58.8349 20.9377 1 0 0 0 0.965926 -0.258819 0 0.258819 0.965926 06-01-torso.ldr
0 STEP
0 !LEOCAD PIECE PIVOT  0 2 -20 1 0 0 0 1 0 0 0 1
1 0 0 -55.0083 53.0213 -1 0 0 0 -0.965926 -0.258819 0 -0.258819 0.965926 08-chest.ldr
0 STEP
0 !LEOCAD PIECE PIVOT  0 10 10 1 0 0 0 1 0 0 0 1
1 0 50 -58.8349 20.9377 1 0 0 0 0.965926 -0.258819 0 0.258819 0.965926 06-02-torso.ldr
0 STEP
0 STEP
0 NOFILE
0 FILE 01-cockpit.ldr
0 
0 Name: 01-cockpit.ldr
0 Author: Nathanel Titane // nathanel.titane@gmail.com // All Rights Reserved
1 71 10 -16 50 0 0 -1 0 1 0 1 0 0 18677.dat
1 71 -10 -16 50 0 0 -1 0 1 0 1 0 0 18677.dat
1 0 0 -6 60 1 0 0 0 1 0 0 0 1 2780.dat
1 0 30 -6 60 0 -1 0 1 0 0 0 0 1 87994.dat
0 STEP
1 15 0 -24 30 0 0 1 0 1 0 -1 0 0 4871.dat
1 71 0 -16 -10 0 0 -1 0 1 0 1 0 0 3020.dat
0 STEP
1 15 0 -24 -30 0 0 1 0 1 0 -1 0 0 4854.dat
0 STEP
1 71 -10 -16 -70 0 0 1 0 1 0 -1 0 0 18677.dat
1 71 10 -16 -70 0 0 1 0 1 0 -1 0 0 18677.dat
1 0 0 -6 -80 -1 0 0 0 1 0 0 0 -1 2780.dat
1 0 -30 -6 -80 0 1 0 1 0 0 0 0 -1 87994.dat
0 STEP
1 72 0 -40 40 -1 0 0 0 1 0 0 0 -1 3039.dat
0 STEP
1 0 0 -48 20 1 0 0 0 1 0 0 0 1 2432.dat
1 0 0 -24 -20 0 0 1 0 1 0 -1 0 0 26603.dat
1 0 0 -24 -70 -1 0 0 0 1 0 0 0 -1 33909.dat
0 STEP
1 72 0 -48 40 -1 0 0 0 1 0 0 0 -1 32028.dat
1 72 0 -56 40 -1 0 0 0 1 0 0 0 -1 32028.dat
0 STEP
1 72 -10 -32 -90 0 0 -1 0 1 0 1 0 0 18649.dat
1 72 10 -32 -90 0 0 -1 0 1 0 1 0 0 18649.dat
0 STEP
1 72 0 -56 -80 -1 0 0 0 1 0 0 0 -1 3937.dat
0 !LEOCAD PIECE PIVOT  0 10 0 1 0 0 0 1 0 0 0 1
1 71 0 -51 -71.3397 1 0 0 0 0.5 0.866025 0 -0.866025 0.5 3938.dat
1 72 0 -55 -64.4115 1 0 0 0 0.5 0.866025 0 -0.866025 0.5 99780.dat
1 72 -10 -55 -64.4115 0 0 -1 0.866025 0.5 0 0.5 -0.866025 0 54200.dat
1 72 10 -55 -64.4115 0 0 1 -0.866025 0.5 0 -0.5 -0.866025 0 54200.dat
0 STEP
1 71 0 -40 -100 -1 0 0 0 1 0 0 0 -1 3023.dat
1 71 0 -48 -110 -1 0 0 0 1 0 0 0 -1 3022.dat
1 71 0 -56 -100 -1 0 0 0 1 0 0 0 -1 3794b.dat
0 STEP
1 15 30 -48 -10 0 0 -1 0 1 0 1 0 0 3008.dat
1 15 -30 -48 -10 0 0 -1 0 1 0 1 0 0 3008.dat
0 STEP
1 15 -30 -32 80 -1 0 0 0 1 0 0 0 -1 24201.dat
1 15 -30 -32 -100 1 0 0 0 1 0 0 0 1 24201.dat
1 15 30 -32 80 -1 0 0 0 1 0 0 0 -1 24201.dat
1 15 30 -32 -100 1 0 0 0 1 0 0 0 1 24201.dat
0 STEP
1 0 30 -56 80 0 0 -1 0 1 0 1 0 0 6541.dat
1 0 -30 -56 80 0 0 -1 0 1 0 1 0 0 6541.dat
0 STEP
1 38 -30 -56 60 1 0 0 0 1 0 0 0 1 3024.dat
1 38 30 -56 60 1 0 0 0 1 0 0 0 1 3024.dat
0 STEP
1 0 -30 -80 80 -1 0 0 0 1 0 0 0 -1 3665.dat
1 0 30 -80 80 -1 0 0 0 1 0 0 0 -1 3665.dat
1 0 30 -80 60 0 0 -1 0 1 0 1 0 0 3005.dat
1 0 -30 -80 60 0 0 -1 0 1 0 1 0 0 3005.dat
0 STEP
1 0 -30 -56 -10 0 0 -1 0 1 0 1 0 0 6636.dat
1 0 30 -56 -10 0 0 -1 0 1 0 1 0 0 6636.dat
0 STEP
1 0 30 -56 -80 1 0 0 0 1 0 0 0 1 28192.dat
1 0 -30 -56 -80 1 0 0 0 1 0 0 0 1 28192.dat
1 0 -10 -56 -120 0 0 1 0 1 0 -1 0 0 28192.dat
1 0 10 -56 -120 0 0 -1 0 1 0 1 0 0 28192.dat
0 STEP
1 72 0 -88 40 1 0 0 0 1 0 0 0 1 3937.dat
1 72 0 -64 40 1 0 0 0 1 0 0 0 1 3839a.dat
0 STEP
0 !LEOCAD PIECE PIVOT  0 10 0 1 0 0 0 1 0 0 0 1
1 71 0 -83 31.3397 -1 0 0 0 0.5 0.866025 0 0.866025 -0.5 3938.dat
1 72 0 -99 3.6269 -1 0 0 0 0.5 0.866025 0 0.866025 -0.5 2432.dat
0 STEP
1 0 -20 -88 60 0 0 1 0 1 0 -1 0 0 92946.dat
1 0 20 -88 60 0 0 -1 0 1 0 1 0 0 92946.dat
0 STEP
1 0 10 -96 70 0 0 1 0 1 0 -1 0 0 92280.dat
1 0 -10 -96 70 0 0 1 0 1 0 -1 0 0 92280.dat
1 71 0 -96 100 -1 0 0 0 1 0 0 0 -1 32803.dat
0 STEP
1 0 -10 -104 80 0 0 1 0 1 0 -1 0 0 28192.dat
1 0 10 -104 80 0 0 -1 0 1 0 1 0 0 28192.dat
1 0 10 -104 100 0 0 -1 0 1 0 1 0 0 28192.dat
1 0 -10 -104 100 0 0 1 0 1 0 -1 0 0 28192.dat
0 STEP
1 47 0 -102 60 1 0 0 0 1 0 0 0 1 92579.dat
0 STEP
0 !LEOCAD PIECE PIVOT  0 -6 20 1 0 0 0 1 0 0 0 1
1 0 0 0 -120 1 0 0 0 1 0 0 0 1 02-nose.ldr
0 STEP
0 !LEOCAD PIECE PIVOT  0 0 10 1 0 0 0 1 0 0 0 1
1 0 -28 -6 -90 0 1 0 -1 0 0 0 0 1 03-tab.ldr
0 STEP
0 !LEOCAD PIECE PIVOT  0 0 -10 1 0 0 0 1 0 0 0 1
1 0 28 -6 -90 0 -1 0 -1 0 0 0 0 -1 03-tab.ldr
0 STEP
0 !LEOCAD PIECE PIVOT  0 0 10 1 0 0 0 1 0 0 0 1
1 0 -28 -6 70 0 1 0 -1 0 0 0 0 1 03-tab.ldr
0 STEP
0 !LEOCAD PIECE PIVOT  0 0 -10 1 0 0 0 1 0 0 0 1
1 0 28 -6 70 0 -1 0 -1 0 0 0 0 -1 03-tab.ldr
0 STEP
0 !LEOCAD PIECE PIVOT  0 18 -20 1 0 0 0 1 0 0 0 1
1 0 -60 -68.563 94.6598 1 0 0 0 0.965926 -0.258819 0 0.258819 0.965926 04-01-canard.ldr
0 STEP
0 !LEOCAD PIECE PIVOT  0 18 -20 1 0 0 0 1 0 0 0 1
1 0 40 -68.563 94.6598 1 0 0 0 0.965926 -0.258819 0 0.258819 0.965926 04-02-canard.ldr
0 STEP
0 STEP
0 STEP
0 STEP
0 STEP
0 STEP
0 STEP
0 STEP
0 STEP
0 STEP
0 STEP
0 STEP
0 NOFILE
0 FILE 02-nose.ldr
0 
0 Name: 02-nose.ldr
0 Author: Nathanel Titane // nathanel.titane@gmail.com // All Rights Reserved
1 71 10 -16 10 0 0 -1 0 1 0 1 0 0 18677.dat
1 71 -10 -16 10 0 0 -1 0 1 0 1 0 0 18677.dat
1 0 0 -6 20 1 0 0 0 1 0 0 0 1 2780.dat
1 0 -30 -6 20 0 1 0 1 0 0 0 0 -1 87994.dat
0 STEP
1 71 0 -16 -50 0 0 -1 0 1 0 1 0 0 3020.dat
1 15 0 -24 -10 0 0 1 0 1 0 -1 0 0 4871.dat
1 15 0 -24 -50 1 0 0 0 1 0 0 0 1 43713.dat
0 STEP
1 72 0 -24 20 1 0 0 0 1 0 0 0 1 99563.dat
1 72 0 -24 -10 -1 0 0 0 1 0 0 0 -1 33909.dat
0 STEP
1 0 0 -40 -20 -1 0 0 0 1 0 0 0 -1 99206.dat
0 STEP
1 72 0 -40 -60 1 0 0 0 1 0 0 0 1 3004.dat
1 72 0 -48 -50 0 0 -1 0 1 0 1 0 0 3020.dat
0 STEP
1 15 -30 -32 -40 0 0 -1 0 1 0 1 0 0 3623.dat
1 15 30 -32 -40 0 0 -1 0 1 0 1 0 0 3623.dat
1 15 -30 -32 0 0 0 -1 0 1 0 1 0 0 3070b.dat
1 15 30 -32 0 0 0 -1 0 1 0 1 0 0 3070b.dat
1 15 0 -32 -130 1 0 0 0 1 0 0 0 1 43719.dat
0 STEP
1 15 -10 -56 -60 0 0 1 0 1 0 -1 0 0 28192.dat
1 15 -10 -56 -40 0 0 1 0 1 0 -1 0 0 28192.dat
1 15 -10 -56 -20 0 0 1 0 1 0 -1 0 0 28192.dat
1 15 10 -56 -60 0 0 -1 0 1 0 1 0 0 28192.dat
1 15 10 -56 -40 0 0 -1 0 1 0 1 0 0 28192.dat
1 15 10 -56 -20 0 0 -1 0 1 0 1 0 0 28192.dat
0 STEP
1 15 0 -56 -110 1 0 0 0 1 0 0 0 1 47753.dat
0 NOFILE
0 FILE 03-tab.ldr
0 
0 Name: 03-tab.ldr
0 Author: Nathanel Titane // nathanel.titane@gmail.com // All Rights Reserved
1 0 0 0 0 0 0 -1 0 1 0 1 0 0 35480.dat
0 STEP
1 15 0 -8 10 -1 0 0 0 1 0 0 0 -1 24246.dat
1 15 0 -8 -10 1 0 0 0 1 0 0 0 1 24246.dat
0 NOFILE
0 FILE 04-01-canard.ldr
0 
0 Name: 04-01-canard.ldr
0 Author: Nathanel Titane // nathanel.titane@gmail.com // All Rights Reserved
1 0 10 8 -30 0 0 -1 0 1 0 1 0 0 18677.dat
1 0 20 18 -20 -1 0 0 0 1 0 0 0 -1 2780.dat
0 STEP
1 0 10 8 -60 1 0 0 0 1 0 0 0 1 24201.dat
0 STEP
1 0 -20 0 -70 1 0 0 0 1 0 0 0 1 3935.dat
1 0 -40 8 -30 0 0 1 0 1 0 -1 0 0 2654.dat
0 STEP
1 0 -10 0 -10 0 0 -1 0 1 0 1 0 0 43723.dat
1 0 -70 0 -20 0 0 1 0 1 0 -1 0 0 2450.dat
0 STEP
1 0 10 8 -110 1 0 0 0 1 0 0 0 1 29119.dat
0 STEP
1 4 -90 -8 0 -1 0 0 0 1 0 0 0 -1 3070b.dat
1 0 -50 -8 0 -1 0 0 0 1 0 0 0 -1 14719.dat
1 0 10 -8 -60 -1 0 0 0 1 0 0 0 -1 14719.dat
0 STEP
1 0 -50 -8 -60 1 0 0 0 1 0 0 0 1 27263.dat
1 0 -10 -8 -30 1 0 0 0 1 0 0 0 1 26603.dat
0 STEP
1 0 -20 -8 -90 -1 0 0 0 1 0 0 0 -1 35787.dat
1 4 -80 -8 -30 -1 0 0 0 1 0 0 0 -1 35787.dat
0 NOFILE
0 FILE 04-02-canard.ldr
0 
0 Name: 04-02-canard.ldr
0 Author: Nathanel Titane // nathanel.titane@gmail.com // All Rights Reserved
1 0 10 8 -30 0 0 -1 0 1 0 1 0 0 18677.dat
1 0 0 18 -20 -1 0 0 0 1 0 0 0 -1 2780.dat
0 STEP
1 0 10 8 -60 1 0 0 0 1 0 0 0 1 24201.dat
0 STEP
1 0 40 0 -70 1 0 0 0 1 0 0 0 1 3936.dat
1 0 60 8 -30 0 0 1 0 1 0 -1 0 0 2654.dat
0 STEP
1 0 30 0 -10 0 0 1 0 1 0 -1 0 0 43722.dat
1 0 90 0 -20 1 0 0 0 1 0 0 0 1 2450.dat
0 STEP
1 0 10 8 -110 1 0 0 0 1 0 0 0 1 29120.dat
0 STEP
1 4 110 -8 0 -1 0 0 0 1 0 0 0 -1 3070b.dat
1 0 70 -8 0 0 0 1 0 1 0 -1 0 0 14719.dat
1 0 10 -8 -60 0 0 1 0 1 0 -1 0 0 14719.dat
0 STEP
1 0 70 -8 -60 0 0 -1 0 1 0 1 0 0 27263.dat
1 0 30 -8 -30 1 0 0 0 1 0 0 0 1 26603.dat
0 STEP
1 0 40 -8 -90 0 0 1 0 1 0 -1 0 0 35787.dat
1 4 100 -8 -30 0 0 1 0 1 0 -1 0 0 35787.dat
0 NOFILE
0 FILE 05-spine.ldr
0 
0 Name: 05-spine.ldr
0 Author: Nathanel Titane // nathanel.titane@gmail.com // All Rights Reserved
1 15 0 8 30 1 0 0 0 1 0 0 0 1 11203.dat
1 71 0 0 20 0 0 1 0 1 0 -1 0 0 3021.dat
1 15 0 0 -20 1 0 0 0 1 0 0 0 1 32803.dat
0 STEP
1 15 0 -24 10 0 0 1 0 1 0 -1 0 0 4854.dat
0 STEP
1 15 0 -24 -50 0 0 1 0 1 0 -1 0 0 4871.dat
0 STEP
1 4 0 -8 40 -1 0 0 0 1 0 0 0 -1 85984.dat
1 71 0 -16 -10 0 0 1 0 1 0 -1 0 0 3020.dat
0 STEP
1 71 -10 -16 -70 0 0 1 0 1 0 -1 0 0 18677.dat
1 71 10 -16 -70 0 0 1 0 1 0 -1 0 0 18677.dat
1 0 0 -6 -80 -1 0 0 0 1 0 0 0 -1 2780.dat
1 0 -30 -6 -80 0 1 0 1 0 0 0 0 -1 87994.dat
0 STEP
1 4 0 -24 10 -1 0 0 0 1 0 0 0 -1 33909.dat
1 4 0 -24 -50 0 0 1 0 1 0 -1 0 0 3020.dat
0 STEP
1 72 -10 -48 -10 -1 0 0 0 1 0 0 0 -1 42023.dat
1 72 10 -48 -10 -1 0 0 0 1 0 0 0 -1 42023.dat
1 72 0 -48 -40 1 0 0 0 1 0 0 0 1 3298.dat
0 STEP
1 15 30 -48 -30 0 0 -1 0 1 0 1 0 0 3010.dat
1 15 -30 -48 -30 0 0 -1 0 1 0 1 0 0 3010.dat
1 15 30 -48 20 0 0 -1 0 1 0 1 0 0 6541.dat
1 15 -30 -48 20 0 0 -1 0 1 0 1 0 0 6541.dat
1 15 -30 -48 40 -1 0 0 0 1 0 0 0 -1 4287.dat
1 15 30 -48 40 -1 0 0 0 1 0 0 0 -1 4287.dat
0 STEP
1 72 -10 -56 70 0 0 -1 0 1 0 1 0 0 44302a.dat
1 72 10 -56 70 0 0 -1 0 1 0 1 0 0 44302a.dat
1 72 0 -56 10 0 0 -1 0 1 0 1 0 0 u8200.dat
0 STEP
1 72 0 -80 30 0 0 -1 0 1 0 1 0 0 2456.dat
0 STEP
1 72 0 -56 -40 1 0 0 0 1 0 0 0 1 32028.dat
1 72 0 -64 -40 1 0 0 0 1 0 0 0 1 32028.dat
1 72 0 -72 -40 1 0 0 0 1 0 0 0 1 32028.dat
1 72 0 -80 -40 1 0 0 0 1 0 0 0 1 32028.dat
1 72 0 -88 -40 1 0 0 0 1 0 0 0 1 32028.dat
0 STEP
1 72 0 -88 70 0 0 -1 0 1 0 1 0 0 3022.dat
1 72 0 -88 10 0 0 -1 0 1 0 1 0 0 87079.dat
0 STEP
1 72 0 -96 10 0 0 -1 0 1 0 1 0 0 3795.dat
0 STEP
1 15 30 -72 10 0 0 -1 0 1 0 1 0 0 3010.dat
1 15 -30 -72 10 0 0 -1 0 1 0 1 0 0 3010.dat
1 15 30 -72 -40 1 0 0 0 1 0 0 0 1 3040.dat
1 15 -30 -72 -40 1 0 0 0 1 0 0 0 1 3040.dat
1 15 30 -72 60 -1 0 0 0 1 0 0 0 -1 3040.dat
1 15 -30 -72 60 -1 0 0 0 1 0 0 0 -1 3040.dat
0 STEP
1 0 30 -80 0 0 0 -1 0 1 0 1 0 0 78329.dat
1 0 -30 -80 0 0 0 -1 0 1 0 1 0 0 78329.dat
0 STEP
1 0 0 -80 110 -1 0 0 0 1 0 0 0 -1 43719.dat
1 15 0 -104 30 -1 0 0 0 1 0 0 0 -1 43712.dat
0 STEP
1 15 -10 -104 0 0 0 1 0 1 0 -1 0 0 28192.dat
1 15 -10 -104 -20 0 0 1 0 1 0 -1 0 0 28192.dat
1 15 -10 -104 -40 0 0 1 0 1 0 -1 0 0 28192.dat
1 15 10 -104 0 0 0 -1 0 1 0 1 0 0 28192.dat
1 15 10 -104 -20 0 0 -1 0 1 0 1 0 0 28192.dat
1 15 10 -104 -40 0 0 -1 0 1 0 1 0 0 28192.dat
0 STEP
1 15 0 -112 20 1 0 0 0 1 0 0 0 1 22385.dat
0 STEP
1 0 -40 -38 20 -1 0 0 0 1 0 0 0 -1 2780.dat
1 0 40 -38 20 -1 0 0 0 1 0 0 0 -1 2780.dat
0 STEP
0 !LEOCAD PIECE PIVOT  0 66 30 1 0 0 0 1 0 0 0 1
1 0 0 12 70 -1 0 0 0 -1 0 0 0 1 16-waist.ldr
0 STEP
0 STEP
0 STEP
0 NOFILE
0 FILE 06-01-torso.ldr
0 
0 Name: 06-01-torso.ldr
0 Author: Nathanel Titane // nathanel.titane@gmail.com // All Rights Reserved
1 15 0 -32 10 1 0 0 0 1 0 0 0 1 50956.dat
1 15 0 -40 0 0 0 1 0 1 0 -1 0 0 99563.dat
0 STEP
1 0 -10 -8 -120 1 0 0 0 1 0 0 0 1 41769.dat
1 0 -40 -8 -50 0 0 1 0 1 0 -1 0 0 2450.dat
1 0 0 -8 -50 0 0 -1 0 1 0 1 0 0 3623.dat
1 0 -30 -8 0 -1 0 0 0 1 0 0 0 -1 3020.dat
0 STEP
1 0 0 0 0 0 0 -1 0 1 0 1 0 0 18677.dat
1 0 -20 0 0 0 0 -1 0 1 0 1 0 0 18677.dat
1 0 -50 0 -10 -1 0 0 0 1 0 0 0 -1 3023.dat
1 0 -30 0 -60 0 0 1 0 1 0 -1 0 0 30503.dat
1 0 0 0 -120 0 0 1 0 1 0 -1 0 0 18677.dat
1 0 0 -8 -170 1 0 0 0 1 0 0 0 1 24201.dat
0 STEP
1 0 -20 8 -10 -1 0 0 0 1 0 0 0 -1 3024.dat
1 0 -50 8 -10 -1 0 0 0 1 0 0 0 -1 60471.dat
0 STEP
1 0 -30 8 -30 1 0 0 0 1 0 0 0 1 32803.dat
1 0 -60 8 -30 1 0 0 0 1 0 0 0 1 24201.dat
0 STEP
1 0 0 8 -30 -1 0 0 0 1 0 0 0 -1 3024.dat
1 0 0 8 -10 -1 0 0 0 1 0 0 0 -1 24201.dat
0 STEP
1 0 -10 8 -70 1 0 0 0 1 0 0 0 1 43722.dat
1 0 0 16 -50 -1 0 0 0 1 0 0 0 -1 3024.dat
1 0 0 16 -70 -1 0 0 0 1 0 0 0 -1 3024.dat
1 0 0 8 -110 1 0 0 0 1 0 0 0 1 24201.dat
0 STEP
1 15 -70 -16 -10 1 0 0 0 1 0 0 0 1 43722.dat
1 15 -60 -24 0 0 0 1 0 1 0 -1 0 0 3069b.dat
1 15 -60 -8 -40 1 0 0 0 1 0 0 0 1 29119.dat
0 STEP
1 0 0 10 10 -1 0 0 0 1 0 0 0 -1 6558.dat
0 STEP
0 !LEOCAD PIECE PIVOT  0 2 -20 1 0 0 0 1 0 0 0 1
1 0 -50 8 30 1 0 0 0 1 0 0 0 1 07-hinge.ldr
0 STEP
0 !LEOCAD PIECE PIVOT  0 2 -20 1 0 0 0 1 0 0 0 1
1 0 -50 0 70 1 0 0 0 1 0 0 0 1 09-01-back-panel.ldr
0 NOFILE
0 FILE 06-02-torso.ldr
0 
0 Name: 06-02-torso.ldr
0 Author: Nathanel Titane // nathanel.titane@gmail.com // All Rights Reserved
1 15 0 -32 10 1 0 0 0 1 0 0 0 1 50955.dat
1 15 0 -40 0 0 0 1 0 1 0 -1 0 0 99563.dat
0 STEP
1 0 10 -8 -120 1 0 0 0 1 0 0 0 1 41770.dat
1 0 40 -8 -50 1 0 0 0 1 0 0 0 1 2450.dat
1 0 0 -8 -50 0 0 -1 0 1 0 1 0 0 3623.dat
1 0 30 -8 0 -1 0 0 0 1 0 0 0 -1 3020.dat
0 STEP
1 0 0 0 0 0 0 -1 0 1 0 1 0 0 18677.dat
1 0 20 0 0 0 0 -1 0 1 0 1 0 0 18677.dat
1 0 50 0 -10 -1 0 0 0 1 0 0 0 -1 3023.dat
1 0 30 0 -60 1 0 0 0 1 0 0 0 1 30503.dat
1 0 0 0 -120 0 0 1 0 1 0 -1 0 0 18677.dat
1 0 0 -8 -170 1 0 0 0 1 0 0 0 1 24201.dat
0 STEP
1 0 20 8 -10 -1 0 0 0 1 0 0 0 -1 3024.dat
1 0 50 8 -10 -1 0 0 0 1 0 0 0 -1 60471.dat
0 STEP
1 0 30 8 -30 1 0 0 0 1 0 0 0 1 32803.dat
1 0 60 8 -30 1 0 0 0 1 0 0 0 1 24201.dat
0 STEP
1 0 0 8 -30 -1 0 0 0 1 0 0 0 -1 3024.dat
1 0 0 8 -10 -1 0 0 0 1 0 0 0 -1 24201.dat
0 STEP
1 0 10 8 -70 1 0 0 0 1 0 0 0 1 43723.dat
1 0 0 16 -50 -1 0 0 0 1 0 0 0 -1 3024.dat
1 0 0 16 -70 -1 0 0 0 1 0 0 0 -1 3024.dat
1 0 0 8 -110 1 0 0 0 1 0 0 0 1 24201.dat
0 STEP
1 15 70 -16 -10 1 0 0 0 1 0 0 0 1 43723.dat
1 15 60 -24 0 0 0 1 0 1 0 -1 0 0 3069b.dat
1 15 60 -8 -40 1 0 0 0 1 0 0 0 1 29120.dat
0 STEP
1 0 0 10 10 1 0 0 0 1 0 0 0 1 6558.dat
0 STEP
0 !LEOCAD PIECE PIVOT  0 2 -20 1 0 0 0 1 0 0 0 1
1 0 50 8 30 1 0 0 0 1 0 0 0 1 07-hinge.ldr
0 STEP
0 !LEOCAD PIECE PIVOT  0 2 -20 1 0 0 0 1 0 0 0 1
1 0 50 0 70 1 0 0 0 1 0 0 0 1 09-02-back-panel.ldr
0 STEP
0 STEP
0 STEP
0 STEP
0 STEP
0 STEP
0 STEP
0 STEP
0 NOFILE
0 FILE 07-hinge.ldr
0 
0 Name: 07-hinge.ldr
0 Author: Nathanel Titane // nathanel.titane@gmail.com // All Rights Reserved
1 0 0 0 0 1 0 0 0 1 0 0 0 1 44567a.dat
1 0 0 -8 0 -1 0 0 0 1 0 0 0 -1 60471.dat
1 0 0 -16 0 -1 0 0 0 1 0 0 0 -1 3069b.dat
0 NOFILE
0 FILE 08-chest.ldr
0 
0 Name: 08-chest.ldr
0 Author: Nathanel Titane // nathanel.titane@gmail.com // All Rights Reserved
1 15 0 0 0 0 0 1 0 1 0 -1 0 0 32802.dat
0 STEP
1 72 0 8 0 1 0 0 0 1 0 0 0 1 32028.dat
1 72 0 0 0 -1 0 0 0 1 0 0 0 -1 14704.dat
0 STEP
1 72 0 -8 -50 1 0 0 0 1 0 0 0 1 33909.dat
1 72 0 -8 -10 -1 0 0 0 1 0 0 0 -1 33909.dat
1 0 0 -16 -30 -1 0 0 0 1 0 0 0 -1 3020.dat
0 STEP
1 0 0 -24 -30 -1 0 0 0 1 0 0 0 -1 87580.dat
1 72 0 0 -40 0 0 1 0 1 0 -1 0 0 3021.dat
0 STEP
1 0 -30 -8 -30 0 0 -1 0 1 0 1 0 0 18677.dat
1 0 30 -8 -30 0 0 -1 0 1 0 1 0 0 18677.dat
0 STEP
1 72 0 8 -40 -1 0 0 0 1 0 0 0 -1 32028.dat
1 72 0 8 -60 -1 0 0 0 1 0 0 0 -1 3023.dat
0 STEP
1 15 0 0 -50 0 0 1 0 1 0 -1 0 0 4871.dat
0 STEP
1 0 -30 -24 -20 -1 0 0 0 1 0 0 0 -1 28192.dat
1 0 30 -24 -20 -1 0 0 0 1 0 0 0 -1 28192.dat
1 0 -30 -24 -40 1 0 0 0 1 0 0 0 1 28192.dat
1 0 30 -24 -40 1 0 0 0 1 0 0 0 1 28192.dat
0 STEP
0 !LEOCAD PIECE PIVOT  0 4 0 1 0 0 0 1 0 0 0 1
1 0 0 5.0353 20.8637 1 0 0 0 -0.258819 0.965926 0 -0.965926 -0.258819 18-head.ldr
0 NOFILE
0 FILE 09-01-back-panel.ldr
0 
0 Name: 09-01-back-panel.ldr
0 Author: Nathanel Titane // nathanel.titane@gmail.com // All Rights Reserved
1 0 0 0 0 1 0 0 0 1 0 0 0 1 44567a.dat
1 0 0 -8 0 1 0 0 0 1 0 0 0 1 3023.dat
1 71 0 -16 30 0 0 -1 0 1 0 1 0 0 3020.dat
0 STEP
1 0 -10 2 30 0 0 -1 0 -1 0 -1 0 0 2780.dat
0 !LEOCAD GROUP BEGIN Group #3
0 !LEOCAD PIECE PIVOT  0 0 20 1 0 0 0 1 0 0 0 1
1 0 -27.3205 12 20 -0.5 0 0.866025 -0.866025 0 -0.5 0 -1 0 32523.dat
0 !LEOCAD GROUP END
1 71 0 -8 40 -1 0 0 0 1 0 0 0 -1 18677.dat
0 STEP
1 71 30 2 50 0 0 1 0 1 0 -1 0 0 4274.dat
1 71 30 2 -10 1 0 0 0 0 -1 0 1 0 30374.dat
1 71 20 -8 60 1 0 0 0 1 0 0 0 1 18677.dat
0 STEP
1 71 -40 -8 70 -1 0 0 0 1 0 0 0 -1 2429.dat
0 !LEOCAD GROUP BEGIN Group #4
1 71 -40 -8 70 -0.866026 0 -0.5 0 1 0 0.5 0 -0.866026 2430.dat
1 0 -52.3205 -16 88.6602 -0.866026 0 -0.5 0 1 0 0.5 0 -0.866026 22385.dat
0 STEP
0 !LEOCAD GROUP END
1 4 -30 -16 60 0 0 -1 0 1 0 1 0 0 3024.dat
1 4 30 -16 60 0 0 -1 0 1 0 1 0 0 3024.dat
0 STEP
1 0 0 -24 50 0 0 -1 0 1 0 1 0 0 3034.dat
1 71 0 -16 90 0 0 -1 0 1 0 1 0 0 11203.dat
0 STEP
1 0 0 -24 -40 1 0 0 0 1 0 0 0 1 32803.dat
1 71 0 -24 140 -1 0 0 0 1 0 0 0 -1 32803.dat
0 STEP
1 15 0 -48 120 -1 0 0 0 1 0 0 0 -1 3004.dat
1 15 40 -24 70 -1 0 0 0 1 0 0 0 -1 41769.dat
1 15 -40 -24 70 -1 0 0 0 1 0 0 0 -1 41770.dat
0 STEP
1 15 0 -32 80 1 0 0 0 1 0 0 0 1 88646.dat
1 15 0 -32 10 1 0 0 0 1 0 0 0 1 6179.dat
1 0 0 -32 -40 1 0 0 0 1 0 0 0 1 15208.dat
0 STEP
1 15 -40 -24 -10 1 0 0 0 1 0 0 0 1 41769.dat
1 15 -40 -16 -10 1 0 0 0 1 0 0 0 1 41769.dat
1 15 40 -24 -10 1 0 0 0 1 0 0 0 1 41770.dat
1 15 40 -16 -10 1 0 0 0 1 0 0 0 1 41770.dat
0 STEP
1 15 -30 -16 -50 1 0 0 0 1 0 0 0 1 29119.dat
1 15 30 -32 -40 1 0 0 0 1 0 0 0 1 3070b.dat
0 STEP
1 15 0 -56 90 -1 0 0 0 1 0 0 0 -1 43712.dat
1 15 0 -56 50 1 0 0 0 1 0 0 0 1 43712.dat
0 STEP
1 0 0 -24 170 -1 0 0 0 1 0 0 0 -1 43719.dat
1 0 0 -32 170 -1 0 0 0 1 0 0 0 -1 43719.dat
0 STEP
1 0 0 -64 70 1 0 0 0 1 0 0 0 1 3022.dat
1 15 0 -72 70 1 0 0 0 1 0 0 0 1 87580.dat
0 STEP
1 15 0 -56 40 1 0 0 0 1 0 0 0 1 85984.dat
1 15 0 -56 100 -1 0 0 0 1 0 0 0 -1 85984.dat
0 STEP
0 !LEOCAD GROUP BEGIN Group #3
0 !LEOCAD PIECE PIVOT  0 0 20 1 0 0 0 1 0 0 0 1
1 0 -44.6411 22 0 -0.5 0 0.866025 -0.866025 0 -0.5 0 -1 0 18654.dat
1 0 -44.6411 22 0 0 0.5 0.866025 0 0.866025 -0.5 -1 0 0 6558.dat
0 STEP
0 !LEOCAD GROUP END
0 !LEOCAD GROUP BEGIN Group #2
0 !LEOCAD PIECE PIVOT  0 0 -10 1 0 0 0 1 0 0 0 1
1 0 -54.6411 22 -20 0 0 -1 1 0 0 0 -1 0 43857.dat
1 0 -64.6411 22 -10 0 1 0 0 0 -1 -1 0 0 2780.dat
0 STEP
0 !LEOCAD GROUP END
0 !LEOCAD GROUP BEGIN Group #1
0 !LEOCAD PIECE PIVOT  20 0 0 1 0 0 0 1 0 0 0 1
1 0 -84.6412 22 0 1 0 0 0 -1 0 0 0 -1 44809.dat
1 0 -94.6412 22 20 1 0 0 0 -1 0 0 0 -1 6628.dat
0 STEP
0 !LEOCAD GROUP END
0 !LEOCAD PIECE PIVOT  -30 -4 20 1 0 0 0 1 0 0 0 1
1 0 -122.9618 -6.2679 33.4641 -0.866025 -0.25 -0.433013 -0.5 0.433013 0.75 0 0.866025 -0.5 19-01-shoulder.ldr
0 STEP
0 !LEOCAD GROUP BEGIN Group #4
1 0 -168.5641 0 167.3206 -0.5 0 0.866026 0 1 0 -0.866026 0 -0.5 23-01-wing.ldr
0 !LEOCAD GROUP END
0 NOFILE
0 FILE 09-02-back-panel.ldr
0 
0 Name: 09-02-back-panel.ldr
0 Author: Nathanel Titane // nathanel.titane@gmail.com // All Rights Reserved
1 0 0 0 0 1 0 0 0 1 0 0 0 1 44567a.dat
1 0 0 -8 0 1 0 0 0 1 0 0 0 1 3023.dat
1 71 0 -16 30 0 0 -1 0 1 0 1 0 0 3020.dat
0 STEP
1 71 -20 -8 60 -1 0 0 0 1 0 0 0 -1 18677.dat
1 71 -30 2 50 0 0 1 0 1 0 -1 0 0 4274.dat
1 71 -30 2 40 0 0 -1 -1 0 0 0 1 0 18654.dat
1 71 -30 2 -10 1 0 0 0 0 -1 0 1 0 30374.dat
0 STEP
1 71 0 -8 40 1 0 0 0 1 0 0 0 1 18677.dat
1 0 10 2 30 0 0 -1 0 -1 0 -1 0 0 2780.dat
0 !LEOCAD GROUP BEGIN Group #3
0 !LEOCAD PIECE PIVOT  0 0 -20 1 0 0 0 1 0 0 0 1
1 0 27.3205 12 20 0.5 0 0.866025 -0.866025 0 0.5 0 -1 0 32523.dat
0 STEP
0 !LEOCAD GROUP END
0 !LEOCAD GROUP BEGIN Group #4
1 71 40 -8 70 -0.866026 0 0.5 0 1 0 -0.5 0 -0.866026 2429.dat
0 !LEOCAD GROUP END
1 71 40 -8 70 -1 0 0 0 1 0 0 0 -1 2430.dat
0 !LEOCAD GROUP BEGIN Group #4
1 0 52.3205 -16 88.6602 -0.866026 0 0.5 0 1 0 -0.5 0 -0.866026 22385.dat
0 STEP
0 !LEOCAD GROUP END
1 4 -30 -16 60 0 0 -1 0 1 0 1 0 0 3024.dat
1 4 30 -16 60 0 0 -1 0 1 0 1 0 0 3024.dat
0 STEP
1 0 0 -24 50 0 0 -1 0 1 0 1 0 0 3034.dat
1 71 0 -16 90 0 0 -1 0 1 0 1 0 0 11203.dat
0 STEP
1 0 0 -24 -40 1 0 0 0 1 0 0 0 1 32803.dat
1 71 0 -24 140 -1 0 0 0 1 0 0 0 -1 32803.dat
0 STEP
1 15 0 -48 120 -1 0 0 0 1 0 0 0 -1 3004.dat
1 15 40 -24 70 -1 0 0 0 1 0 0 0 -1 41769.dat
1 15 -40 -24 70 -1 0 0 0 1 0 0 0 -1 41770.dat
0 STEP
1 15 0 -32 80 1 0 0 0 1 0 0 0 1 88646.dat
1 15 0 -32 10 1 0 0 0 1 0 0 0 1 6179.dat
1 0 0 -32 -40 1 0 0 0 1 0 0 0 1 15208.dat
0 STEP
1 15 -40 -24 -10 1 0 0 0 1 0 0 0 1 41769.dat
1 15 -40 -16 -10 1 0 0 0 1 0 0 0 1 41769.dat
1 15 40 -24 -10 1 0 0 0 1 0 0 0 1 41770.dat
1 15 40 -16 -10 1 0 0 0 1 0 0 0 1 41770.dat
0 STEP
1 15 -30 -32 -40 1 0 0 0 1 0 0 0 1 3070b.dat
1 15 30 -16 -50 1 0 0 0 1 0 0 0 1 29120.dat
0 STEP
1 15 0 -56 90 -1 0 0 0 1 0 0 0 -1 43712.dat
1 15 0 -56 50 1 0 0 0 1 0 0 0 1 43712.dat
0 STEP
1 0 0 -24 170 -1 0 0 0 1 0 0 0 -1 43719.dat
1 0 0 -32 170 -1 0 0 0 1 0 0 0 -1 43719.dat
0 STEP
1 0 0 -64 70 1 0 0 0 1 0 0 0 1 3022.dat
1 15 0 -72 70 1 0 0 0 1 0 0 0 1 87580.dat
0 STEP
1 15 0 -56 40 1 0 0 0 1 0 0 0 1 85984.dat
1 15 0 -56 100 -1 0 0 0 1 0 0 0 -1 85984.dat
0 STEP
0 !LEOCAD GROUP BEGIN Group #3
0 !LEOCAD PIECE PIVOT  0 0 20 1 0 0 0 1 0 0 0 1
1 0 44.6411 22 0 0.5 0 0.866025 -0.866025 0 0.5 0 -1 0 18654.dat
1 0 44.6411 22 0 0 -0.5 0.866025 0 0.866025 0.5 -1 0 0 6558.dat
0 STEP
0 !LEOCAD GROUP END
0 !LEOCAD GROUP BEGIN Group #2
0 !LEOCAD PIECE PIVOT  0 0 -10 1 0 0 0 1 0 0 0 1
1 0 54.6411 22 -20 0 0 1 -1 0 0 0 -1 0 43857.dat
1 0 64.6411 22 -10 0 -1 0 0 0 1 -1 0 0 2780.dat
0 STEP
0 !LEOCAD GROUP END
0 !LEOCAD GROUP BEGIN Group #1
0 !LEOCAD PIECE PIVOT  20 0 0 1 0 0 0 1 0 0 0 1
1 0 84.6411 22 0 -1 0 0 0 1 0 0 0 -1 44809.dat
1 0 94.6412 22 20 -1 0 0 0 1 0 0 0 -1 6628.dat
0 STEP
0 !LEOCAD GROUP END
0 !LEOCAD PIECE PIVOT  30 -4 20 1 0 0 0 1 0 0 0 1
1 0 122.9617 -6.268 33.4641 -0.866025 0.25 0.433013 0.5 0.433013 0.75 -0 0.866025 -0.5 19-02-shoulder.ldr
0 STEP
0 !LEOCAD GROUP BEGIN Group #4
1 0 168.5641 0 167.3206 -0.5 0 -0.866026 0 1 0 0.866026 0 -0.5 23-02-wing.ldr
0 !LEOCAD GROUP END
0 NOFILE
0 FILE 10-heel.ldr
0 
0 Name: 10-heel.ldr
0 Author: Nathanel Titane // nathanel.titane@gmail.com // All Rights Reserved
1 0 -10 24 10 0 0 -1 0 1 0 1 0 0 3024.dat
1 0 10 24 10 0 0 -1 0 1 0 1 0 0 3024.dat
0 STEP
1 0 0 0 0 0 0 -1 0 1 0 1 0 0 92013.dat
0 STEP
1 0 0 16 -30 1 0 0 0 1 0 0 0 1 32803.dat
1 0 -10 -8 -10 1 0 0 0 1 0 0 0 1 28192.dat
1 0 10 -8 -10 1 0 0 0 1 0 0 0 1 28192.dat
0 STEP
1 0 0 -8 10 -1 0 0 0 1 0 0 0 -1 3069b.dat
0 NOFILE
0 FILE 11-toe.ldr
0 
0 Name: 11-toe.ldr
0 Author: Nathanel Titane // nathanel.titane@gmail.com // All Rights Reserved
1 0 -10 24 10 0 0 -1 0 1 0 1 0 0 3024.dat
1 0 10 24 10 0 0 -1 0 1 0 1 0 0 3024.dat
1 0 0 24 -20 0 0 -1 0 1 0 1 0 0 11203.dat
1 0 0 16 -70 1 0 0 0 1 0 0 0 1 32803.dat
0 STEP
1 0 0 0 0 0 0 -1 0 1 0 1 0 0 92013.dat
1 0 0 8 -30 1 0 0 0 1 0 0 0 1 3023.dat
1 0 0 16 -40 0 0 -1 0 1 0 1 0 0 3022.dat
0 STEP
1 0 0 -8 10 1 0 0 0 1 0 0 0 1 3069b.dat
1 0 0 -8 -40 1 0 0 0 1 0 0 0 1 93606.dat
0 NOFILE
0 FILE 12-01-shin.ldr
0 
0 Name: 12-01-shin.ldr
0 Author: Nathanel Titane // nathanel.titane@gmail.com // All Rights Reserved
1 15 0 -6.4712 -9.1537 0 0 1 -0.258819 0.965926 0 -0.965926 -0.258819 0 3795.dat
0 STEP
1 15 0 6.4326 8.0943 0 0 1 -0.258819 0.965926 0 -0.965926 -0.258819 0 11203.dat
1 15 0 -3.9202 -30.5427 0 0 1 -0.258819 0.965926 0 -0.965926 -0.258819 0 11203.dat
1 15 0 11.6462 58.4612 -1 0 0 0 0.965926 -0.258819 0 -0.258819 -0.965926 32803.dat
1 15 0 -24.5885 -76.7685 1 0 0 0 0.965926 0.258819 0 -0.258819 0.965926 32803.dat
0 STEP
1 71 -10 -32.2416 -12.6013 0 0 1 -0.258819 0.965926 0 -0.965926 -0.258819 0 4070.dat
1 71 10 -32.2416 -12.6013 0 0 -1 0.258819 0.965926 0 0.965926 -0.258819 0 4070.dat
1 71 -10 -37.418 -31.9198 0 0 1 -0.258819 0.965926 0 -0.965926 -0.258819 0 4070.dat
1 71 10 -37.418 -31.9198 0 0 -1 0.258819 0.965926 0 0.965926 -0.258819 0 4070.dat
0 STEP
1 72 -40 -25.1705 -24.8487 0 1 0 -0.258819 0 -0.965926 -0.965926 0 0.258819 3937.dat
0 !LEOCAD GROUP BEGIN Group #10
0 !LEOCAD PIECE PIVOT  0 10 0 1 0 0 0 1 0 0 0 1
1 72 -40 -25.1706 -24.8487 0 1 -0 -0.258819 -0 -0.965926 -0.965926 0 0.258819 3938.dat
0 !LEOCAD GROUP END
1 72 40 -25.1705 -24.8487 0 -1 0 0.258819 0 -0.965926 0.965926 0 0.258819 3937.dat
0 !LEOCAD GROUP BEGIN Group #9
0 !LEOCAD PIECE PIVOT  0 10 0 1 0 0 0 1 0 0 0 1
1 72 30 -15.5113 -27.4369 0 0 1 0.258819 -0.965926 0 0.965926 0.258819 0 3938.dat
0 STEP
0 !LEOCAD GROUP END
0 !LEOCAD GROUP BEGIN Group #10
1 72 -48 -25.1706 -24.8487 0 1 -0 -0.258819 -0 -0.965926 -0.965926 0 0.258819 14417.dat
0 !LEOCAD GROUP END
0 !LEOCAD GROUP BEGIN Group #9
1 72 30 -7.7839 -29.5075 0 0 1 0.258819 -0.965926 0 0.965926 0.258819 0 3023.dat
0 STEP
0 !LEOCAD GROUP END
0 !LEOCAD GROUP BEGIN Group #10
1 15 -40 -19.9942 -5.5302 0 1 0 0.965926 -0 -0.258819 -0.258819 0 -0.965926 29120.dat
1 15 -40 -30.3469 -44.1673 -0 1 -0 -0.965926 -0 0.258819 0.258819 0 0.965926 29119.dat
0 !LEOCAD GROUP END
0 !LEOCAD GROUP BEGIN Group #9
1 15 30 -20.6877 -46.7554 -1 0 0 0 -0.965926 0.258819 0 0.258819 0.965926 29120.dat
1 15 30 -10.3349 -8.1184 1 0 0 0 -0.965926 -0.258819 0 0.258819 -0.965926 29119.dat
0 STEP
0 !LEOCAD GROUP END
1 15 0 -19.3006 35.6951 0 0 -1 0.258819 0.965926 0 0.965926 -0.258819 0 4854.dat
1 15 0 -45.1826 -60.8976 0 0 -1 0.258819 0.965926 0 0.965926 -0.258819 0 4871.dat
1 15 0 -11.5732 33.6245 0 0 -1 0.258819 0.965926 0 0.965926 -0.258819 0 87079.dat
0 STEP
1 72 0 -50.3218 -49.1678 -1 0 0 0 0.965926 -0.258819 0 -0.258819 -0.965926 32064.dat
1 72 0 -55.4982 -68.4863 -1 0 0 0 0.965926 -0.258819 0 -0.258819 -0.965926 32064.dat
0 STEP
1 72 0 -58.012 -16.0489 0 0 -1 0.258819 0.965926 0 0.965926 -0.258819 0 48171.dat
1 0 0 -38 20 0 -1 0 0 0 -1 1 0 0 47455.dat
0 STEP
1 72 0 -73.504 -42.9561 -1 0 0 0 0.965926 -0.258819 0 -0.258819 -0.965926 32000.dat
1 72 0 -78.6804 -62.2746 -1 0 0 0 0.965926 -0.258819 0 -0.258819 -0.965926 32000.dat
0 STEP
1 72 0 -70.8787 -2.2485 -1 0 0 0 0.965926 -0.258819 0 -0.258819 -0.965926 99206.dat
1 72 0 -78.6432 -31.2263 -1 0 0 0 0.965926 -0.258819 0 -0.258819 -0.965926 3022.dat
0 STEP
1 72 0 -101.8626 -56.063 -1 0 0 0 0.965926 -0.258819 0 -0.258819 -0.965926 32064.dat
0 STEP
1 72 0 -94.0609 3.9632 -1 0 0 0 0.965926 -0.258819 0 -0.258819 -0.965926 32000.dat
1 72 0 -101.8255 -25.0146 -1 0 0 0 0.965926 -0.258819 0 -0.258819 -0.965926 3003.dat
0 STEP
1 0 0 -45.8389 -71.0745 0 0 -1 0.258819 0.965926 0 0.965926 -0.258819 0 4519.dat
1 0 0 -51.0153 -90.393 0 0 1 0.965926 0.258819 0 -0.258819 0.965926 0 32474.dat
0 STEP
1 0 0 -94.7916 -68.3104 0 0 -1 0.258819 0.965926 0 0.965926 -0.258819 0 32062.dat
1 0 0 -97.3797 -77.9697 0 0 -1 -0.965926 0.258819 0 0.258819 0.965926 0 32474.dat
0 STEP
0 !LEOCAD PIECE PIVOT  0 10 0 1 0 0 0 1 0 0 0 1
1 71 0 -81.8134 11.0342 -1 0 0 0 0.258819 0.965926 0 0.965926 -0.258819 3938.dat
0 !LEOCAD GROUP BEGIN Group #5
0 !LEOCAD PIECE PIVOT  0 10 0 1 0 0 0 1 0 0 0 1
1 15 0 -81.8134 11.0342 -1 0 0 0 0.258819 0.965926 0 0.965926 -0.258819 3937.dat
0 !LEOCAD PIECE PIVOT  0 10 0 1 0 0 0 1 0 0 0 1
1 71 0 -75.6018 34.2165 -1 0 0 0 0.258819 0.965926 0 0.965926 -0.258819 3938.dat
0 !LEOCAD GROUP END
0 !LEOCAD GROUP BEGIN Group #4
0 !LEOCAD PIECE PIVOT  0 10 0 1 0 0 0 1 0 0 0 1
1 15 0 -73.0136 33.8757 -1 0 0 0 0 1 0 1 0 3937.dat
0 !LEOCAD PIECE PIVOT  0 10 0 1 0 0 0 1 0 0 0 1
1 71 0 -73.0136 57.8757 -1 0 0 0 0 1 0 1 0 3938.dat
0 !LEOCAD GROUP END
0 !LEOCAD GROUP BEGIN Group #3
0 !LEOCAD PIECE PIVOT  0 10 0 1 0 0 0 1 0 0 0 1
1 15 0 -64.3533 62.8757 -1 0 0 0 -0.866025 0.5 0 0.5 0.866025 3937.dat
0 !LEOCAD PIECE PIVOT  0 10 0 1 0 0 0 1 0 0 0 1
1 71 0 -85.138 74.8758 -1 0 0 0 -0.866025 0.5 0 0.5 0.866025 3938.dat
0 !LEOCAD GROUP END
0 !LEOCAD GROUP BEGIN Group #7
0 !LEOCAD PIECE PIVOT  0 10 0 1 0 0 0 1 0 0 0 1
1 15 0 -83.7982 79.8758 -1 0 0 0 -1 0 0 0 1 3937.dat
0 STEP
0 !LEOCAD GROUP END
1 15 -30 -32.2044 18.4471 0 0 -1 0.258819 0.965926 0 0.965926 -0.258819 0 60479.dat
1 15 30 -32.2044 18.4471 0 0 -1 0.258819 0.965926 0 0.965926 -0.258819 0 60479.dat
0 STEP
1 71 -30 -1.1833 103.3099 0 0 -1 0.258819 0.965926 0 0.965926 -0.258819 0 3024.dat
1 71 30 -1.1833 103.3099 0 0 -1 0.258819 0.965926 0 0.965926 -0.258819 0 3024.dat
1 71 -30 -6.3597 83.9914 0 0 -1 0.258819 0.965926 0 0.965926 -0.258819 0 3024.dat
1 71 30 -6.3597 83.9914 0 0 -1 0.258819 0.965926 0 0.965926 -0.258819 0 3024.dat
1 0 -30 6.5441 101.2393 0 0 -1 0.258819 0.965926 0 0.965926 -0.258819 0 4073.dat
1 0 30 6.5441 101.2393 0 0 -1 0.258819 0.965926 0 0.965926 -0.258819 0 4073.dat
1 0 -30 1.3677 81.9208 0 0 -1 0.258819 0.965926 0 0.965926 -0.258819 0 4073.dat
1 0 30 1.3677 81.9208 0 0 -1 0.258819 0.965926 0 0.965926 -0.258819 0 4073.dat
0 STEP
1 15 -30 -65.8509 -107.1233 1 0 0 0 0.965926 0.258819 0 -0.258819 0.965926 24201.dat
1 15 30 -65.8509 -107.1233 1 0 0 0 0.965926 0.258819 0 -0.258819 0.965926 24201.dat
1 15 -30 1.442 144.0175 -1 0 0 0 0.965926 -0.258819 0 -0.258819 -0.965926 24201.dat
1 15 30 1.442 144.0175 -1 0 0 0 0.965926 -0.258819 0 -0.258819 -0.965926 24201.dat
1 15 -30 -50.2103 43.9773 0 0 -1 0.258819 0.965926 0 0.965926 -0.258819 0 6112.dat
1 15 30 -50.2103 43.9773 0 0 -1 0.258819 0.965926 0 0.965926 -0.258819 0 6112.dat
0 STEP
1 15 -30 -83.8568 -81.5931 0 0 1 -0.258819 0.965926 0 -0.965926 -0.258819 0 4070.dat
1 15 30 -83.8568 -81.5931 0 0 -1 0.258819 0.965926 0 0.965926 -0.258819 0 4070.dat
1 15 -30 -89.0332 -100.9117 0 0 1 -0.258819 0.965926 0 -0.965926 -0.258819 0 4070.dat
1 15 30 -89.0332 -100.9117 0 0 -1 0.258819 0.965926 0 0.965926 -0.258819 0 4070.dat
0 STEP
1 15 -30 -63.1141 26.7293 0 0 -1 0.258819 0.965926 0 0.965926 -0.258819 0 60479.dat
1 15 30 -63.1141 26.7293 0 0 -1 0.258819 0.965926 0 0.965926 -0.258819 0 60479.dat
1 15 -30 -86.445 -91.2524 1 0 0 0 0.965926 0.258819 0 -0.258819 0.965926 11477.dat
1 15 30 -86.445 -91.2524 1 0 0 0 0.965926 0.258819 0 -0.258819 0.965926 11477.dat
1 15 -30 -24.3284 140.5699 -1 0 0 0 0.965926 -0.258819 0 -0.258819 -0.965926 11477.dat
1 15 30 -24.3284 140.5699 -1 0 0 0 0.965926 -0.258819 0 -0.258819 -0.965926 11477.dat
0 STEP
1 4 -30 -91.547 -48.4743 0 0 1 -0.258819 0.965926 0 -0.965926 -0.258819 0 2540.dat
