0 FILE 00-instructions.ldr
0 Name: 00-instructions.ldr
0 Author: Nathanel Titane // nathanel.titane@gmail.com // All Rights Reserved
0
0 // LPUB[3D] FRONT COVER PAGE /////////////////////////////////////////////////
0
0 !LPUB PAGE DOCUMENT_TITLE_FRONT COLOR "#666666"
0 !LPUB PAGE DOCUMENT_TITLE_FRONT CONTENT GLOBAL "MODEL // YMS-15 GYAN"
0 !LPUB PAGE DOCUMENT_TITLE_FRONT DISPLAY GLOBAL TRUE
0 !LPUB PAGE DOCUMENT_TITLE_FRONT FONT "Noto Sans,72,-1,0,75,0,0,0,0,0,Bold"
0 !LPUB PAGE DOCUMENT_TITLE_FRONT MARGINS 0.2500 0.1000
0 !LPUB PAGE DOCUMENT_TITLE_FRONT PLACEMENT GLOBAL TOP_LEFT PAGE INSIDE OFFSET 0.0000 0.0000

0 !LPUB PAGE DOCUMENT_AUTHOR_FRONT CONTENT GLOBAL "MODEL DESIGN AND INSTRUCTIONS // NATHANEL TITANE"
0 !LPUB PAGE DOCUMENT_AUTHOR_FRONT COLOR "#666666"
0 !LPUB PAGE DOCUMENT_AUTHOR_FRONT DISPLAY GLOBAL TRUE
0 !LPUB PAGE DOCUMENT_AUTHOR_FRONT FONT "Noto Sans,18,-1,0,75,0,0,0,0,0,Bold"
0 !LPUB PAGE DOCUMENT_AUTHOR_FRONT MARGINS 0.3000 1.0000
0 !LPUB PAGE DOCUMENT_AUTHOR_FRONT PLACEMENT TOP_LEFT PAGE INSIDE OFFSET 0.0000 0.0000

0 !LPUB PAGE MODEL_PARTS COLOR "#666666"
0 !LPUB PAGE MODEL_PARTS CONTENT GLOBAL "1064 PIECES"
0 !LPUB PAGE MODEL_PARTS DISPLAY GLOBAL TRUE
0 !LPUB PAGE MODEL_PARTS FONT "Noto Sans,72,-1,0,75,0,0,0,0,0,Bold"
0 !LPUB PAGE MODEL_PARTS MARGINS 0.2500 0.1000
0 !LPUB PAGE MODEL_PARTS PLACEMENT GLOBAL BOTTOM_LEFT PAGE INSIDE OFFSET 0.0000 0.0000

0 !LPUB PAGE PUBLISH_DESCRIPTION COLOR "#666666"
0 !LPUB PAGE PUBLISH_DESCRIPTION CONTENT GLOBAL "LEGO // LINUX - Where Lego and Linux Meet"
0 !LPUB PAGE PUBLISH_DESCRIPTION DISPLAY GLOBAL TRUE
0 !LPUB PAGE PUBLISH_DESCRIPTION FONT "Noto Sans,36,-1,0,75,0,0,0,0,0,Bold"
0 !LPUB PAGE PUBLISH_DESCRIPTION MARGINS 0.2000 0.2000
0 !LPUB PAGE PUBLISH_DESCRIPTION PLACEMENT GLOBAL BOTTOM_RIGHT PAGE INSIDE OFFSET 0.0000 0.0000
0
0 // LPUB[3D] BACK COVER PAGE //////////////////////////////////////////////////
0
0 // LPUB[3D] DOCUMENT DISCLAIMER
0 !LPUB PAGE LEGO_DISCLAIMER COLOR "#666666"
0 !LPUB PAGE LEGO_DISCLAIMER CONTENT GLOBAL "LEGO® // REGISTERED TRADEMARK OF THE LEGO GROUP"
0 !LPUB PAGE LEGO_DISCLAIMER DISPLAY GLOBAL TRUE
0 !LPUB PAGE LEGO_DISCLAIMER FONT "Noto Sans,36,-1,0,75,0,0,0,0,0,Bold"
0 !LPUB PAGE LEGO_DISCLAIMER PLACEMENT GLOBAL CENTER PAGE INSIDE OFFSET 0.0000 -0.2500
0
0 // LPUB[3D] PAGE DOCUMENT AUTHOR
0 !LPUB PAGE DOCUMENT_AUTHOR_BACK COLOR "#666666"
0 !LPUB PAGE DOCUMENT_AUTHOR_BACK CONTENT GLOBAL "MODEL DESIGN AND INSTRUCTIONS // NATHANEL TITANE"
0 !LPUB PAGE DOCUMENT_AUTHOR_BACK DISPLAY GLOBAL TRUE
0 !LPUB PAGE DOCUMENT_AUTHOR_BACK FONT "Noto Sans,36,-1,0,75,0,0,0,0,0,Bold"
0 !LPUB PAGE DOCUMENT_AUTHOR_BACK PLACEMENT CENTER PAGE INSIDE OFFSET 0.0000 -0.2000
0
0 // LPUB[3D] PAGE PUBLICATION COPYRIGHT
0 !LPUB PAGE PUBLISH_COPYRIGHT_BACK COLOR "#666666"
0 !LPUB PAGE PUBLISH_COPYRIGHT_BACK CONTENT GLOBAL "COPYRIGHT // ALL RIGHTS RESERVED"
0 !LPUB PAGE PUBLISH_COPYRIGHT_BACK DISPLAY GLOBAL TRUE
0 !LPUB PAGE PUBLISH_COPYRIGHT_BACK FONT "Noto Sans,36,-1,0,75,0,0,0,0,0,Bold"
0 !LPUB PAGE PUBLISH_COPYRIGHT_BACK PLACEMENT GLOBAL CENTER PAGE INSIDE OFFSET 0.0000 -0.1500
0
0 // LPUB[3D] PAGE PUBLICATION EMAIL
0 !LPUB PAGE PUBLISH_EMAIL_BACK COLOR "#666666"
0 !LPUB PAGE PUBLISH_EMAIL_BACK CONTENT GLOBAL "CONTACT // NATHANEL.TITANE@GMAIL.COM // INFO@LEGOLINUX.COM"
0 !LPUB PAGE PUBLISH_EMAIL_BACK DISPLAY GLOBAL TRUE
0 !LPUB PAGE PUBLISH_EMAIL_BACK FONT "Noto Sans,18,-1,0,75,0,0,0,0,0,Bold"
0 !LPUB PAGE PUBLISH_EMAIL_BACK PLACEMENT GLOBAL CENTER PAGE INSIDE OFFSET 0.0000 -0.0500
0
0 // LPUB[3D] PAGE PUBLICATION URL
0 !LPUB PAGE PUBLISH_URL_BACK COLOR "#666666"
0 !LPUB PAGE PUBLISH_URL_BACK CONTENT GLOBAL "WEB // HTTPS://LEGOLINUX.COM/MODELS/MECHANICORE-SYSTEM/YMS-15-GYAN"
0 !LPUB PAGE PUBLISH_URL_BACK DISPLAY GLOBAL TRUE
0 !LPUB PAGE PUBLISH_URL_BACK FONT "Noto Sans,18,-1,0,75,0,0,0,0,0,Bold"
0 !LPUB PAGE PUBLISH_URL_BACK PLACEMENT GLOBAL CENTER PAGE INSIDE OFFSET 0.0000 -0.0250
0
0 // LPUB[3D] PAGE LOGO
0 !LPUB PAGE DOCUMENT_LOGO_BACK DISPLAY GLOBAL TRUE
0 !LPUB PAGE DOCUMENT_LOGO_BACK FILE GLOBAL "/media/internal/Lego/lpub3d/instructions/logo.png"
0 !LPUB PAGE DOCUMENT_LOGO_BACK PLACEMENT CENTER PAGE INSIDE OFFSET 0.0000 0.45000
0 !LPUB PAGE DOCUMENT_LOGO_BACK SCALE GLOBAL  1.0000
0
0 // LPUB[3D] CONFIGURATION ////////////////////////////////////////////////////
0
0 // LPUB[3D] PAGE WATERMARK
0 !LPUB PAGE PUBLISH_EMAIL CONTENT GLOBAL "CONTACT // NATHANEL.TITANE@GMAIL.COM // INFO@LEGOLINUX.COM"
0 !LPUB PAGE PUBLISH_EMAIL COLOR "#666666"
0 !LPUB PAGE PUBLISH_EMAIL DISPLAY GLOBAL TRUE
0 !LPUB PAGE PUBLISH_EMAIL FONT "Noto Sans,18,-1,0,75,0,0,0,0,0,Bold"
0 !LPUB PAGE PUBLISH_EMAIL MARGINS 0.0000 0.1500
0 !LPUB PAGE PUBLISH_EMAIL PLACEMENT GLOBAL BOTTOM PAGE INSIDE OFFSET 0.0000 0.0000
0 !LPUB PAGE DOCUMENT_AUTHOR CONTENT GLOBAL "MODEL DESIGN AND INSTRUCTIONS // NATHANEL TITANE"
0 !LPUB PAGE DOCUMENT_AUTHOR COLOR "#666666"
0 !LPUB PAGE DOCUMENT_AUTHOR DISPLAY GLOBAL TRUE
0 !LPUB PAGE DOCUMENT_AUTHOR FONT "Noto Sans,18,-1,0,75,0,0,0,0,0,Bold"
0 !LPUB PAGE DOCUMENT_AUTHOR MARGINS 0.0000 0.2000
0 !LPUB PAGE DOCUMENT_AUTHOR PLACEMENT GLOBAL TOP PAGE INSIDE OFFSET 0.0000 0.0000
0
0 // LPUB[3D] STEPS HIGHLIGHT
0 !LPUB HIGHLIGHT_STEP ENABLED GLOBAL TRUE
0 !LPUB HIGHLIGHT_STEP COLOR GLOBAL "#7137C8"
0
0 // LPUB[3D] STEP FADE
0 !LPUB FADE_STEP OPACITY GLOBAL "50"
0 !LPUB FADE_STEP COLOR GLOBAL "Trans_Black"
0 !LPUB FADE_STEP ENABLED GLOBAL TRUE
0 !LPUB FINAL_MODEL_ENABLED GLOBAL TRUE
0
0 // LPUB[3D] SUBMODEL PREVIEW
0 !LPUB SUBMODEL_DISPLAY SHOW GLOBAL TRUE
0 !LPUB SUBMODEL_DISPLAY BACKGROUND COLOR "#DDDDDD"
0 !LPUB SUBMODEL_DISPLAY MARGINS 0.1500 0.7500
0 !LPUB SUBMODEL_DISPLAY BORDER SQUARE 0 Black 0.031 MARGINS 0.050 0.050
0 !LPUB SUBMODEL_DISPLAY PLACEMENT GLOBAL LEFT PAGE INSIDE
0 !LPUB SUBMODEL_DISPLAY CAMERA_ANGLES 30.0000 45.0000
0
0 // LPUB[3D] ASSEMBLIES
0 !LPUB ASSEM CAMERA_ANGLES 30.0000 45.0000
0 !LPUB ASSEM MARGINS 0.5000 0.5000
0 !LPUB ASSEM MODEL_SCALE 1.0000
0 !LPUB ASSEM PLACEMENT CENTER PAGE INSIDE OFFSET 0.0000 0.0000
0
0 // LPUB[3D] BILL OF MATERIALS
0 !LPUB BOM BACKGROUND COLOR "#DDDDDD"
0 !LPUB BOM BORDER SQUARE 0 #666666 0.025 MARGINS 0.050 0.050
0 !LPUB BOM CONSTRAIN HEIGHT 13.0000
0 !LPUB BOM CONSTRAIN SQUARE
0 !LPUB BOM PLACEMENT CENTER PAGE INSIDE OFFSET 0.0000 0.0000
0
0 // LPUB[3D] CALLOUTS
0 !LPUB CALLOUT BORDER SQUARE 0 #666666 0.025 MARGINS 0.050 0.050
0 !LPUB CALLOUT MARGINS 0.1250 0.1250
0 !LPUB CALLOUT PLACEMENT RIGHT PAGE INSIDE OFFSET 0.0000 0.0000
0
0 // LPUB[3D] PAGE
0 !LPUB PAGE DOCUMENT_COVER_IMAGE DISPLAY GLOBAL TRUE
0 !LPUB PAGE DOCUMENT_COVER_IMAGE FILE GLOBAL "../renders/flat/flat.png"
0 !LPUB PAGE DOCUMENT_COVER_IMAGE FILL GLOBAL ASPECT
0 !LPUB PAGE DOCUMENT_COVER_IMAGE MARGINS GLOBAL 0.0000 0.0000
0 !LPUB PAGE DOCUMENT_COVER_IMAGE PLACEMENT GLOBAL CENTER PAGE INSIDE OFFSET 0.0000 0.0000
0 !LPUB PAGE DOCUMENT_COVER_IMAGE SCALE GLOBAL 1.0000
0
0 // LPUB[3D] PAGE NUMBER
0 !LPUB PAGE NUMBER FONT "Noto Sans,36,-1,0,75,0,0,0,0,0,Bold"
0 !LPUB PAGE NUMBER FONT_COLOR "#666666"
0 !LPUB PAGE NUMBER MARGINS 0.1250 0.1250
0 !LPUB PAGE NUMBER PLACEMENT BOTTOM_RIGHT PAGE INSIDE OFFSET 0.0000 0.0000
0
0 // LPUB[3D] PAGE SETUP
0 !LPUB PAGE BORDER GLOBAL NONE 0 MARGINS 0.000 0.000
0 !LPUB PAGE ENABLE_TEXT_PLACEMENT GLOBAL CENTER PAGE INSIDE OFFSET 0.0000 0.0000
0 !LPUB PAGE TEXT_PLACEMENT GLOBAL TRUE
0 !LPUB PAGE PAGE_FOOTER SIZE GLOBAL 32.0000 0.5000
0 !LPUB PAGE PAGE_HEADER SIZE GLOBAL 32.0000 0.5000
0 !LPUB PAGE MARGINS GLOBAL 0.0000 0.0000
0 !LPUB PAGE ORIENTATION GLOBAL LANDSCAPE
0 !LPUB PAGE SIZE GLOBAL 16.0000 32.0000
0
0 // LPUB[3D] PAGE COLORS
0 !LPUB PAGE SUBMODEL_BACKGROUND_COLOR GLOBAL "#DDDDDD" "#FFE680" "#FFAAAA" "#C6AFE9"
0
0 // LPUB[3D] SUBMODELS
0 !LPUB PAGE SUBMODEL_INSTANCE_COUNT FONT_COLOR "#FF5555"
0 !LPUB PAGE SUBMODEL_INSTANCE_COUNT FONT "Noto Sans,72,-1,0,75,0,0,0,0,0,Bold"
0 !LPUB PAGE SUBMODEL_INSTANCE_COUNT MARGINS 0.0000 0.1250
0 !LPUB PAGE SUBMODEL_INSTANCE_COUNT PLACEMENT BOTTOM_RIGHT PAGE INSIDE OFFSET 0.0000 -0.0500
0
0 // LPUB[3D] PARTS LIST
0 !LPUB PLI BACKGROUND COLOR "#DDDDDD"
0 !LPUB PLI BORDER SQUARE 0 #666666 0.025 MARGINS 0.0500 0.050
0 !LPUB PLI CAMERA_ANGLES 30.0000 45.0000
0 !LPUB PLI CONSTRAIN HEIGHT 5.0000
0 !LPUB PLI MODEL_SCALE  1.0000
0 !LPUB PLI MARGINS 0.1500 0.7500
0 !LPUB PLI PLACEMENT TOP_RIGHT PAGE INSIDE OFFSET 0.0000 0.0000
0 !LPUB PLI INSTANCE_COUNT FONT "Noto Sans,36,-1,0,75,0,0,0,0,0,Bold"
0 !LPUB PLI INSTANCE_COUNT FONT_COLOR "#666666"
0 !LPUB PLI INSTANCE_COUNT MARGINS 0.0125 0.0125
0 !LPUB PLI INSTANCE_COUNT MARGINS 0.0125 0.3000
0
0 // LPUB[3D] STEP NUMBER
0 !LPUB STEP_NUMBER FONT "Noto Sans,72,-1,0,75,0,0,0,0,0,Bold"
0 !LPUB STEP_NUMBER FONT_COLOR "#666666"
0 !LPUB STEP_NUMBER MARGINS 0.1250 0.0000
0 !LPUB STEP_NUMBER PLACEMENT TOP_LEFT PAGE INSIDE OFFSET 0.0000 0.0000
0
0 // LPUB[3D] BEGIN INSTRUCTIONS ///////////////////////////////////////////////
0
0 STEP
0 !LPUB INSERT COVER_PAGE FRONT
0 STEP
0 !LPUB ASSEM MODEL_SCALE LOCAL 0.7500
1 0 0 0 0 1 0 0 0 1 0 0 0 1 00-model.ldr
0 STEP
0
0 // LPUB[3D] DISABLE FINAL MODEL SHOWCASE /////////////////////////////////////
0
0 !LPUB NOSTEP
0
0 // LPUB[3D] BOM PAGES
0 STEP
0 !LPUB INSERT PAGE
0 !LPUB INSERT BOM
0 STEP
0 !LPUB INSERT PAGE
0 !LPUB INSERT BOM
0 STEP
0 !LPUB INSERT PAGE
0 !LPUB INSERT BOM
0 STEP
0 !LPUB INSERT PAGE
0 !LPUB INSERT BOM
0 STEP
0 !LPUB INSERT PAGE
0 !LPUB INSERT BOM
0 STEP
0 !LPUB INSERT PAGE
0 !LPUB INSERT BOM
0 STEP
0 !LPUB INSERT PAGE
0 !LPUB INSERT BOM
0 STEP
0 !LPUB INSERT PAGE
0 !LPUB INSERT BOM
0 STEP
0 !LPUB INSERT PAGE
0 !LPUB INSERT BOM
0 STEP
0 !LPUB INSERT PAGE
0 !LPUB INSERT BOM
0 STEP
0 !LPUB INSERT PAGE
0 !LPUB INSERT BOM
0 STEP
0 !LPUB INSERT PAGE
0 !LPUB INSERT BOM
0 STEP
0
0 !LPUB NOSTEP
0
0 !LPUB INSERT COVER_PAGE BACK
0
0 // LPUB[3D] END INSTRUCTIONS /////////////////////////////////////////////////
0
0 NOFILE
0 FILE 00-model.ldr
0 
0 Name: 00-model.ldr
0 Author: Nathanel Titane // nathanel.titane@gmail.com // All Rights Reserved
1 0 0 0 0 1 0 0 0 0 -1 0 1 0 04-waist.ldr
0 STEP
1 0 0 -66 10 1 0 0 0 1 0 0 0 1 07-cockpit.ldr
0 STEP
1 0 -25.4334 -37.0881 -20.8588 0.91704 0.271669 -0.291949 -0.369439 0.854402 -0.365393 0.150176 0.442937 0.883886 10-01-actuator.ldr
1 0 25.4334 -37.0881 -20.8588 0.91704 -0.271669 0.291949 0.369439 0.854402 -0.365393 -0.150176 0.442937 0.883886 10-02-actuator.ldr
0 NOFILE
0 FILE 01-foot.ldr
0 
0 Name: 01-foot.ldr
0 Author: Nathanel Titane // nathanel.titane@gmail.com // All Rights Reserved
1 71 0 0 0 1 0 0 0 1 0 0 0 1 14704.dat
1 71 0 0 20 -1 0 0 0 1 0 0 0 -1 32028.dat
0 STEP
1 72 0 -8 20 -1 0 0 0 1 0 0 0 -1 32028.dat
1 72 0 -16 20 -1 0 0 0 1 0 0 0 -1 32028.dat
1 72 0 -24 20 -1 0 0 0 1 0 0 0 -1 32028.dat
1 72 0 -32 20 -1 0 0 0 1 0 0 0 -1 32028.dat
1 72 0 -40 20 -1 0 0 0 1 0 0 0 -1 32028.dat
0 STEP
1 1 0 -24 0 -1 0 0 0 1 0 0 0 -1 3004.dat
1 1 -10 -48 20 1 0 0 0 1 0 0 0 1 28192.dat
1 1 10 -48 20 1 0 0 0 1 0 0 0 1 28192.dat
0 STEP
1 0 0 22 22 -1 0 0 0 0 1 0 1 0 99207.dat
1 0 0 22 14 1 0 0 0 0 -1 0 1 0 48336.dat
1 0 -10 22 30 -1 0 0 0 0 1 0 1 0 3024.dat
1 0 10 22 30 -1 0 0 0 0 1 0 1 0 3024.dat
0 STEP
1 1 0 22 -10 1 0 0 0 0 -1 0 1 0 3937.dat
1 71 0 32 0 1 0 0 0 -1 0 0 0 -1 6134.dat
1 0 -10 40 -10 0 0 1 0 -1 0 1 0 0 44728.dat
1 0 10 40 -10 0 0 -1 0 -1 0 -1 0 0 44728.dat
1 1 0 64 0 -1 0 0 0 -1 0 0 0 1 3039.dat
1 1 0 64 0 -1 0 0 0 -1 0 0 0 1 85984.dat
0 STEP
1 0 -32 10 0 0 1 0 1 0 0 0 0 -1 4081b.dat
1 0 -32 30 0 0 1 0 1 0 0 0 0 -1 4081b.dat
1 1 -24 20 -10 0 1 0 -1 0 0 0 0 1 15068.dat
0 STEP
1 0 32 10 0 0 -1 0 -1 0 0 0 0 -1 4081b.dat
1 0 32 30 0 0 -1 0 -1 0 0 0 0 -1 4081b.dat
1 1 24 20 -10 0 -1 0 1 0 0 0 0 1 15068.dat
0 STEP
1 0 -10 42 22 0 0 1 1 0 0 0 1 0 2555.dat
1 0 10 42 22 0 0 1 1 0 0 0 1 0 2555.dat
1 0 0 42 30 1 0 0 0 0 -1 0 1 0 99780.dat
0 STEP
1 1 -10 80 28 -1 0 0 0 -1 0 0 0 1 4070.dat
1 1 10 80 28 -1 0 0 0 -1 0 0 0 1 4070.dat
1 1 0 70 14 1 0 0 0 0 -1 0 1 0 3069b.dat
0 STEP
1 1 -10 104 28 -1 0 0 0 -1 0 0 0 1 4070.dat
1 1 10 104 28 -1 0 0 0 -1 0 0 0 1 4070.dat
1 1 0 94 22 1 0 0 0 0 -1 0 1 0 85984.dat
1 1 0 104 28 1 0 0 0 -1 0 0 0 -1 85984.dat
0 STEP
0 NOFILE
0 FILE 02-shin.ldr
0 
0 Name: 02-shin.ldr
0 Author: Nathanel Titane // nathanel.titane@gmail.com // All Rights Reserved
1 72 0 0 0 -1 0 0 0 1 0 0 0 -1 85943.dat
0 STEP
1 0 0 10 30 0 1 0 0 0 1 1 0 0 53585.dat
1 0 0 10 30 -1 0 0 0 0 1 0 1 0 3705.dat
0 STEP
1 72 -20 10 30 0 -1 0 0 0 1 -1 0 0 15535.dat
1 72 -28 10 30 0 -1 0 0 0 1 -1 0 0 4032.dat
1 72 -36 10 30 0 -1 0 0 0 1 -1 0 0 2654.dat
0 STEP
1 72 20 10 30 0 1 0 0 0 1 1 0 0 15535.dat
1 72 28 10 30 0 1 0 0 0 1 1 0 0 4032.dat
1 72 36 10 30 0 1 0 0 0 1 1 0 0 2654.dat
0 STEP
1 0 0 -10 30 0 1 0 0 0 -1 -1 0 0 32174.dat
1 0 0 -48.7938 23.1596 -1 0 0 0 0.939693 0.34202 0 0.34202 -0.939693 92907.dat
1 0 0 -52.2141 32.5565 0 1 0 0.34202 0 -0.939693 -0.939693 0 -0.34202 4459.dat
1 0 0 -55.6343 41.9534 1 0 0 0 -0.939693 0.34202 0 -0.34202 -0.939693 42003.dat
1 71 0 -71.0079 25.7161 1 0 0 0 0.34202 0.939693 0 -0.939693 0.34202 3062b.dat
1 0 -30 -30 30 0 1 0 0.34202 0 -0.939693 -0.939693 0 -0.34202 87994.dat
1 0 -30 -36.8404 48.7939 0 1 0 -0.939693 0 -0.34202 -0.34202 0 0.939693 87994.dat
0 STEP
1 0 0 -62.4747 60.7473 -1 0 0 0 -0.939693 -0.34202 0 -0.34202 0.939693 42003.dat
1 0 0 -65.8949 70.1442 0 1 0 0.34202 0 -0.939693 -0.939693 0 -0.34202 4459.dat
1 0 0 -69.315 79.5412 1 0 0 0 0.939693 -0.34202 0 0.34202 0.939693 92907.dat
1 71 0 -84.6887 63.3038 -1 0 0 0 -0.34202 0.939693 0 0.939693 0.34202 3062b.dat
1 0 30 -50.5212 86.3815 0 -1 0 -0.34202 0 -0.939693 0.939693 0 -0.34202 87994.dat
1 0 30 -43.6807 67.5876 0 -1 0 -0.939693 0 0.34202 -0.34202 0 -0.939693 87994.dat
0 STEP
1 0 -28 -33.4202 39.3969 0 1 0 0.34202 0 -0.939693 -0.939693 0 -0.34202 35480.dat
1 0 -28 -47.101 76.9846 0 1 0 0.34202 0 -0.939693 -0.939693 0 -0.34202 35480.dat
1 71 -36 -30 30 0 1 0 -0.939693 0 -0.34202 -0.34202 0 0.939693 24246.dat
1 71 -36 -40.2606 58.1908 0 1 0 -0.34202 0 0.939693 0.939693 0 0.34202 3069b.dat
1 71 -36 -50.5212 86.3816 0 1 0 0.939693 0 0.34202 0.34202 0 -0.939693 24246.dat
0 STEP
1 0 28 -33.4202 39.3969 0 -1 0 -0.34202 0 -0.939693 0.939693 0 -0.34202 35480.dat
1 0 28 -47.101 76.9846 0 -1 0 -0.34202 0 -0.939693 0.939693 0 -0.34202 35480.dat
1 71 36 -30 30 0 -1 0 0.939693 0 -0.34202 0.34202 0 0.939693 24246.dat
1 71 36 -40.2606 58.1908 0 -1 0 0.34202 0 0.939693 -0.939693 0 0.34202 3069b.dat
1 71 36 -50.5212 86.3816 0 -1 0 -0.939693 0 0.34202 -0.34202 0 -0.939693 24246.dat
0 STEP
1 0 0 -10 60 0 0 -1 0 1 0 1 0 0 4519.dat
0 STEP
1 0 0 24 0 1 0 0 0 1 0 0 0 1 11476.dat
1 0 0 24 -50 0 0 -1 0 1 0 1 0 0 60478.dat
1 0 0 24 -90 0 0 1 0 1 0 -1 0 0 60478.dat
1 0 0 24 -140 -1 0 0 0 1 0 0 0 -1 11476.dat
0 STEP
1 72 0 16 -70 0 0 1 0 1 0 -1 0 0 3710.dat
0 STEP
1 0 0 -8 -30 0 0 1 0 1 0 -1 0 0 52107.dat
1 71 0 -8 -90 0 0 -1 0 1 0 1 0 0 3010.dat
0 STEP
1 72 0 0 -140 -1 0 0 0 1 0 0 0 -1 3700.dat
1 0 0 10 -150 0 0 -1 0 1 0 1 0 0 6628.dat
0 STEP
1 0 0 -8 0 1 0 0 0 1 0 0 0 1 3794b.dat
1 0 0 -8 -140 1 0 0 0 1 0 0 0 1 3794b.dat
0 STEP
1 0 0 -16 0 1 0 0 0 1 0 0 0 1 4073.dat
1 0 0 -16 -30 0 0 -1 0 1 0 1 0 0 92280.dat
1 0 0 -16 -130 0 0 1 0 1 0 -1 0 0 92280.dat
0 STEP
1 71 0 -32 -60 1 0 0 0 1 0 0 0 1 50950.dat
1 71 0 -8 -110 -1 0 0 0 1 0 0 0 -1 11477.dat
0 STEP
1 0 0 -24 0 1 0 0 0 1 0 0 0 1 26047.dat
1 71 0 -32 0 -1 0 0 0 1 0 0 0 -1 24246.dat
0 STEP
1 0 0 -47.7219 -155.569 0 0 -1 0.819152 0.573576 0 0.573576 -0.819152 0 60478.dat
1 72 0 -52.3105 -149.0158 0 0 1 -0.819152 0.573576 0 -0.573576 -0.819152 0 3023.dat
1 71 0 -57.8848 -123.6204 1 0 0 0 0.573576 0.819152 0 -0.819152 0.573576 50950.dat
0 STEP
1 71 0 32 0 1 0 0 0 1 0 0 0 1 3004.dat
1 72 -10 56 10 -1 0 0 0 1 0 0 0 -1 15672.dat
1 72 10 56 10 -1 0 0 0 1 0 0 0 -1 15672.dat
1 71 0 48 10 0 0 -1 0 1 0 1 0 0 4871.dat
0 STEP
1 71 -30 40 10 -1 0 0 0 1 0 0 0 -1 15672.dat
1 0 -30 32 0 -1 0 0 0 1 0 0 0 -1 3024.dat
1 4 -30 -16 0 1 0 0 0 1 0 0 0 1 15444.dat
1 71 -30 -16 0 0 0 1 0 1 0 -1 0 0 54200.dat
0 STEP
1 71 30 40 10 -1 0 0 0 1 0 0 0 -1 15672.dat
1 0 30 32 0 -1 0 0 0 1 0 0 0 -1 3024.dat
1 4 30 -16 0 1 0 0 0 1 0 0 0 1 15444.dat
1 71 30 -16 0 0 0 -1 0 1 0 1 0 0 54200.dat
0 STEP
1 71 0 32 -70 0 0 1 0 1 0 -1 0 0 3710.dat
1 0 0 40 -40 -1 0 0 0 1 0 0 0 -1 26047.dat
1 0 0 40 -100 1 0 0 0 1 0 0 0 1 26047.dat
1 71 0 40 -80 -1 0 0 0 1 0 0 0 -1 24201.dat
1 71 0 40 -60 1 0 0 0 1 0 0 0 1 24201.dat
0 STEP
1 0 0 48 -20 0 0 1 0 1 0 -1 0 0 2555.dat
1 0 0 56 -20 0 0 1 0 1 0 -1 0 0 3024.dat
1 0 0 48 -120 0 0 1 0 1 0 -1 0 0 2555.dat
1 0 0 56 -120 0 0 1 0 1 0 -1 0 0 3024.dat
0 STEP
1 71 -10 32 -140 0 0 1 0 1 0 -1 0 0 3005.dat
1 71 10 32 -140 0 0 -1 0 1 0 1 0 0 3005.dat
0 STEP
1 0 -18 12 -60 0 1 0 0 0 1 1 0 0 3021.dat
1 0 -26 12 -120 0 1 0 -1 0 0 0 0 1 32803.dat
1 0 -34 12 -120 0 1 0 -1 0 0 0 0 1 48336.dat
1 71 -42 12 -90 0 1 0 1 0 0 0 0 -1 47753.dat
0 STEP
1 71 -34 12 -20 0 1 0 -1 0 0 0 0 1 47759.dat
1 71 -34 12 -10 0 1 0 -1 0 0 0 0 1 15068.dat
0 STEP
1 0 18 12 -60 0 -1 0 0 0 -1 1 0 0 3021.dat
1 0 26 12 -120 0 -1 0 1 0 0 0 0 1 32803.dat
1 0 34 12 -120 0 -1 0 1 0 0 0 0 1 48336.dat
1 71 42 12 -90 0 -1 0 -1 0 0 0 0 -1 47753.dat
0 STEP
1 71 34 12 -20 0 -1 0 1 0 0 0 0 1 47759.dat
1 71 34 12 -10 0 -1 0 1 0 0 0 0 1 15068.dat
0 STEP
1 71 0 23.4641 -175.3205 1 0 0 0 -0.866025 0.5 0 -0.5 -0.866025 01-foot.ldr
0 NOFILE
0 FILE 03-01-thigh.ldr
0 
0 Name: 03-01-thigh.ldr
0 Author: Nathanel Titane // nathanel.titane@gmail.com // All Rights Reserved
1 72 0 0 0 0 0 -1 0 1 0 1 0 0 92013.dat
1 0 0 24 -40 0 0 -1 0 1 0 1 0 0 3795.dat
0 STEP
1 72 0 0 -40 0 0 -1 0 1 0 1 0 0 3003.dat
1 72 0 0 -70 -1 0 0 0 1 0 0 0 -1 32064.dat
1 72 0 0 -90 -1 0 0 0 1 0 0 0 -1 32064.dat
0 STEP
1 0 0 32 -30 0 0 -1 0 1 0 1 0 0 3021.dat
1 0 -10 32 -70 0 0 1 0 1 0 -1 0 0 36840.dat
1 0 10 32 -70 0 0 -1 0 1 0 1 0 0 36840.dat
0 STEP
1 71 0 32 -90 1 0 0 0 1 0 0 0 1 32803.dat
1 71 0 40 -40 -1 0 0 0 1 0 0 0 -1 11203.dat
1 71 0 32 10 -1 0 0 0 1 0 0 0 -1 32803.dat
0 STEP
1 71 0 -8 10 1 0 0 0 1 0 0 0 1 99563.dat
1 0 -10 -8 -20 0 0 1 0 1 0 -1 0 0 93274.dat
1 0 10 -8 -20 0 0 -1 0 1 0 1 0 0 93274.dat
1 0 0 -8 -70 0 0 -1 0 1 0 1 0 0 3021.dat
0 STEP
1 0 0 -16 -40 0 0 -1 0 1 0 1 0 0 3022.dat
1 0 0 -16 -10 -1 0 0 0 1 0 0 0 -1 48336.dat
1 0 -10 -16 -70 0 0 1 0 1 0 -1 0 0 36841.dat
1 0 10 -16 -70 0 0 -1 0 1 0 1 0 0 36841.dat
0 STEP
1 71 0 -8 -80 1 0 0 0 1 0 0 0 1 15068.dat
1 71 0 -24 -40 -1 0 0 0 1 0 0 0 -1 3068b.dat
1 71 0 -24 -10 -1 0 0 0 1 0 0 0 -1 99563.dat
0 STEP
1 71 -32 12 -20 0 1 0 0 0 1 1 0 0 3020.dat
1 0 -40 12 10 0 1 0 1 0 0 0 0 -1 99781.dat
1 0 -40 22 -10 0 1 0 0 0 -1 -1 0 0 36841.dat
1 0 -40 2 -10 0 1 0 0 0 1 1 0 0 36841.dat
0 STEP
1 71 -40 12 10 0 1 0 1 0 0 0 0 -1 85984.dat
1 71 -56 12 -30 0 1 0 -1 0 0 0 0 1 24309.dat
0 STEP
1 0 -30 12 32 0 0 1 -1 0 0 0 -1 0 48336.dat
1 71 -30 12 32 0 0 1 -1 0 0 0 -1 0 85984.dat
0 STEP
1 71 32 12 -40 0 -1 0 0 0 -1 1 0 0 3068b.dat
1 71 32 12 0 0 -1 0 0 0 -1 1 0 0 3068b.dat
0 STEP
1 0 -53 22 24.8038 -0.866025 -0.5 0 0 0 -1 0.5 -0.866025 0 2555.dat
1 0 -53 2 24.8038 -0.866025 -0.5 0 0 0 -1 0.5 -0.866025 0 2555.dat
1 0 -57 22 17.8756 -0.866025 -0.5 0 0 0 -1 0.5 -0.866025 0 3005.dat
1 0 -57 2 17.8756 -0.866025 -0.5 0 0 0 -1 0.5 -0.866025 0 3005.dat
0 STEP
1 71 -10 10 -150 0 -1 0 1 0 0 0 0 1 02-shin.ldr
0 STEP
1 0 0 -27.523 13.6235 -1 0 0 0 -0.965926 0.258819 0 0.258819 0.965926 05-side-skirt.ldr
0 NOFILE
0 FILE 03-02-thigh.ldr
0 
0 Name: 03-02-thigh.ldr
0 Author: Nathanel Titane // nathanel.titane@gmail.com // All Rights Reserved
1 72 0 0 0 0 0 -1 0 1 0 1 0 0 92013.dat
1 0 0 24 -40 0 0 -1 0 1 0 1 0 0 3795.dat
0 STEP
1 72 0 0 -40 0 0 -1 0 1 0 1 0 0 3003.dat
1 72 0 0 -70 -1 0 0 0 1 0 0 0 -1 32064.dat
1 72 0 0 -90 -1 0 0 0 1 0 0 0 -1 32064.dat
0 STEP
1 0 0 32 -30 0 0 -1 0 1 0 1 0 0 3021.dat
1 0 -10 32 -70 0 0 1 0 1 0 -1 0 0 36840.dat
1 0 10 32 -70 0 0 -1 0 1 0 1 0 0 36840.dat
0 STEP
1 71 0 32 -90 1 0 0 0 1 0 0 0 1 32803.dat
1 71 0 40 -40 -1 0 0 0 1 0 0 0 -1 11203.dat
1 71 0 32 10 -1 0 0 0 1 0 0 0 -1 32803.dat
0 STEP
1 71 0 -8 10 1 0 0 0 1 0 0 0 1 99563.dat
1 0 -10 -8 -20 0 0 1 0 1 0 -1 0 0 93274.dat
1 0 10 -8 -20 0 0 -1 0 1 0 1 0 0 93274.dat
1 0 0 -8 -70 0 0 -1 0 1 0 1 0 0 3021.dat
0 STEP
1 0 0 -16 -40 0 0 -1 0 1 0 1 0 0 3022.dat
1 0 0 -16 -10 -1 0 0 0 1 0 0 0 -1 48336.dat
1 0 -10 -16 -70 0 0 1 0 1 0 -1 0 0 36841.dat
1 0 10 -16 -70 0 0 -1 0 1 0 1 0 0 36841.dat
0 STEP
1 71 0 -8 -80 1 0 0 0 1 0 0 0 1 15068.dat
1 71 0 -24 -40 -1 0 0 0 1 0 0 0 -1 3068b.dat
1 71 0 -24 -10 -1 0 0 0 1 0 0 0 -1 99563.dat
0 STEP
1 71 32 12 -20 0 -1 0 0 0 -1 1 0 0 3020.dat
1 0 40 12 10 0 -1 0 -1 0 0 0 0 -1 99781.dat
1 0 40 2 -10 0 -1 0 0 0 1 -1 0 0 36841.dat
1 0 40 22 -10 0 -1 0 0 0 -1 1 0 0 36841.dat
0 STEP
1 71 40 12 10 0 -1 0 -1 0 0 0 0 -1 85984.dat
1 71 56 12 -30 0 -1 0 1 0 0 0 0 1 24309.dat
0 STEP
1 0 30 12 32 0 0 -1 1 0 0 0 -1 0 48336.dat
1 71 30 12 32 0 0 -1 1 0 0 0 -1 0 85984.dat
0 STEP
1 71 -32 12 0 0 1 0 0 0 1 1 0 0 3068b.dat
1 71 -32 12 -40 0 1 0 0 0 1 1 0 0 3068b.dat
0 STEP
1 0 53 22 24.8038 0.866025 0.5 0 0 0 1 0.5 -0.866025 0 2555.dat
1 0 53 2 24.8038 0.866025 0.5 0 0 0 1 0.5 -0.866025 0 2555.dat
1 0 57 22 17.8756 0.866025 0.5 0 0 0 1 0.5 -0.866025 0 3005.dat
1 0 57 2 17.8756 0.866025 0.5 0 0 0 1 0.5 -0.866025 0 3005.dat
0 STEP
1 71 10 10 -150 0 1 0 -1 0 0 0 0 1 02-shin.ldr
0 STEP
1 0 0 -27.523 13.6235 -1 0 0 0 -0.965926 0.258819 0 0.258819 0.965926 05-side-skirt.ldr
0 NOFILE
0 FILE 04-waist.ldr
0 
0 Name: 04-waist.ldr
0 Author: Nathanel Titane // nathanel.titane@gmail.com // All Rights Reserved
1 72 -10 24 0 -1 0 0 0 1 0 0 0 -1 2420.dat
1 72 10 24 0 0 0 1 0 1 0 -1 0 0 2420.dat
0 STEP
1 72 0 0 0 -1 0 0 0 1 0 0 0 -1 85943.dat
1 72 -10 0 -30 0 0 1 0 1 0 -1 0 0 32064.dat
1 72 10 0 -30 0 0 1 0 1 0 -1 0 0 32064.dat
1 72 0 24 -40 1 0 0 0 1 0 0 0 1 99781.dat
0 STEP
1 72 0 32 -30 -1 0 0 0 1 0 0 0 -1 3003.dat
1 0 0 56 -20 -1 0 0 0 1 0 0 0 -1 18649.dat
0 STEP
1 71 0 56 -40 1 0 0 0 1 0 0 0 1 32803.dat
1 71 -10 32 0 0 0 1 0 1 0 -1 0 0 3665.dat
1 71 10 32 0 0 0 -1 0 1 0 1 0 0 3665.dat
0 STEP
1 0 0 10 30 0 -1 0 0 0 -1 1 0 0 15100.dat
1 0 0 10 30 -1 0 0 0 0 -1 0 -1 0 4519.dat
0 STEP
1 0 -25 10 30 0 -1 0 0 0 1 -1 0 0 6632.dat
1 0 -15 30 30 0 -1 0 0 0 1 -1 0 0 41677.dat
1 0 0 30 30 -1 0 0 0 0 -1 0 -1 0 32062.dat
0 STEP
1 72 0 30 30 0 -1 0 0 0 -1 1 0 0 18654.dat
1 0 -20 50 30 1 0 0 0 -0.707107 -0.707107 0 0.707107 -0.707107 41678.dat
0 STEP
1 0 20 50 30 1 0 0 0 -0.707107 -0.707107 0 0.707107 -0.707107 41678.dat
1 0 15 30 30 0 -1 0 0 0 1 -1 0 0 41677.dat
0 STEP
1 0 30 71.2131 37.0711 0 0 -1 -0.707107 0.707107 0 0.707107 0.707107 0 2780.dat
1 0 10 71.2131 37.0711 0 0 -1 -0.707107 0.707107 0 0.707107 0.707107 0 2780.dat
1 0 -10 71.2131 37.0711 0 0 -1 -0.707107 0.707107 0 0.707107 0.707107 0 2780.dat
1 0 -30 71.2131 37.0711 0 0 -1 -0.707107 0.707107 0 0.707107 0.707107 0 2780.dat
0 STEP
1 72 -30 0 0 0 0 1 0 1 0 -1 0 0 4070.dat
1 72 30 0 0 0 0 -1 0 1 0 1 0 0 4070.dat
1 0 25 10 30 0 -1 0 0 0 1 -1 0 0 6632.dat
1 0 40 50 30 0 -1 0 0.707107 0 -0.707107 0.707107 0 0.707107 30374.dat
0 STEP
1 72 -10 -8 0 -1 0 0 0 1 0 0 0 -1 2420.dat
1 72 10 -8 0 0 0 1 0 1 0 -1 0 0 2420.dat
1 72 0 -8 -40 1 0 0 0 1 0 0 0 1 99781.dat
1 71 -30 30 30 0 -1 0 0 0 1 -1 0 0 4073.dat
1 71 30 30 30 0 1 0 0 0 -1 -1 0 0 4073.dat
0 STEP
1 71 -20 -16 0 -1 0 0 0 1 0 0 0 -1 14704.dat
1 71 20 -16 0 -1 0 0 0 1 0 0 0 -1 14704.dat
0 STEP
1 71 0 -32 0 -1 0 0 0 1 0 0 0 -1 99780.dat
1 71 -20 -24 0 0 0 1 0 1 0 -1 0 0 92946.dat
1 71 20 -24 0 0 0 -1 0 1 0 1 0 0 92946.dat
0 STEP
1 71 0 -32 -20 1 0 0 0 1 0 0 0 1 3039.dat
1 71 0 -32 -20 1 0 0 0 1 0 0 0 1 85984.dat
0 STEP
1 0 -10 -56 0 0 0 1 0 1 0 -1 0 0 87087.dat
1 0 10 -56 0 0 0 -1 0 1 0 1 0 0 87087.dat
1 0 -34 -46 0 0 1 0 0.965926 0 -0.258819 -0.258819 0 -0.965926 48729b.dat
1 0 34 -46 0 0 -1 0 -0.965926 0 -0.258819 0.258819 0 -0.965926 48729b.dat
1 71 0 -64 0 1 0 0 0 1 0 0 0 1 48336.dat
1 72 0 -72 0 1 0 0 0 1 0 0 0 1 3069b.dat
0 STEP
1 0 0 10 -30 -1 0 0 0 0 -1 0 -1 0 3706.dat
0 STEP
1 71 -30 10 -30 0 0 1 0.707107 -0.707107 0 0.707107 0.707107 0 42610.dat
1 71 30 10 -30 0 0 -1 -0.707107 -0.707107 0 -0.707107 0.707107 0 42610.dat
0 STEP
1 0 -50 10 -30 0 1 0 0 0 -1 -1 0 0 32474.dat
1 0 50 10 -30 0 -1 0 0 0 -1 1 0 0 32474.dat
0 STEP
1 71 0 -82 -18 -1 0 0 0 0 -1 0 -1 0 60470.dat
1 0 -10 -81.9999 -10 0 0 1 -1 0 0 0 -1 0 36841.dat
1 0 10 -81.9999 -10 0 0 -1 1 0 0 0 -1 0 36841.dat
0 STEP
1 72 0 -81.9999 -26 -1 0 0 0 0 -1 0 -1 0 32000.dat
1 72 0 -81.9999 14 -1 0 0 0 0 -1 0 -1 0 32000.dat
1 1 10 -82 -50 1 0 0 0 0 1 0 -1 0 3665.dat
1 1 -10 -82 -50 1 0 0 0 0 1 0 -1 0 3665.dat
0 STEP
1 1 0 -102 -2 1 0 0 0 0 1 0 -1 0 772.dat
1 1 -10 -81.9999 22 1 0 0 0 0 1 0 -1 0 28192.dat
1 1 10 -81.9999 22 1 0 0 0 0 1 0 -1 0 28192.dat
0 STEP
1 0 -20 71.2132 22.929 -1 0 0 0 0.707107 0.707107 0 0.707107 -0.707107 32000.dat
1 0 20 71.2132 22.929 -1 0 0 0 0.707107 0.707107 0 0.707107 -0.707107 32000.dat
1 71 0 163.1371 -68.995 1 0 0 0 0.707107 -0.707107 0 0.707107 0.707107 41761.dat
1 1 60 106.5686 -12.4264 1 0 0 0 0.707107 -0.707107 0 0.707107 0.707107 41765.dat
1 1 -60 106.5686 -12.4264 1 0 0 0 0.707107 -0.707107 0 0.707107 0.707107 41764.dat
0 STEP
1 0 0 65.5564 17.2721 -1 0 0 0 0.707107 0.707107 0 0.707107 -0.707107 3666.dat
1 0 -70 79.6985 3.1299 1 0 0 0 0.707107 -0.707107 0 0.707107 0.707107 2420.dat
1 0 70 79.6985 3.1299 0 0 -1 -0.707107 0.707107 0 0.707107 0.707107 0 2420.dat
1 0 60 115.0538 -32.2254 1 0 0 0 0.707107 -0.707107 0 0.707107 0.707107 41770.dat
1 0 -60 115.0538 -32.2254 1 0 0 0 0.707107 -0.707107 0 0.707107 0.707107 41769.dat
0 STEP
1 0 0 59.8994 11.6153 -1 0 0 0 0.707107 0.707107 0 0.707107 -0.707107 6636.dat
1 1 -50 95.2548 -23.7401 0 0 -1 -0.707107 0.707107 0 0.707107 0.707107 0 2431.dat
1 1 50 95.2548 -23.7401 0 0 -1 -0.707107 0.707107 0 0.707107 0.707107 0 2431.dat
1 71 0 157.4802 -74.6518 1 0 0 0 0.707107 -0.707107 0 0.707107 0.707107 3068b.dat
0 STEP
1 1 -50 129.196 -46.3676 1 0 0 0 0.707107 -0.707107 0 0.707107 0.707107 11477.dat
1 1 50 129.196 -46.3676 1 0 0 0 0.707107 -0.707107 0 0.707107 0.707107 11477.dat
1 1 60 72.6274 10.201 0 0 -1 -0.707107 0.707107 0 0.707107 0.707107 0 15068.dat
1 1 -60 72.6274 10.201 0 0 1 0.707107 0.707107 0 -0.707107 0.707107 0 15068.dat
0 STEP
1 71 -10 103.7401 13.0295 0 0 1 0.707107 0.707107 0 -0.707107 0.707107 0 3660.dat
1 71 10 103.7401 13.0294 0 0 -1 -0.707107 0.707107 0 0.707107 0.707107 0 3660.dat
1 71 0 124.9533 -8.1838 1 0 0 0 0.707107 -0.707107 0 0.707107 0.707107 3747b.dat
1 72 0 112.2254 -6.7695 0 0 1 0.707107 0.707107 0 -0.707107 0.707107 0 3020.dat
1 72 0 147.5808 -42.125 -1 0 0 0 0.707107 0.707107 0 0.707107 -0.707107 3839a.dat
1 72 -30 98.0832 7.3726 0 0 1 0.707107 0.707107 0 -0.707107 0.707107 0 60478.dat
1 72 30 98.0832 7.3726 0 0 1 0.707107 0.707107 0 -0.707107 0.707107 0 60478.dat
0 STEP
1 71 -20 85.3554 8.7867 0 0 1 0.707107 0.707107 0 -0.707107 0.707107 0 15672.dat
1 71 20 85.3554 8.7867 0 0 -1 -0.707107 0.707107 0 0.707107 0.707107 0 15672.dat
1 71 0 106.5686 -12.4265 -1 0 0 0 0.707107 0.707107 0 0.707107 -0.707107 3068b.dat
1 71 0 134.8529 -40.7108 -1 0 0 0 0.707107 0.707107 0 0.707107 -0.707107 3068b.dat
0 STEP
1 72 0 79.6986 3.1299 1 0 0 0 0.707107 -0.707107 0 0.707107 0.707107 48336.dat
1 71 0 74.0417 -2.527 1 0 0 0 0.707107 -0.707107 0 0.707107 0.707107 3069b.dat
1 71 -30 99.4975 -5.3554 0 0 -1 -0.707107 0.707107 0 0.707107 0.707107 0 24246.dat
1 71 30 99.4975 -5.3554 0 0 1 0.707107 0.707107 0 -0.707107 0.707107 0 24246.dat
0 STEP
1 0 -67.794 10 -67.6559 0 0.984808 0.173648 -1 0 0 0 -0.173648 0.984808 03-01-thigh.ldr
1 0 67.794 10 -67.6559 0 -0.984808 -0.173648 1 0 0 0 -0.173648 0.984808 03-02-thigh.ldr
0 STEP
1 0 -52.3205 -38.0137 -2.1399 0.866026 0.5 0 -0.482963 0.836516 0.258819 0.129409 -0.224144 0.965926 06-01-front-skirt.ldr
1 0 52.3206 -38.0138 -2.1399 0.866026 -0.5 0 0.482963 0.836516 0.258819 -0.129409 -0.224144 0.965926 06-02-front-skirt.ldr
0 NOFILE
0 FILE 05-side-skirt.ldr
0 
0 Name: 05-side-skirt.ldr
0 Author: Nathanel Titane // nathanel.titane@gmail.com // All Rights Reserved
1 1 0 0 0 -1 0 0 0 1 0 0 0 -1 13349.dat
1 0 0 8 -10 1 0 0 0 1 0 0 0 1 33909.dat
1 1 0 16 -20 1 0 0 0 1 0 0 0 1 32803.dat
0 STEP
1 72 0 0 0 1 0 0 0 1 0 0 0 1 32028.dat
1 0 -10 -8 0 0 0 -1 0 1 0 1 0 0 2555.dat
1 0 10 -8 0 0 0 -1 0 1 0 1 0 0 2555.dat
1 0 -30 -8 0 1 0 0 0 1 0 0 0 1 3070b.dat
1 0 30 -8 0 1 0 0 0 1 0 0 0 1 3070b.dat
0 STEP
1 0 0 -8 50 -1 0 0 0 1 0 0 0 -1 48183.dat
1 0 0 -16 60 -1 0 0 0 1 0 0 0 -1 3069b.dat
1 0 0 0 30 1 0 0 0 1 0 0 0 1 15068.dat
0 NOFILE
0 FILE 06-01-front-skirt.ldr
0 
0 Name: 06-01-front-skirt.ldr
0 Author: Nathanel Titane // nathanel.titane@gmail.com // All Rights Reserved
1 0 0 0 0 -0 0 -1 0 1 0 1 0 -0 26047.dat
1 0 -12.2475 -8 -7.0711 0.965926 0 0.25882 0 1 0 -0.25882 0 0.965926 24307.dat
0 STEP
1 1 -15.5292 -32 -57.9556 -0.965926 0 -0.25882 0 1 0 0.25882 0 -0.965926 60477.dat
1 0 -3.2818 -8 -50.8845 -0.965926 0 -0.25882 0 1 0 0.25882 0 -0.965926 24307.dat
0 STEP
1 0 23.8014 -16 -27.0831 -0.965926 0 -0.25882 0 1 0 0.25882 0 -0.965926 43722.dat
1 0 10.8604 -16 -75.3794 -0.25882 0 0.965926 0 1 0 -0.965926 0 -0.25882 24299.dat
1 1 3.7893 -40 -63.132 -0.965926 0 -0.25882 0 1 0 0.25882 0 -0.965926 43711.dat
0 STEP
1 1 -5.87 -32 -60.5438 -0.25882 0 0.965926 0 1 0 -0.965926 0 -0.25882 11477.dat
0 NOFILE
0 FILE 06-02-front-skirt.ldr
0 
0 Name: 06-02-front-skirt.ldr
0 Author: Nathanel Titane // nathanel.titane@gmail.com // All Rights Reserved
1 0 0 0 0 -0 0 1 0 1 0 -1 0 -0 26047.dat
1 0 12.2475 -8 -7.0711 0.965926 0 -0.258818 0 1 0 0.258818 0 0.965926 24299.dat
0 STEP
1 1 15.5292 -32 -57.9557 -0.965926 0 0.258818 0 1 0 -0.258818 0 -0.965926 60477.dat
1 0 3.2816 -8 -50.8845 -0.965926 0 0.258818 0 1 0 -0.258818 0 -0.965926 24299.dat
0 STEP
1 0 -23.8014 -16 -27.083 -0.965926 0 0.258818 0 1 0 -0.258818 0 -0.965926 43723.dat
1 0 -10.8604 -16 -75.3794 -0.258818 0 -0.965926 0 1 0 0.965926 0 -0.258818 24307.dat
1 1 -3.7894 -40 -63.132 -0.965926 0 0.258818 0 1 0 -0.258818 0 -0.965926 43710.dat
0 STEP
1 1 5.8698 -32 -60.5438 -0.258818 0 -0.965926 0 1 0 0.965926 0 -0.258818 11477.dat
0 NOFILE
0 FILE 07-cockpit.ldr
0 
0 Name: 07-cockpit.ldr
0 Author: Nathanel Titane // nathanel.titane@gmail.com // All Rights Reserved
1 72 0 0 0 1 0 0 0 1 0 0 0 1 27168.dat
1 14 -50 -44 0 0 0.984808 0.173648 0 -0.173648 0.984808 1 0 0 2851.dat
1 14 50 -44 0 0 -0.984808 0.173648 0 -0.173648 -0.984808 1 0 0 2851.dat
0 STEP
1 4 -20 -28 32 -1 0 0 0 0 -1 0 -1 0 26601.dat
1 4 20 -28 32 0 0 -1 1 0 0 0 -1 0 26601.dat
1 4 0 2 32 -1 0 0 0 0 -1 0 -1 0 99780.dat
0 STEP
1 71 0 2 40 -1 0 0 0 0 -1 0 -1 0 3023.dat
1 71 0 -48 40 0 0 1 -1 0 0 0 -1 0 3020.dat
0 STEP
1 71 0 -68 48 0 0 1 -1 0 0 0 -1 0 87580.dat
1 71 0 -68 56 0 0 1 -1 0 0 0 -1 0 3022.dat
0 STEP
1 71 -10 -8 48 0 0 1 -1 0 0 0 -1 0 14704.dat
1 71 10 -8 48 0 0 -1 1 0 0 0 -1 0 14704.dat
0 STEP
1 4 0 -38 40 1 0 0 0 0 1 0 -1 0 85984.dat
1 4 0 -8 56 1 0 0 0 0 1 0 -1 0 3068b.dat
0 STEP
1 0 -30 -38 40 0 0 1 -1 0 0 0 -1 0 36841.dat
1 0 30 -38 40 0 0 -1 1 0 0 0 -1 0 36841.dat
0 STEP
1 72 -32 -68 18 0 -1 0 -1 0 0 0 0 -1 99207.dat
1 72 32 -68 18 0 1 0 1 0 0 0 0 -1 99207.dat
1 72 -32 -68 18 0 -1 0 1 0 0 0 0 1 85984.dat
1 72 32 -68 18 0 1 0 -1 0 0 0 0 1 85984.dat
0 STEP
1 72 -30 -68 56 0 0 1 -1 0 0 0 -1 0 32000.dat
1 72 30 -68 56 0 0 1 -1 0 0 0 -1 0 32000.dat
0 STEP
1 0 -30 -58 64 -1 0 0 0 0 -1 0 -1 0 28192.dat
1 0 30 -58 64 -1 0 0 0 0 -1 0 -1 0 28192.dat
0 STEP
1 0 0 -58 64 -1 0 0 0 0 -1 0 -1 0 48336.dat
1 0 -20 -78 64 1 0 0 0 0 1 0 -1 0 60470.dat
1 0 20 -78 64 1 0 0 0 0 1 0 -1 0 60470.dat
0 STEP
1 72 0 -78 88 1 0 0 0 0 1 0 -1 0 3937.dat
1 1 -20 -68 88 -1 0 0 0 0 -1 0 -1 0 87620.dat
1 1 20 -68 88 0 0 -1 1 0 0 0 -1 0 87620.dat
1 1 -30 -58 96 0 0 1 -1 0 0 0 -1 0 27263.dat
1 1 30 -58 96 -1 0 0 0 0 -1 0 -1 0 27263.dat
0 STEP
1 0 -50 -58 46 -1 0 0 0 0 -1 0 -1 0 18651.dat
1 0 -50 -78 46 -1 0 0 0 0 -1 0 -1 0 18651.dat
0 STEP
1 0 50 -58 46 1 0 0 0 0 -1 0 1 0 18651.dat
1 0 50 -78 46 1 0 0 0 0 -1 0 1 0 18651.dat
0 STEP
1 0 -60 -38 66 -1 0 0 0 -1 0 0 0 1 92907.dat
1 0 60 -38 66 -1 0 0 0 -1 0 0 0 1 92907.dat
1 0 -60.0001 -98 46 0 0 1 0 1 0 -1 0 0 18651.dat
1 0 60 -98 46 0 0 1 0 1 0 -1 0 0 18651.dat
1 0 -60 -78 46 0 0 -1 0 1 0 1 0 0 42003.dat
1 0 60 -78 46 0 0 -1 0 1 0 1 0 0 42003.dat
0 STEP
1 0 -55 -78 66 0 1 0 0 0 1 1 0 0 41677.dat
1 0 -65 -78 66 0 1 0 0 0 1 1 0 0 41677.dat
1 0 55 -78 66 0 -1 0 0 0 1 -1 0 0 41677.dat
1 0 65 -78 66 0 -1 0 0 0 1 -1 0 0 41677.dat
1 0 -60 -58 66 1 0 0 0 -1 0 0 0 -1 32062.dat
1 0 60 -58 66 1 0 0 0 -1 0 0 0 -1 32062.dat
0 STEP
1 0 -60 -98 66 1 0 0 0 1 0 0 0 1 92907.dat
1 0 60 -98 66 1 0 0 0 1 0 0 0 1 92907.dat
1 0 -60 -98 16 0 1 0 0 0 1 1 0 0 32174.dat
1 0 60 -98 16 0 1 0 0 0 1 1 0 0 32174.dat
1 0 -60 -78 66 1 0 0 0 0 1 0 -1 0 32062.dat
1 0 60 -78 66 1 0 0 0 0 1 0 -1 0 32062.dat
0 STEP
1 0 -10 -35 67.1962 0 0 1 0.866026 0.5 0 -0.5 0.866026 0 2555.dat
1 0 10 -35 67.1961 0 0 1 0.866026 0.5 0 -0.5 0.866026 0 2555.dat
1 0 -10 -31 74.1243 0 0 1 0.866026 0.5 0 -0.5 0.866026 0 3005.dat
1 0 10 -31 74.1243 0 0 1 0.866026 0.5 0 -0.5 0.866026 0 3005.dat
0 STEP
1 71 0 -10 -32 1 0 0 0 0 -1 0 1 0 08-bottom-hatch.ldr
0 STEP
1 0 -30 -96 32 -1 0 0 0 -1 0 0 0 1 09-01-hatch-hinge.ldr
1 0 30 -96 32 -1 0 0 0 -1 0 0 0 1 09-02-hatch-hinge.ldr
0 STEP
1 0 0 -63.6852 -52.011 1 0 0 0 -0.173648 -0.984808 0 0.984808 -0.173648 09-03-front-hatch.ldr
0 STEP
1 0 0 -96 42 -1 0 0 0 -1 0 0 0 1 09-04-top-hatch.ldr
0 STEP
1 0 0 -102 21 1 0 0 0 1 0 0 0 1 11-head.ldr
0 STEP
1 0 -60 -118 16 0 -1 0 1 0 0 0 0 1 12-shoulder-joint.ldr
1 0 60 -118 16 0 1 0 -1 0 0 0 0 1 12-shoulder-joint.ldr
0 STEP
1 0 -120.6593 -83.2677 26.3528 -0.066987 0.965926 0.25 0.25 0.258819 -0.933013 -0.965926 0 -0.258819 13-01-arm.ldr
1 0 120.6593 -83.2677 26.3528 -0.066987 -0.965926 -0.25 -0.25 0.258819 -0.933013 0.965926 0 -0.258819 13-02-arm.ldr
0 STEP
1 0 0 -85.0711 85.0711 1 0 0 0 0.707107 0.707107 0 -0.707107 0.707107 17-01-back-pack.ldr
0 STEP
0 NOFILE
0 FILE 08-bottom-hatch.ldr
0 
0 Name: 08-bottom-hatch.ldr
0 Author: Nathanel Titane // nathanel.titane@gmail.com // All Rights Reserved
1 71 0 0 0 1 0 0 0 1 0 0 0 1 48336.dat
1 71 0 8 20 -1 0 0 0 1 0 0 0 -1 6134.dat
1 71 0 0 20 -1 0 0 0 1 0 0 0 -1 99781.dat
1 71 0 10 34 1 0 0 0 0 1 0 -1 0 85984.dat
0 STEP
1 0 -10 -8 20 0 0 1 0 1 0 -1 0 0 36841.dat
1 0 10 -8 20 0 0 -1 0 1 0 1 0 0 36841.dat
0 STEP
1 71 0 0 10 1 0 0 0 1 0 0 0 1 15068.dat
0 STEP
1 0 -32 2 20 0 1 0 -1 0 0 0 0 1 3024.dat
1 1 -24 2 10 0 1 0 -1 0 0 0 0 1 29120.dat
0 STEP
1 0 32 2 20 0 -1 0 1 0 0 0 0 1 3024.dat
1 1 24 2 10 0 -1 0 1 0 0 0 0 1 29119.dat
0 NOFILE
0 FILE 09-01-hatch-hinge.ldr
0 
0 Name: 09-01-hatch-hinge.ldr
0 Author: Nathanel Titane // nathanel.titane@gmail.com // All Rights Reserved
1 0 0 0 0 0 0 1 0 1 0 -1 0 0 18649.dat
1 0 0 -8 0 0 0 -1 0 1 0 1 0 0 3069b.dat
0 STEP
1 0 0 8 0 0 0 -1 0 1 0 1 0 0 99780.dat
0 STEP
1 71 0 16 50 1 0 0 0 1 0 0 0 1 13547.dat
1 71 0 16 40 0 0 -1 0 1 0 1 0 0 3069b.dat
1 71 0 32 60 -1 0 0 0 1 0 0 0 -1 15672.dat
1 72 0 40 60 0 0 -1 0 1 0 1 0 0 3023.dat
0 STEP
1 0 0 -19.2132 -37.0711 -1 0 0 0 0.707107 -0.707107 0 -0.707107 -0.707107 60476.dat
1 0 0 -43.2548 -27.1716 0 0 1 -0.707107 0.707107 0 -0.707107 -0.707107 0 15571.dat
1 0 0 -33.3553 -51.2132 -1 0 0 0 0.707107 -0.707107 0 -0.707107 -0.707107 6541.dat
1 71 0 -2.2426 -54.0416 -1 0 0 0 0.707107 -0.707107 0 -0.707107 -0.707107 49668.dat
1 71 0 -16.3848 -68.1838 1 0 0 0 0.707107 0.707107 0 -0.707107 0.707107 24201.dat
0 STEP
1 0 0 -40.4264 -72.4264 0 1 0 0.707107 0 0.707107 0.707107 0 -0.707107 15100.dat
1 0 -10 -40.4264 -72.4264 1 0 0 0 0.707107 -0.707107 0 0.707107 0.707107 2780.dat
0 NOFILE
0 FILE 09-02-hatch-hinge.ldr
0 
0 Name: 09-02-hatch-hinge.ldr
0 Author: Nathanel Titane // nathanel.titane@gmail.com // All Rights Reserved
1 0 0 0 0 0 0 1 0 1 0 -1 0 0 18649.dat
1 0 0 -8 0 0 0 -1 0 1 0 1 0 0 3069b.dat
0 STEP
1 0 0 8 0 0 0 1 0 1 0 -1 0 0 99780.dat
0 STEP
1 71 0 16 50 1 0 0 0 1 0 0 0 1 13547.dat
1 71 0 16 40 0 0 -1 0 1 0 1 0 0 3069b.dat
1 71 0 32 60 -1 0 0 0 1 0 0 0 -1 15672.dat
1 72 0 40 60 0 0 1 0 1 0 -1 0 0 3023.dat
1 71 30 48 60 0 0 -1 0 1 0 1 0 0 4871.dat
1 71 30 56 70 1 0 0 0 1 0 0 0 1 99563.dat
1 71 30 56 50 1 0 0 0 1 0 0 0 1 99563.dat
0 STEP
1 0 0 -19.2132 -37.0711 -1 0 0 0 0.707107 -0.707107 0 -0.707107 -0.707107 60476.dat
1 0 0 -43.2548 -27.1716 0 0 -1 0.707107 0.707107 0 0.707107 -0.707107 0 15571.dat
1 0 0 -33.3553 -51.2132 -1 0 0 0 0.707107 -0.707107 0 -0.707107 -0.707107 6541.dat
1 71 0 -2.2426 -54.0416 -1 0 0 0 0.707107 -0.707107 0 -0.707107 -0.707107 49668.dat
1 71 0 -16.3848 -68.1838 1 0 0 0 0.707107 0.707107 0 -0.707107 0.707107 24201.dat
0 STEP
1 0 0 -40.4264 -72.4264 0 1 0 0.707107 0 0.707107 0.707107 0 -0.707107 15100.dat
1 0 10 -40.4264 -72.4264 1 0 0 0 0.707107 -0.707107 0 0.707107 0.707107 2780.dat
0 NOFILE
0 FILE 09-03-front-hatch.ldr
0 
0 Name: 09-03-front-hatch.ldr
0 Author: Nathanel Titane // nathanel.titane@gmail.com // All Rights Reserved
1 0 -10 0 0 0 0 1 0 1 0 -1 0 0 18677.dat
1 0 10 0 0 0 0 1 0 1 0 -1 0 0 18677.dat
1 71 0 8 10 -1 0 0 0 1 0 0 0 -1 3938.dat
1 0 0 18 0 -1 0 0 0 0 1 0 1 0 3937.dat
0 STEP
1 0 0 18 24 -1 0 0 0 0 1 0 1 0 32028.dat
1 0 0 18 32 -1 0 0 0 0 1 0 1 0 32028.dat
1 1 0 18 40 -1 0 0 0 0 1 0 1 0 32803.dat
1 0 0 38 48 1 0 0 0 0 -1 0 1 0 85984.dat
0 STEP
1 1 0 0 0 1 0 0 0 1 0 0 0 1 15068.dat
1 72 -30 -8 10 1 0 0 0 1 0 0 0 1 2420.dat
1 72 30 -8 10 0 0 -1 0 1 0 1 0 0 2420.dat
1 0 -30 0 30 1 0 0 0 1 0 0 0 1 3024.dat
1 0 -30 0 10 1 0 0 0 1 0 0 0 1 3024.dat
1 0 30 0 30 0 0 -1 0 1 0 1 0 0 3024.dat
1 0 30 0 10 0 0 -1 0 1 0 1 0 0 3024.dat
0 STEP
1 1 -50 -24 20 0 0 1 0 1 0 -1 0 0 24309.dat
1 1 -60 0 10 -1 0 0 0 1 0 0 0 -1 3004.dat
1 1 -60 0 30 -1 0 0 0 1 0 0 0 -1 3298.dat
1 72 -60 24 40 0 0 -1 0 1 0 1 0 0 3020.dat
0 STEP
1 1 50 -24 20 0 0 -1 0 1 0 1 0 0 24309.dat
1 1 60 0 10 -1 0 0 0 1 0 0 0 -1 3004.dat
1 1 60 0 30 -1 0 0 0 1 0 0 0 -1 3298.dat
1 72 60 24 40 0 0 -1 0 1 0 1 0 0 3020.dat
0 STEP
1 4 -60 32 70 -1 0 0 0 1 0 0 0 -1 99780.dat
1 72 -60 32 40 -1 0 0 0 1 0 0 0 -1 11203.dat
1 4 -60 32 10 1 0 0 0 1 0 0 0 1 99207.dat
1 0 -70 40 10 1 0 0 0 1 0 0 0 1 3024.dat
1 0 -50 40 10 1 0 0 0 1 0 0 0 1 3024.dat
1 0 -60 30 -12 1 0 0 0 0 -1 0 1 0 2540.dat
1 0 -80 50 -10 0 1 0 0.5 0 0.866025 0.866025 0 -0.5 44676.dat
1 1 -60 20 -4 -1 0 0 0 0 1 0 1 0 15068.dat
0 STEP
1 4 60 32 70 -1 0 0 0 1 0 0 0 -1 99780.dat
1 72 60 32 40 -1 0 0 0 1 0 0 0 -1 11203.dat
1 4 60 32 10 1 0 0 0 1 0 0 0 1 99207.dat
1 0 50 40 10 1 0 0 0 1 0 0 0 1 3024.dat
1 0 70 40 10 1 0 0 0 1 0 0 0 1 3024.dat
1 0 60 30 -12 1 0 0 0 0 -1 0 1 0 2540.dat
1 0 80 50 -10 0 -1 0 -0.5 0 0.866025 -0.866025 0 -0.5 44676.dat
1 1 60 20 -4 -1 0 0 0 0 1 0 1 0 15068.dat
0 STEP
1 71 -60 40 70 1 0 0 0 1 0 0 0 1 3938.dat
1 0 -60 40.1671 71.9101 1 0 0 0 0.984808 0.173648 0 -0.173648 0.984808 3937.dat
1 0 -60 63.8025 67.7426 1 0 0 0 0.984808 0.173648 0 -0.173648 0.984808 3004.dat
1 0 -50 87.4379 63.575 0 0 1 -0.173648 0.984808 0 -0.984808 -0.173648 0 3665.dat
0 STEP
1 71 60 40 70 1 0 0 0 1 0 0 0 1 3938.dat
1 0 60 40.1671 71.9101 1 0 0 0 0.984808 0.173648 0 -0.173648 0.984808 3937.dat
1 0 60 63.8025 67.7426 -1 0 0 0 0.984808 -0.173648 0 -0.173648 -0.984808 3004.dat
1 0 50 87.4379 63.575 0 0 -1 0.173648 0.984808 0 0.984808 -0.173648 0 3665.dat
0 NOFILE
0 FILE 09-04-top-hatch.ldr
0 
0 Name: 09-04-top-hatch.ldr
0 Author: Nathanel Titane // nathanel.titane@gmail.com // All Rights Reserved
1 0 0 0 0 -1 0 0 0 1 0 0 0 -1 48336.dat
1 0 0 0 -30 1 0 0 0 1 0 0 0 1 11203.dat
0 STEP
1 72 0 -8 -10 1 0 0 0 1 0 0 0 1 3068b.dat
1 72 0 -8 -40 1 0 0 0 1 0 0 0 1 99563.dat
0 STEP
1 1 0 8 10 -1 0 0 0 1 0 0 0 -1 33909.dat
1 71 0 16 0 1 0 0 0 1 0 0 0 1 14704.dat
1 1 0 16 20 -1 0 0 0 1 0 0 0 -1 32803.dat
0 STEP
0 NOFILE
0 FILE 10-01-actuator.ldr
0 
0 Name: 10-01-actuator.ldr
