0 FILE 00-instructions.ldr
0 Name: 00-instructions.ldr
0 Author: Nathanel Titane // nathanel.titane@gmail.com // All Rights Reserved
0
0 // LPUB[3D] FRONT COVER PAGE /////////////////////////////////////////////////
0
0 !LPUB PAGE DOCUMENT_TITLE_FRONT COLOR "#666666"
0 !LPUB PAGE DOCUMENT_TITLE_FRONT CONTENT GLOBAL "MODEL // GAT-X207 BLITZ"
0 !LPUB PAGE DOCUMENT_TITLE_FRONT DISPLAY GLOBAL TRUE
0 !LPUB PAGE DOCUMENT_TITLE_FRONT FONT "Noto Sans,72,-1,0,75,0,0,0,0,0,Bold"
0 !LPUB PAGE DOCUMENT_TITLE_FRONT MARGINS 0.2500 0.1000
0 !LPUB PAGE DOCUMENT_TITLE_FRONT PLACEMENT GLOBAL TOP_LEFT PAGE INSIDE OFFSET 0.0000 0.0000

0 !LPUB PAGE DOCUMENT_AUTHOR_FRONT CONTENT GLOBAL "MODEL DESIGN AND INSTRUCTIONS // NATHANEL TITANE"
0 !LPUB PAGE DOCUMENT_AUTHOR_FRONT COLOR "#666666"
0 !LPUB PAGE DOCUMENT_AUTHOR_FRONT DISPLAY GLOBAL TRUE
0 !LPUB PAGE DOCUMENT_AUTHOR_FRONT FONT "Noto Sans,18,-1,0,75,0,0,0,0,0,Bold"
0 !LPUB PAGE DOCUMENT_AUTHOR_FRONT MARGINS 0.3000 1.0000
0 !LPUB PAGE DOCUMENT_AUTHOR_FRONT PLACEMENT TOP_LEFT PAGE INSIDE OFFSET 0.0000 0.0000

0 !LPUB PAGE MODEL_PARTS COLOR "#666666"
0 !LPUB PAGE MODEL_PARTS CONTENT GLOBAL "1276 PIECES"
0 !LPUB PAGE MODEL_PARTS DISPLAY GLOBAL TRUE
0 !LPUB PAGE MODEL_PARTS FONT "Noto Sans,72,-1,0,75,0,0,0,0,0,Bold"
0 !LPUB PAGE MODEL_PARTS MARGINS 0.2500 0.1000
0 !LPUB PAGE MODEL_PARTS PLACEMENT GLOBAL BOTTOM_LEFT PAGE INSIDE OFFSET 0.0000 0.0000

0 !LPUB PAGE PUBLISH_DESCRIPTION COLOR "#666666"
0 !LPUB PAGE PUBLISH_DESCRIPTION CONTENT GLOBAL "LEGO // LINUX - Where Lego and Linux Meet"
0 !LPUB PAGE PUBLISH_DESCRIPTION DISPLAY GLOBAL TRUE
0 !LPUB PAGE PUBLISH_DESCRIPTION FONT "Noto Sans,36,-1,0,75,0,0,0,0,0,Bold"
0 !LPUB PAGE PUBLISH_DESCRIPTION MARGINS 0.2000 0.2000
0 !LPUB PAGE PUBLISH_DESCRIPTION PLACEMENT GLOBAL BOTTOM_RIGHT PAGE INSIDE OFFSET 0.0000 0.0000
0
0 // LPUB[3D] BACK COVER PAGE //////////////////////////////////////////////////
0
0 // LPUB[3D] DOCUMENT DISCLAIMER
0 !LPUB PAGE LEGO_DISCLAIMER COLOR "#666666"
0 !LPUB PAGE LEGO_DISCLAIMER CONTENT GLOBAL "LEGO® // REGISTERED TRADEMARK OF THE LEGO GROUP"
0 !LPUB PAGE LEGO_DISCLAIMER DISPLAY GLOBAL TRUE
0 !LPUB PAGE LEGO_DISCLAIMER FONT "Noto Sans,36,-1,0,75,0,0,0,0,0,Bold"
0 !LPUB PAGE LEGO_DISCLAIMER PLACEMENT GLOBAL CENTER PAGE INSIDE OFFSET 0.0000 -0.2500
0
0 // LPUB[3D] PAGE DOCUMENT AUTHOR
0 !LPUB PAGE DOCUMENT_AUTHOR_BACK COLOR "#666666"
0 !LPUB PAGE DOCUMENT_AUTHOR_BACK CONTENT GLOBAL "MODEL DESIGN AND INSTRUCTIONS // NATHANEL TITANE"
0 !LPUB PAGE DOCUMENT_AUTHOR_BACK DISPLAY GLOBAL TRUE
0 !LPUB PAGE DOCUMENT_AUTHOR_BACK FONT "Noto Sans,36,-1,0,75,0,0,0,0,0,Bold"
0 !LPUB PAGE DOCUMENT_AUTHOR_BACK PLACEMENT CENTER PAGE INSIDE OFFSET 0.0000 -0.2000
0
0 // LPUB[3D] PAGE PUBLICATION COPYRIGHT
0 !LPUB PAGE PUBLISH_COPYRIGHT_BACK COLOR "#666666"
0 !LPUB PAGE PUBLISH_COPYRIGHT_BACK CONTENT GLOBAL "COPYRIGHT // ALL RIGHTS RESERVED"
0 !LPUB PAGE PUBLISH_COPYRIGHT_BACK DISPLAY GLOBAL TRUE
0 !LPUB PAGE PUBLISH_COPYRIGHT_BACK FONT "Noto Sans,36,-1,0,75,0,0,0,0,0,Bold"
0 !LPUB PAGE PUBLISH_COPYRIGHT_BACK PLACEMENT GLOBAL CENTER PAGE INSIDE OFFSET 0.0000 -0.1500
0
0 // LPUB[3D] PAGE PUBLICATION EMAIL
0 !LPUB PAGE PUBLISH_EMAIL_BACK COLOR "#666666"
0 !LPUB PAGE PUBLISH_EMAIL_BACK CONTENT GLOBAL "CONTACT // NATHANEL.TITANE@GMAIL.COM // INFO@LEGOLINUX.COM"
0 !LPUB PAGE PUBLISH_EMAIL_BACK DISPLAY GLOBAL TRUE
0 !LPUB PAGE PUBLISH_EMAIL_BACK FONT "Noto Sans,18,-1,0,75,0,0,0,0,0,Bold"
0 !LPUB PAGE PUBLISH_EMAIL_BACK PLACEMENT GLOBAL CENTER PAGE INSIDE OFFSET 0.0000 -0.0500
0
0 // LPUB[3D] PAGE PUBLICATION URL
0 !LPUB PAGE PUBLISH_URL_BACK COLOR "#666666"
0 !LPUB PAGE PUBLISH_URL_BACK CONTENT GLOBAL "WEB // HTTPS://LEGOLINUX.COM/MODELS/MOBILE-SUITS/GAT-X207-BLITZ"
0 !LPUB PAGE PUBLISH_URL_BACK DISPLAY GLOBAL TRUE
0 !LPUB PAGE PUBLISH_URL_BACK FONT "Noto Sans,18,-1,0,75,0,0,0,0,0,Bold"
0 !LPUB PAGE PUBLISH_URL_BACK PLACEMENT GLOBAL CENTER PAGE INSIDE OFFSET 0.0000 -0.0250
0
0 // LPUB[3D] PAGE LOGO
0 !LPUB PAGE DOCUMENT_LOGO_BACK DISPLAY GLOBAL TRUE
0 !LPUB PAGE DOCUMENT_LOGO_BACK FILE GLOBAL "/media/internal/Lego/lpub3d/instructions/logo.png"
0 !LPUB PAGE DOCUMENT_LOGO_BACK PLACEMENT CENTER PAGE INSIDE OFFSET 0.0000 0.45000
0 !LPUB PAGE DOCUMENT_LOGO_BACK SCALE GLOBAL  1.0000
0
0 // LPUB[3D] CONFIGURATION ////////////////////////////////////////////////////
0
0 // LPUB[3D] PAGE WATERMARK
0 !LPUB PAGE PUBLISH_EMAIL CONTENT GLOBAL "CONTACT // NATHANEL.TITANE@GMAIL.COM // INFO@LEGOLINUX.COM"
0 !LPUB PAGE PUBLISH_EMAIL COLOR "#666666"
0 !LPUB PAGE PUBLISH_EMAIL DISPLAY GLOBAL TRUE
0 !LPUB PAGE PUBLISH_EMAIL FONT "Noto Sans,18,-1,0,75,0,0,0,0,0,Bold"
0 !LPUB PAGE PUBLISH_EMAIL MARGINS 0.0000 0.1500
0 !LPUB PAGE PUBLISH_EMAIL PLACEMENT GLOBAL BOTTOM PAGE INSIDE OFFSET 0.0000 0.0000
0 !LPUB PAGE DOCUMENT_AUTHOR CONTENT GLOBAL "MODEL DESIGN AND INSTRUCTIONS // NATHANEL TITANE"
0 !LPUB PAGE DOCUMENT_AUTHOR COLOR "#666666"
0 !LPUB PAGE DOCUMENT_AUTHOR DISPLAY GLOBAL TRUE
0 !LPUB PAGE DOCUMENT_AUTHOR FONT "Noto Sans,18,-1,0,75,0,0,0,0,0,Bold"
0 !LPUB PAGE DOCUMENT_AUTHOR MARGINS 0.0000 0.2000
0 !LPUB PAGE DOCUMENT_AUTHOR PLACEMENT GLOBAL TOP PAGE INSIDE OFFSET 0.0000 0.0000
0
0 // LPUB[3D] STEPS HIGHLIGHT
0 !LPUB HIGHLIGHT_STEP ENABLED GLOBAL TRUE
0 !LPUB HIGHLIGHT_STEP COLOR GLOBAL "#7137C8"
0
0 // LPUB[3D] STEP FADE
0 !LPUB FADE_STEP OPACITY GLOBAL "50"
0 !LPUB FADE_STEP COLOR GLOBAL "Trans_Black"
0 !LPUB FADE_STEP ENABLED GLOBAL TRUE
0 !LPUB FINAL_MODEL_ENABLED GLOBAL TRUE
0
0 // LPUB[3D] SUBMODEL PREVIEW
0 !LPUB SUBMODEL_DISPLAY SHOW GLOBAL TRUE
0 !LPUB SUBMODEL_DISPLAY BACKGROUND COLOR "#DDDDDD"
0 !LPUB SUBMODEL_DISPLAY MARGINS 0.1500 0.7500
0 !LPUB SUBMODEL_DISPLAY BORDER SQUARE 0 Black 0.031 MARGINS 0.050 0.050
0 !LPUB SUBMODEL_DISPLAY PLACEMENT GLOBAL LEFT PAGE INSIDE
0 !LPUB SUBMODEL_DISPLAY CAMERA_ANGLES 30.0000 45.0000
0
0 // LPUB[3D] ASSEMBLIES
0 !LPUB ASSEM CAMERA_ANGLES 30.0000 45.0000
0 !LPUB ASSEM MARGINS 0.5000 0.5000
0 !LPUB ASSEM MODEL_SCALE 1.0000
0 !LPUB ASSEM PLACEMENT CENTER PAGE INSIDE OFFSET 0.0000 0.0000
0
0 // LPUB[3D] BILL OF MATERIALS
0 !LPUB BOM BACKGROUND COLOR "#DDDDDD"
0 !LPUB BOM BORDER SQUARE 0 #666666 0.025 MARGINS 0.050 0.050
0 !LPUB BOM CONSTRAIN HEIGHT 13.0000
0 !LPUB BOM CONSTRAIN SQUARE
0 !LPUB BOM PLACEMENT CENTER PAGE INSIDE OFFSET 0.0000 0.0000
0
0 // LPUB[3D] CALLOUTS
0 !LPUB CALLOUT BORDER SQUARE 0 #666666 0.025 MARGINS 0.050 0.050
0 !LPUB CALLOUT MARGINS 0.1250 0.1250
0 !LPUB CALLOUT PLACEMENT RIGHT PAGE INSIDE OFFSET 0.0000 0.0000
0
0 // LPUB[3D] PAGE
0 !LPUB PAGE DOCUMENT_COVER_IMAGE DISPLAY GLOBAL TRUE
0 !LPUB PAGE DOCUMENT_COVER_IMAGE FILE GLOBAL "../renders/flat/flat.png"
0 !LPUB PAGE DOCUMENT_COVER_IMAGE FILL GLOBAL ASPECT
0 !LPUB PAGE DOCUMENT_COVER_IMAGE MARGINS GLOBAL 0.0000 0.0000
0 !LPUB PAGE DOCUMENT_COVER_IMAGE PLACEMENT GLOBAL CENTER PAGE INSIDE OFFSET 0.0000 0.0000
0 !LPUB PAGE DOCUMENT_COVER_IMAGE SCALE GLOBAL 1.0000
0
0 // LPUB[3D] PAGE NUMBER
0 !LPUB PAGE NUMBER FONT "Noto Sans,36,-1,0,75,0,0,0,0,0,Bold"
0 !LPUB PAGE NUMBER FONT_COLOR "#666666"
0 !LPUB PAGE NUMBER MARGINS 0.1250 0.1250
0 !LPUB PAGE NUMBER PLACEMENT BOTTOM_RIGHT PAGE INSIDE OFFSET 0.0000 0.0000
0
0 // LPUB[3D] PAGE SETUP
0 !LPUB PAGE BORDER GLOBAL NONE 0 MARGINS 0.000 0.000
0 !LPUB PAGE ENABLE_TEXT_PLACEMENT GLOBAL CENTER PAGE INSIDE OFFSET 0.0000 0.0000
0 !LPUB PAGE TEXT_PLACEMENT GLOBAL TRUE
0 !LPUB PAGE PAGE_FOOTER SIZE GLOBAL 32.0000 0.5000
0 !LPUB PAGE PAGE_HEADER SIZE GLOBAL 32.0000 0.5000
0 !LPUB PAGE MARGINS GLOBAL 0.0000 0.0000
0 !LPUB PAGE ORIENTATION GLOBAL LANDSCAPE
0 !LPUB PAGE SIZE GLOBAL 16.0000 32.0000
0
0 // LPUB[3D] PAGE COLORS
0 !LPUB PAGE SUBMODEL_BACKGROUND_COLOR GLOBAL "#DDDDDD" "#FFE680" "#FFAAAA" "#C6AFE9"
0
0 // LPUB[3D] SUBMODELS
0 !LPUB PAGE SUBMODEL_INSTANCE_COUNT FONT_COLOR "#FF5555"
0 !LPUB PAGE SUBMODEL_INSTANCE_COUNT FONT "Noto Sans,72,-1,0,75,0,0,0,0,0,Bold"
0 !LPUB PAGE SUBMODEL_INSTANCE_COUNT MARGINS 0.0000 0.1250
0 !LPUB PAGE SUBMODEL_INSTANCE_COUNT PLACEMENT BOTTOM_RIGHT PAGE INSIDE OFFSET 0.0000 -0.0500
0
0 // LPUB[3D] PARTS LIST
0 !LPUB PLI BACKGROUND COLOR "#DDDDDD"
0 !LPUB PLI BORDER SQUARE 0 #666666 0.025 MARGINS 0.0500 0.050
0 !LPUB PLI CAMERA_ANGLES 30.0000 45.0000
0 !LPUB PLI CONSTRAIN HEIGHT 5.0000
0 !LPUB PLI MODEL_SCALE  1.0000
0 !LPUB PLI MARGINS 0.1500 0.7500
0 !LPUB PLI PLACEMENT TOP_RIGHT PAGE INSIDE OFFSET 0.0000 0.0000
0 !LPUB PLI INSTANCE_COUNT FONT "Noto Sans,36,-1,0,75,0,0,0,0,0,Bold"
0 !LPUB PLI INSTANCE_COUNT FONT_COLOR "#666666"
0 !LPUB PLI INSTANCE_COUNT MARGINS 0.0125 0.0125
0 !LPUB PLI INSTANCE_COUNT MARGINS 0.0125 0.3000
0
0 // LPUB[3D] STEP NUMBER
0 !LPUB STEP_NUMBER FONT "Noto Sans,72,-1,0,75,0,0,0,0,0,Bold"
0 !LPUB STEP_NUMBER FONT_COLOR "#666666"
0 !LPUB STEP_NUMBER MARGINS 0.1250 0.0000
0 !LPUB STEP_NUMBER PLACEMENT TOP_LEFT PAGE INSIDE OFFSET 0.0000 0.0000
0
0 // LPUB[3D] BEGIN INSTRUCTIONS ///////////////////////////////////////////////
0
0 STEP
0 !LPUB INSERT COVER_PAGE FRONT
0 STEP
0 !LPUB ASSEM MODEL_SCALE LOCAL 0.7500
1 0 0 0 0 1 0 0 0 1 0 0 0 1 00-model.ldr
0 STEP
0
0 // LPUB[3D] DISABLE FINAL MODEL SHOWCASE /////////////////////////////////////
0
0 !LPUB NOSTEP
0
0 // LPUB[3D] BOM PAGES
0 STEP
0 !LPUB INSERT PAGE
0 !LPUB INSERT BOM
0 STEP
0 !LPUB INSERT PAGE
0 !LPUB INSERT BOM
0 STEP
0 !LPUB INSERT PAGE
0 !LPUB INSERT BOM
0 STEP
0 !LPUB INSERT PAGE
0 !LPUB INSERT BOM
0 STEP
0 !LPUB INSERT PAGE
0 !LPUB INSERT BOM
0 STEP
0 !LPUB INSERT PAGE
0 !LPUB INSERT BOM
0 STEP
0 !LPUB INSERT PAGE
0 !LPUB INSERT BOM
0 STEP
0 !LPUB INSERT PAGE
0 !LPUB INSERT BOM
0 STEP
0 !LPUB INSERT PAGE
0 !LPUB INSERT BOM
0 STEP
0 !LPUB INSERT PAGE
0 !LPUB INSERT BOM
0 STEP
0 !LPUB INSERT PAGE
0 !LPUB INSERT BOM
0 STEP
0 !LPUB INSERT PAGE
0 !LPUB INSERT BOM
0 STEP
0
0 !LPUB NOSTEP
0
0 !LPUB INSERT COVER_PAGE BACK
0
0 // LPUB[3D] END INSTRUCTIONS /////////////////////////////////////////////////
0
0 NOFILE
0 FILE 00-model.ldr
0 
0 Name: 00-model.ldr
0 Author: Nathanel Titane // nathanel.titane@gmail.com // All Rights Reserved
1 0 0 0 0 1 0 0 0 0 -1 0 1 0 05-waist.ldr
0 STEP
1 0 0 -80 0 1 0 0 0 0 -1 0 1 0 08-torso.ldr
0 STEP
0 STEP
0 NOFILE
0 FILE 01-foot.ldr
0 
0 Name: 01-foot.ldr
0 Author: Nathanel Titane // nathanel.titane@gmail.com // All Rights Reserved
1 0 0 88 -10 -1 0 0 0 1 0 0 0 -1 48336.dat
1 72 0 88 -30 1 0 0 0 1 0 0 0 1 3023.dat
1 0 0 80 -20 0 0 1 0 1 0 -1 0 0 4871.dat
0 STEP
1 72 0.0008 94.7509 20.6592 0 0 -1 -0.81906 -0.573708 0 -0.573708 0.81906 0 92280.dat
1 72 -0.002 123.9125 31.3179 0 0 -1 -0.81906 -0.573708 0 -0.573708 0.81906 0 63864.dat
1 72 -0.0008 77.381 28.0271 -1 0 0 0 -0.573708 0.81906 0 0.81906 0.573708 4073.dat
1 72 0 86.5603 14.9221 1 0 0 0 -0.573708 -0.81906 0 0.81906 -0.573708 13547.dat
0 STEP
1 0 0 64 -30 1 0 0 0 1 0 0 0 1 3660.dat
1 0 0 64 -10 -1 0 0 0 1 0 0 0 -1 3660.dat
1 72 0 56 0 0 0 -1 0 1 0 1 0 0 3022.dat
0 STEP
1 0 -29.9995 56 -10.0021 -1 0 0 0 1 0 0 0 -1 3665.dat
1 0 30.0005 56 -9.9989 -1 0 0 0 1 0 0 0 -1 3665.dat
1 0 30 80 -30 0 0 -1 0 1 0 1 0 0 54200.dat
1 0 -30 80 -30.0032 0 0 1 0 1 0 -1 0 0 54200.dat
0 STEP
1 0 -10 32 0 0 0 1 0 1 0 -1 0 0 3039.dat
1 0 10 32 0 0 0 -1 0 1 0 1 0 0 3039.dat
1 0 0.0005 40 -40 -1 0 0 0 1 0 0 0 -1 3003.dat
0 STEP
1 72 -10 24 0 0 0 1 0 1 0 -1 0 0 44301a.dat
1 72 10 24 0 0 0 1 0 1 0 -1 0 0 44301a.dat
1 0 0 32 -30 1 0 0 0 1 0 0 0 1 3069b.dat
1 0 0 40 -50 1 0 0 0 1 0 0 0 1 85984.dat
0 STEP
1 72 0 0 0 0 0 -1 0 1 0 1 0 0 92013.dat
1 72 0 -24 0 1 0 0 0 1 0 0 0 1 3043.dat
0 STEP
1 72 -10 16 -30.0003 -1 0 0 0 0 -1 0 -1 0 30553.dat
1 1 -10 -4 -30.0008 0 0 -1 1 0 0 0 -1 0 43093.dat
1 72 10 16 -30.0003 -1 0 0 0 0 -1 0 -1 0 30553.dat
1 1 10 -4 -30.0008 0 0 -1 1 0 0 0 -1 0 43093.dat
0 STEP
1 0 0 -30 -30 -1 0 0 0 1 0 0 0 -1 3660.dat
1 72 0 -78 -30 -1 0 0 0 1 0 0 0 -1 3678b.dat
0 STEP
1 0 0 -126 -50 -1 0 0 0 1 0 0 0 -1 3678b.dat
1 0 0 -126 -50 -1 0 0 0 1 0 0 0 -1 85984.dat
0 STEP
1 0 -10 -76 -50 0 0 1 -1 0 0 0 -1 0 2780.dat
1 0 10 -76 -50 0 0 1 -1 0 0 0 -1 0 2780.dat
1 0 0 -26 -50 1 0 0 0 -1 0 0 0 -1 3245b.dat
1 0 0 -26 -50 -1 0 0 0 -1 0 0 0 1 85984.dat
0 NOFILE
0 FILE 02-shin.ldr
0 
0 Name: 02-shin.ldr
0 Author: Nathanel Titane // nathanel.titane@gmail.com // All Rights Reserved
1 72 0 24 90 0 0 1 0 1 0 -1 0 0 3832.dat
1 72 0 16 110 0 0 1 0 1 0 -1 0 0 3795.dat
0 STEP
1 71 0 32 160 1 0 0 0 1 0 0 0 1 3938.dat
1 72 0 32 180 1 0 0 0 1 0 0 0 1 3023.dat
1 71 0 40 180 1 0 0 0 1 0 0 0 1 3938.dat
0 STEP
1 0 -10 32 120 -1 0 0 0 1 0 0 0 -1 3665.dat
1 0 10 32 120 -1 0 0 0 1 0 0 0 -1 3665.dat
0 STEP
1 72 0 34.929 167.071 1 0 0 0 0.707107 0.707107 0 -0.707107 0.707107 3937.dat
1 72 0 42.929 187.071 1 0 0 0 0.707107 0.707107 0 -0.707107 0.707107 3937.dat
1 72 0 59.899 170.101 -1 0 0 0 0.707107 -0.707107 0 -0.707107 -0.707107 32028.dat
0 STEP
1 72 -9.999 51.8991 150.1009 -1 0 0 0 0.707107 -0.707107 0 -0.707107 -0.707107 3665.dat
1 72 10.001 51.8991 150.1009 -1 0 0 0 0.707107 -0.707107 0 -0.707107 -0.707107 3665.dat
0 STEP
1 0 -10 32 90 1 0 0 0 1 0 0 0 1 42023.dat
1 0 10 32 90 1 0 0 0 1 0 0 0 1 42023.dat
1 0 10.0008 56 80.0008 -1 0 0 0 1 0 0 0 -1 3665.dat
1 0 -9.9992 56 79.9992 -1 0 0 0 1 0 0 0 -1 3665.dat
0 STEP
1 72 0 0 0 1 0 0 0 1 0 0 0 1 32064.dat
1 72 0 0 20 1 0 0 0 1 0 0 0 1 32064.dat
1 72 0 0 40 1 0 0 0 1 0 0 0 1 32064.dat
1 72 0 0 180 1 0 0 0 1 0 0 0 1 32000.dat
0 STEP
1 0 10 10 190 0 0 1 0 1 0 -1 0 0 2780.dat
1 0 -10 10 190 0 0 1 0 1 0 -1 0 0 2780.dat
0 STEP
1 0 -10 -8 150 0 0 1 0 1 0 -1 0 0 11211.dat
1 0 -10 -8 110 0 0 1 0 1 0 -1 0 0 11211.dat
1 0 -10 -8 70 0 0 1 0 1 0 -1 0 0 11211.dat
1 0 10 -8 150 0 0 -1 0 1 0 1 0 0 11211.dat
1 0 10 -8 110 0 0 -1 0 1 0 1 0 0 11211.dat
1 0 10 -8 70 0 0 -1 0 1 0 1 0 0 11211.dat
0 STEP
1 72 0 -8 180 -1 0 0 0 1 0 0 0 -1 3023.dat
1 72 0 -8 20 0 0 -1 0 1 0 1 0 0 3021.dat
0 STEP
1 72 0 0 200 1 0 0 0 1 0 0 0 1 32000.dat
1 72 -10 24 200 -1 0 0 0 1 0 0 0 -1 3665.dat
1 72 10 24 200 -1 0 0 0 1 0 0 0 -1 3665.dat
0 STEP
1 72 0 0 220 -1 0 0 0 1 0 0 0 -1 85943.dat
1 72 0 -8 210 -1 0 0 0 1 0 0 0 -1 3068b.dat
0 STEP
1 0 0 10 250 0 1 0 1 0 0 0 0 -1 53585.dat
1 0 0 10 250 -1 0 0 0 1 0 0 0 -1 3705.dat
0 STEP
1 72 -19.9997 9.9997 250 0 -1 0 -1 0 0 0 0 -1 15535.dat
1 72 -27.9997 10 250 0 -1 0 -1 0 0 0 0 -1 4032.dat
1 72 -35.9997 10.0002 250 0 -1 0 -1 0 0 0 0 -1 2654.dat
0 STEP
1 72 20.0003 9.9966 250 0 1 0 1 0 0 0 0 -1 15535.dat
1 72 28.0003 9.9959 250 0 1 0 1 0 0 0 0 -1 4032.dat
1 72 36.0003 9.9953 250 0 1 0 1 0 0 0 0 -1 2654.dat
0 STEP
1 0 0 10 10 0 0 -1 0 1 0 1 0 0 3705.dat
1 0 0 10 -20 1 0 0 0 0 -1 0 1 0 32474.dat
0 STEP
1 0 0 -32 180 -1 0 0 0 1 0 0 0 -1 3937.dat
1 71 0 -32 180 -1 0 0 0 1 0 0 0 -1 3938.dat
1 0 0 -32 180 -1 0 0 0 1 0 0 0 -1 85984.dat
0 STEP
1 0 0 -32 160 1 0 0 0 1 0 0 0 1 3298.dat
1 0 0 -32 160 1 0 0 0 1 0 0 0 1 85984.dat
0 STEP
1 0 9.9995 -16 49.9997 0 0 1 0 1 0 -1 0 0 30383.dat
1 0 -10.0005 -16 50.0003 0 0 1 0 1 0 -1 0 0 30383.dat
1 0 10.0005 -16 10.0008 0 0 -1 0 1 0 1 0 0 92280.dat
1 0 -9.9995 -16 10.0003 0 0 -1 0 1 0 1 0 0 92280.dat
0 STEP
1 0 0 -32 70 -1 0 0 0 1 0 0 0 -1 93606.dat
1 0 0 -16 0 -1 0 0 0 1 0 0 0 -1 85984.dat
0 STEP
1 72 -28 12 190 0 1 0 1 0 0 0 0 -1 3176.dat
1 72 -28 12 220 0 -1 0 -1 0 0 0 0 -1 4073.dat
1 71 -36 12.0024 200.0007 0 1 0 -1 0 0 0 0 1 3023.dat
1 72 -28 12 110 0 1 0 0 0 -1 -1 0 0 3795.dat
0 STEP
1 72 -28 42 170 0 1 0 0 0 -1 -1 0 0 32028.dat
1 72 -28 -18 170.0031 0 1 0 0 0 1 1 0 0 32028.dat
1 0 -52 12.0003 180 0 1 0 1 0 0 0 0 -1 47759.dat
0 STEP
1 0 -52 11.9997 160 0 1 0 -1 0 0 0 0 1 6069.dat
1 0 -60 12 170 0 1 0 0 0 -1 -1 0 0 3068b.dat
0 STEP
1 72 -28 22 30 0 1 0 0 0 -1 -1 0 0 60478.dat
1 72 -28 2 30 0 1 0 0 0 -1 -1 0 0 60478.dat
1 0 -52 12 50 0 1 0 1 0 0 0 0 -1 93606.dat
1 72 -36 22.0005 30.0003 0 1 0 0 0 -1 -1 0 0 30383.dat
1 72 -36 2.0005 29.9997 0 1 0 0 0 -1 -1 0 0 30383.dat
0 STEP
1 72 28 12 109.9999 0 -1 0 0 0 1 -1 0 0 3795.dat
1 72 28 12 190 0 -1 0 -1 0 0 0 0 -1 3176.dat
1 72 28 12 220 0 1 0 1 0 0 0 0 -1 4073.dat
1 71 36 11.9976 200.0007 0 -1 0 1 0 0 0 0 1 3023.dat
0 STEP
1 0 52 11.9997 180 0 -1 0 -1 0 0 0 0 -1 47759.dat
1 72 28 -18 170 0 -1 0 0 0 1 -1 0 0 32028.dat
1 72 28 42 170.0031 0 -1 0 0 0 -1 1 0 0 32028.dat
0 STEP
1 0 52 12.0003 160 0 -1 0 1 0 0 0 0 1 6069.dat
1 0 60 12 170 0 -1 0 0 0 1 -1 0 0 3068b.dat
0 STEP
1 72 28 2 29.9999 0 -1 0 0 0 1 -1 0 0 60478.dat
1 72 28 22 29.9999 0 -1 0 0 0 1 -1 0 0 60478.dat
1 0 52 12 50 0 -1 0 -1 0 0 0 0 -1 93606.dat
1 72 36 21.9995 29.9996 0 -1 0 0 0 1 -1 0 0 30383.dat
1 72 36 1.9995 30.0002 0 -1 0 0 0 1 -1 0 0 30383.dat
0 STEP
1 72 -24 12.0001 -19.9999 0 -1 0 1 0 0 0 0 1 3069b.dat
1 72 -32.0003 2.0003 -9.9999 0 -1 0 0 0 -1 1 0 0 92280.dat
1 72 -31.9998 22.0003 -9.9999 0 -1 0 0 0 -1 1 0 0 92280.dat
1 72 32.0003 21.9997 -10 0 1 0 0 0 1 1 0 0 92280.dat
1 72 31.9998 1.9997 -10.0001 0 1 0 0 0 1 1 0 0 92280.dat
1 72 24 11.9999 -20.0001 0 1 0 -1 0 0 0 0 1 3069b.dat
0 STEP
1 72 -32.0003 2.0003 0.0001 0 -1 0 1 0 0 0 0 1 13547.dat
1 72 -31.9998 22.0003 0.0001 0 -1 0 1 0 0 0 0 1 13547.dat
1 72 -24 12.0001 -49.9999 0 -1 0 1 0 0 0 0 1 3068b.dat
1 72 32.0003 21.9997 0 0 1 0 -1 0 0 0 0 1 13547.dat
1 72 31.9998 1.9997 0 0 1 0 -1 0 0 0 0 1 13547.dat
1 72 24 11.9999 -50.0001 0 1 0 -1 0 0 0 0 1 3068b.dat
0 STEP
1 72 -48.0003 2.0007 0.0001 0 -1 0 1 0 0 0 0 1 4073.dat
1 72 -47.9998 22.0007 0.0001 0 -1 0 1 0 0 0 0 1 4073.dat
1 72 48.0003 21.9993 0 0 1 0 -1 0 0 0 0 1 4073.dat
1 72 47.9998 1.9993 0 0 1 0 -1 0 0 0 0 1 4073.dat
0 STEP
1 0 0 -34.7275 4.4437 1 0 0 0 -0.707116 -0.707098 0 0.707098 -0.707116 48336.dat
1 0 0.0097 -29.0688 -1.2132 -1 0 0.00011 0 -0.707154 0.70706 0 0.70706 0.707154 3069b.dat
0 STEP
1 0 0.0081 -36.1395 -8.2846 -1 0 0 0 -0.707154 0.70706 0 0.70706 0.707154 43713.dat
1 0 0.0057 -55.9378 -16.7714 0 0 1 0.70706 -0.707154 0 0.707154 0.70706 0 3068b.dat
1 0 0.0033 -65.8349 -49.2987 1 0 0 0 -0.707154 -0.70706 0 0.70706 -0.707154 4865b.dat
0 STEP
1 4 -29.9912 -30.4777 -13.9409 1 0 0 0 -0.707154 -0.70706 0 0.70706 -0.707154 92946.dat
1 4 30.0088 -30.4858 -13.9421 1 0 0 0 -0.707154 -0.70706 0 0.70706 -0.707154 92946.dat
1 4 -29.9923 -37.5483 -21.0124 -1 0 0 0.00019 -0.707153 0.707061 0 0.707061 0.707153 54200.dat
1 4 30.0077 -37.5597 -21.017 -1 0 0 0.00019 -0.707153 0.707061 0 0.707061 0.707153 54200.dat
0 STEP
1 4 0 -87.0465 -70.5131 -1 0 0 0 -0.707154 0.70706 0 0.70706 0.707154 43719.dat
1 4 0.002 -94.1176 -77.5852 -1 0 0 0 -0.707154 0.70706 0 0.70706 0.707154 85984.dat
1 4 0.002 -79.9764 -63.4421 1 0 0 0 -0.707154 -0.70706 0 0.70706 -0.707154 85984.dat
0 STEP
1 0 0 10.6933 -61.2252 1 0 0 0 0.965927 -0.258815 0 0.258815 0.965927 01-foot.ldr
0 NOFILE
0 FILE 04-01-foreleg.ldr
0 
0 Name: 04-01-foreleg.ldr
0 Author: Nathanel Titane // nathanel.titane@gmail.com // All Rights Reserved
1 72 0 24 10 0 0 -1 0 1 0 1 0 0 3020.dat
1 72 -10 24 0 1 0 0 0 1 0 0 0 1 13547.dat
1 72 10 24 0 1 0 0 0 1 0 0 0 1 13547.dat
1 71 0 40 0 1 0 0 0 1 0 0 0 1 3023.dat
0 STEP
1 71 0 24 60 1 0 0 0 1 0 0 0 1 3023.dat
1 72 -10 32 20 -1 0 0 0 1 0 0 0 -1 4287.dat
1 72 10 32 20 -1 0 0 0 1 0 0 0 -1 4287.dat
1 72 -10 48 0 1 0 0 0 1 0 0 0 1 3024.dat
1 72 10 48 0 1 0 0 0 1 0 0 0 1 3024.dat
0 STEP
1 72 0 0 50 0 0 -1 0 1 0 1 0 0 48170.dat
1 72 0 0 0 0 0 -1 0 1 0 1 0 0 3002.dat
1 72 0 0 -40 -1 0 0 0 1 0 0 0 -1 32064.dat
1 72 0 0 -60 -1 0 0 0 1 0 0 0 -1 32064.dat
0 STEP
1 72 0 -24 0 -1 0 0 0 1 0 0 0 -1 30363.dat
1 72 0 -24 -20 1 0 0 0 1 0 0 0 1 3298.dat
1 72 -10 -24 -10 0 0 1 0 1 0 -1 0 0 85984.dat
1 72 10 -24 -10 0 0 -1 0 1 0 1 0 0 85984.dat
0 STEP
1 0 0 10 -90 0 -1 0 0 0 -1 1 0 0 32174.dat
1 0 0 10 -60 0 0 -1 0 1 0 1 0 0 4519.dat
0 STEP
1 72 0 -20 -120 -1 0 0 0 1 0 0 0 -1 85943.dat
1 0 0 -10 -90 1 0 0 0 0 -1 0 1 0 32062.dat
1 0 0 -10 -130 0 0 -1 0 1 0 1 0 0 2780.dat
0 STEP
1 72 0 -20 -140 1 0 0 0 1 0 0 0 1 3700.dat
1 72 0 4 -130 1 0 0 0 1 0 0 0 1 11203.dat
0 STEP
1 0 -10 -28 -130 1 0 0 0 1 0 0 0 1 92946.dat
1 0 10 -28 -130 1 0 0 0 1 0 0 0 1 92946.dat
1 72 -10 -36 -120 0 0 1 0 1 0 -1 0 0 2555.dat
1 72 10 -36 -120 0 0 1 0 1 0 -1 0 0 2555.dat
0 STEP
1 71 10 -51.6961 -91.5402 0 0 1 0.258815 0.965927 0 -0.965927 0.258815 0 60478.dat
1 71 -10 -51.6962 -91.5401 0 0 1 0.258815 0.965927 0 -0.965927 0.258815 0 60478.dat
1 72 10.0002 -43.9687 -89.4694 0 0 -1 -0.258815 0.965927 0 0.965927 0.258815 0 99780.dat
1 72 10.0001 -36.2413 -87.3989 0 0 -1 -0.258815 0.965927 0 0.965927 0.258815 0 44728.dat
1 72 -9.9998 -43.9682 -89.4718 0 0 1 0.258815 0.965927 0 -0.965927 0.258815 0 99780.dat
1 72 -9.9999 -36.2408 -87.4013 0 0 1 0.258815 0.965927 0 -0.965927 0.258815 0 44728.dat
0 STEP
1 0 -0.0027 -67.1881 -64.6326 0 0 -1 -0.258815 0.965927 0 0.965927 0.258815 0 3021.dat
1 0 0 -51.6966 -91.5383 1 0 0 0 0.965927 -0.258815 0 0.258815 0.965927 15068.dat
0 STEP
1 0 9.9947 -59.4602 -62.5637 -1 0 0 0 0.965927 0.258815 0 0.258815 -0.965927 4287.dat
1 0 -10.0053 -59.4603 -62.5635 -1 0 0 0 0.965927 0.258815 0 0.258815 -0.965927 4287.dat
0 STEP
1 0 -0.0092 -69.8137 -23.9235 -1 0 0.00015 0 0.965927 0.258815 0 0.258815 -0.965927 85984.dat
1 0 0 -77.5041 -57.0423 1 0 0 0 0.965927 -0.258815 0 0.258815 0.965927 3068b.dat
0 STEP
1 0 32.0003 -16.922 -82.2232 0 -1 0 -0.258917 0 -0.9659 0.9659 0 -0.258917 51739.dat
1 0 -31.9992 -16.9167 -82.2314 0 1 0 0.258815 0 -0.965927 -0.965927 0 -0.258815 51739.dat
0 STEP
1 0 23.9997 -45.8991 -89.9897 0 -1 0 0.258866 0 0.965913 -0.965913 0 0.258866 85984.dat
1 0 40.0003 -16.9223 -82.2227 0 -1 0 0.258866 0 0.965913 -0.965913 0 0.258866 3068b.dat
1 0 -24.0014 -45.8947 -89.9974 0 1 0 -0.258866 0 0.965913 0.965913 0 0.258866 85984.dat
1 0 -39.9992 -16.9161 -82.2314 0 1 0 -0.258866 0 0.965913 0.965913 0 0.258866 3068b.dat
0 STEP
1 0 0 20 -340 1 0 0 0 1 0 0 0 1 02-shin.ldr
0 NOFILE
0 FILE 04-02-foreleg.ldr
0 
0 Name: 04-02-foreleg.ldr
0 Author: Nathanel Titane // nathanel.titane@gmail.com // All Rights Reserved
1 72 0 24 10 0 0 -1 0 1 0 1 0 0 3020.dat
1 72 -10 24 0 1 0 0 0 1 0 0 0 1 13547.dat
1 72 10 24 0 1 0 0 0 1 0 0 0 1 13547.dat
1 71 0 40 0 1 0 0 0 1 0 0 0 1 3023.dat
0 STEP
1 71 0 24 60 1 0 0 0 1 0 0 0 1 3023.dat
1 72 -10 32 20 -1 0 0 0 1 0 0 0 -1 4287.dat
1 72 10 32 20 -1 0 0 0 1 0 0 0 -1 4287.dat
1 72 -10 48 0 1 0 0 0 1 0 0 0 1 3024.dat
1 72 10 48 0 1 0 0 0 1 0 0 0 1 3024.dat
0 STEP
1 72 0 0 50 0 0 -1 0 1 0 1 0 0 48170.dat
1 72 0 0 0 0 0 -1 0 1 0 1 0 0 3002.dat
1 72 0 0 -40 -1 0 0 0 1 0 0 0 -1 32064.dat
1 72 0 0 -60 -1 0 0 0 1 0 0 0 -1 32064.dat
0 STEP
1 72 0 -24 0 -1 0 0 0 1 0 0 0 -1 30363.dat
1 72 0 -24 -20 1 0 0 0 1 0 0 0 1 3298.dat
1 72 -10 -24 -10 0 0 1 0 1 0 -1 0 0 85984.dat
1 72 10 -24 -10 0 0 -1 0 1 0 1 0 0 85984.dat
0 STEP
1 0 0 10 -90 0 -1 0 0 0 -1 1 0 0 32174.dat
1 0 0 10 -60 0 0 -1 0 1 0 1 0 0 4519.dat
0 STEP
1 72 0 -20 -120 -1 0 0 0 1 0 0 0 -1 85943.dat
1 0 0 -10 -90 1 0 0 0 0 -1 0 1 0 32062.dat
1 0 0 -10 -130 0 0 -1 0 1 0 1 0 0 2780.dat
0 STEP
1 72 0 -20 -140 1 0 0 0 1 0 0 0 1 3700.dat
1 72 0 4 -130 1 0 0 0 1 0 0 0 1 11203.dat
0 STEP
1 0 -10 -28 -130 1 0 0 0 1 0 0 0 1 92946.dat
1 0 10 -28 -130 1 0 0 0 1 0 0 0 1 92946.dat
1 72 -10 -36 -120 0 0 1 0 1 0 -1 0 0 2555.dat
1 72 10 -36 -120 0 0 1 0 1 0 -1 0 0 2555.dat
0 STEP
1 71 10 -51.6961 -91.5402 0 0 1 0.258815 0.965927 0 -0.965927 0.258815 0 60478.dat
1 71 -10 -51.6962 -91.5401 0 0 1 0.258815 0.965927 0 -0.965927 0.258815 0 60478.dat
1 72 10.0002 -43.9687 -89.4694 0 0 -1 -0.258815 0.965927 0 0.965927 0.258815 0 99780.dat
1 72 10.0001 -36.2413 -87.3989 0 0 -1 -0.258815 0.965927 0 0.965927 0.258815 0 44728.dat
1 72 -9.9998 -43.9682 -89.4718 0 0 1 0.258815 0.965927 0 -0.965927 0.258815 0 99780.dat
1 72 -9.9999 -36.2408 -87.4013 0 0 1 0.258815 0.965927 0 -0.965927 0.258815 0 44728.dat
0 STEP
1 0 -0.0027 -67.1881 -64.6326 0 0 -1 -0.258815 0.965927 0 0.965927 0.258815 0 3021.dat
1 0 0 -51.6966 -91.5383 1 0 0 0 0.965927 -0.258815 0 0.258815 0.965927 15068.dat
0 STEP
1 0 9.9947 -59.4602 -62.5637 -1 0 0 0 0.965927 0.258815 0 0.258815 -0.965927 4287.dat
1 0 -10.0053 -59.4603 -62.5635 -1 0 0 0 0.965927 0.258815 0 0.258815 -0.965927 4287.dat
0 STEP
1 0 -0.0092 -69.8137 -23.9235 -1 0 0.00015 0 0.965927 0.258815 0 0.258815 -0.965927 85984.dat
1 0 0 -77.5041 -57.0423 1 0 0 0 0.965927 -0.258815 0 0.258815 0.965927 3068b.dat
0 STEP
1 0 32.0003 -16.922 -82.2232 0 -1 0 -0.258917 0 -0.9659 0.9659 0 -0.258917 51739.dat
1 0 -31.9992 -16.9167 -82.2314 0 1 0 0.258815 0 -0.965927 -0.965927 0 -0.258815 51739.dat
0 STEP
1 0 23.9997 -45.8991 -89.9897 0 -1 0 0.258866 0 0.965913 -0.965913 0 0.258866 85984.dat
1 0 40.0003 -16.9223 -82.2227 0 -1 0 0.258866 0 0.965913 -0.965913 0 0.258866 3068b.dat
1 0 -24.0014 -45.8947 -89.9974 0 1 0 -0.258866 0 0.965913 0.965913 0 0.258866 85984.dat
1 0 -39.9992 -16.9161 -82.2314 0 1 0 -0.258866 0 0.965913 0.965913 0 0.258866 3068b.dat
0 STEP
1 0 0 20 -340 1 0 0 0 1 0 0 0 1 02-shin.ldr
0 NOFILE
0 FILE 05-waist.ldr
0 
0 Name: 05-waist.ldr
0 Author: Nathanel Titane // nathanel.titane@gmail.com // All Rights Reserved
1 71 0 56 59.9984 -1 0 0 0 1 0 0 0 -1 6134.dat
0 STEP
1 0 10 32 50 0 0 1 0 1 0 -1 0 0 32000.dat
1 0 -10 32 50 0 0 1 0 1 0 -1 0 0 32000.dat
1 0 20 42 59.9995 -1 0 0 0 1 0 0 0 -1 2780.dat
1 0 -20 42 59.9995 -1 0 0 0 1 0 0 0 -1 2780.dat
0 STEP
1 0 -10 32 20 1 0 0 0 1 0 0 0 1 3665.dat
1 0 10 32 20 1 0 0 0 1 0 0 0 1 3665.dat
1 0 0 24 30 0 0 1 0 1 0 -1 0 0 3020.dat
0 STEP
1 71 -0.0001 60.9998 68.6602 1 0 0 0 0.500015 0.866017 0 -0.866017 0.500015 3937.dat
1 71 0.0002 73.0002 47.8758 -1 0 0 -0.00015 0.500015 -0.866017 0 -0.866017 -0.500015 3004.dat
0 STEP
1 0 -20.0004 95.0003 9.7707 0 1 0 -0.866017 0 -0.500015 -0.500015 0 0.866017 4595.dat
1 0 20.0019 95.0021 9.7724 0 -1 0 0.866017 0 -0.500015 0.500015 0 0.866017 4595.dat
1 0 44.0027 105.0045 -7.5457 0 -1 0 0.500038 0 0.866004 -0.866004 0 0.500038 3010.dat
1 0 68.0031 110.0059 -16.2041 0 -1 0 -0.86599 0 0.500061 -0.500061 0 -0.86599 4286.dat
1 0 -44.0007 104.9949 -7.5526 0 1 0 0.499993 0.00014 -0.86603 -0.86603 0 -0.499993 3010.dat
1 0 -68.0008 109.9922 -16.214 0 1 0 0.866043 0.00014 0.499969 0.499969 0 -0.866043 4286.dat
0 STEP
1 0 68.0035 115.0067 -24.8638 0 -1 0 -0.500084 0 -0.865977 0.865977 0 -0.500084 85984.dat
1 0 -68.0009 114.9916 -24.8746 0 1 0 0.499901 0.00014 -0.866083 -0.866083 0 -0.499901 85984.dat
0 STEP
1 0 -20.0014 134.9979 -59.5127 0 1 0 0.499993 0.00014 -0.86603 -0.86603 0 -0.499993 3710.dat
1 0 -44.0013 129.9943 -50.8542 0 1 0 -0.866017 0.00014 -0.500015 -0.500015 0 0.866017 4286.dat
1 0 -68.001 119.9907 -33.5354 0 1 0 -0.866017 0.00014 -0.500015 -0.500015 0 0.866017 3040.dat
0 STEP
1 0 20.005 135.0052 -59.5079 0 -1 0 0.500038 0 0.866004 -0.866004 0 0.500038 3710.dat
1 0 12.005 135.0046 -59.5086 0 -1 0 0.500038 0 0.866004 -0.866004 0 0.500038 3010.dat
1 0 44.0046 130.0067 -50.8458 0 -1 0 0.866017 0 -0.500015 0.500015 0 0.866017 4286.dat
1 0 68.0039 120.008 -33.5234 0 -1 0 0.866017 0 -0.500015 0.500015 0 0.866017 3040.dat
0 STEP
1 0 0.0098 89.4112 -16.55 0 0 1 0.499993 0.86603 0 -0.86603 0.499993 0 87079.dat
0 STEP
1 72 -20.0097 125.5889 -7.207 -1 0 0 0 -0.866004 -0.500038 0 -0.500038 0.866004 43723.dat
1 72 19.9903 125.5933 -7.2087 -1 0 0 0 -0.866004 -0.500038 0 -0.500038 0.866004 43722.dat
0 STEP
1 0 -0.0109 126.3736 39.4334 -1 0 0 0 -0.866004 -0.500038 0 -0.500038 0.866004 6069.dat
1 72 -0.006 105.5896 27.4323 -1 0 0 0 -0.866004 -0.500038 0 -0.500038 0.866004 3710.dat
0 STEP
1 72 -0.0032 90.5885 53.4124 -1 0 0 0 -0.866004 -0.500038 0 -0.500038 0.866004 3795.dat
1 0 9.995 111.3738 65.4127 0 0 -1 0.500038 -0.866004 0 -0.866004 -0.500038 0 3298.dat
1 0 -10.005 111.3708 65.4149 0 0 1 -0.500038 -0.866004 0 0.866004 -0.500038 -0.00011 3298.dat
0 STEP
1 71 -50.0026 83.6539 49.4158 0 0 1 -0.500038 -0.866004 0 0.866004 -0.500038 -0.00011 6134.dat
1 0 -41.3426 79.3294 46.9163 0.00021 -0.865979 0.50008 -0.499978 -0.43318 -0.749918 0.866038 -0.249872 -0.433062 3937.dat
1 0 -62.1286 73.9335 32.2593 0.50008 -0.865979 -0.00025 -0.749878 -0.43318 0.500038 -0.43313 -0.249872 -0.866004 3665.dat
1 71 49.9974 83.669 49.4048 0 0 -1 0.500038 -0.866004 0 -0.866004 -0.500038 0 6134.dat
1 0 41.3393 79.3349 46.9047 0 0.866054 -0.49995 0.500057 -0.43285 -0.750056 -0.865992 -0.250181 -0.432974 3937.dat
1 0 62.1222 73.9469 32.2403 0.49995 0.866054 -0.00025 0.750069 -0.43285 0.500038 0.432951 -0.250181 -0.866004 3665.dat
0 STEP
1 72 -0.0096 128.3012 52.0938 -1 0 0 0 -0.866004 -0.500038 0 -0.500038 0.866004 3022.dat
1 0 -0.004 111.3724 65.4136 1 0 -0.00025 0.00019 -0.866004 0.500038 0 -0.500038 -0.866004 15068.dat
1 0 -0.0127 140.2296 47.434 1 0 -0.00025 0.00019 -0.866004 0.500038 0 -0.500038 -0.866004 3794b.dat
0 STEP
1 0 0 42 40 -1 0 0 0 1 0 0 0 -1 3706.dat
1 0 -29.9995 42.0011 39.9995 0 -1 0 1 0 0 0 0 1 60483.dat
1 0 30 42.0011 39.9995 0 -1 0 1 0 0 0 0 1 60483.dat
0 STEP
1 0 0 0 60 1 0 0 0 1 0 0 0 1 3700.dat
1 0 0 0 30 -1 0 0 0 1 0 0 0 -1 48172.dat
1 0 0 0 0 1 0 0 0 1 0 0 0 1 32000.dat
0 STEP
1 0 0 10 60 0 0 1 0 1 0 -1 0 0 6558.dat
1 72 -10 10 -10 1 0 0 0 0 1 0 -1 0 4073.dat
1 72 10 10 -10 1 0 0 0 0 1 0 -1 0 4073.dat
0 STEP
1 0 -60 10 30 1 0 0 0 1 0 0 0 1 47455.dat
1 0 60 10 30 -1 0 0 0 1 0 0 0 -1 47455.dat
0 STEP
1 0 0 -8 30 0 0 1 0 1 0 -1 0 0 3020.dat
1 0 -10 -32 50 0 0 1 0 1 0 -1 0 0 32000.dat
1 0 10 -32 50 0 0 1 0 1 0 -1 0 0 32000.dat
1 0 -20 -22 59.9995 -1 0 0 0 1 0 0 0 -1 2780.dat
1 0 20 -22 59.9995 -1 0 0 0 1 0 0 0 -1 2780.dat
0 STEP
1 0 0 -22 40 -1 0 0 0 1 0 0 0 -1 3706.dat
1 0 30 -21.9989 39.9995 0 -1 0 1 0 0 0 0 1 60483.dat
1 0 -29.9995 -21.9989 39.9995 0 -1 0 1 0 0 0 0 1 60483.dat
0 STEP
1 0 -49.9995 42.0011 39.9995 1 0 0 0 0 -1 0 1 0 6536.dat
1 1 -49.9995 32.0011 59.9995 0 0 -1 -1 0 0 0 1 0 43093.dat
1 0 -49.9995 10.0011 59.9995 0 0 1 1 0 0 0 1 0 32174.dat
1 1 -49.9995 -11.9989 59.9995 0 0 -1 1 0 0 0 -1 0 43093.dat
1 0 -49.9995 -21.9989 39.9995 1 0 0 0 0 -1 0 1 0 6536.dat
0 STEP
1 0 50 42.0011 39.9995 1 0 0 0 0 -1 0 1 0 6536.dat
1 1 50 32.0011 59.9995 0 0 -1 -1 0 0 0 1 0 43093.dat
1 0 50 10.0011 59.9995 0 0 -1 -1 0 0 0 1 0 32174.dat
1 1 50 -11.9989 59.9995 0 0 -1 1 0 0 0 -1 0 43093.dat
1 0 50 -21.9989 39.9995 1 0 0 0 0 -1 0 1 0 6536.dat
0 STEP
1 0 0 -32 20 1 0 0 0 1 0 0 0 1 3039.dat
1 0 10 -56 50 0 0 -1 0 1 0 1 0 0 3700.dat
1 0 -10 -56 50 0 0 -1 0 1 0 1 0 0 3700.dat
1 0 0 -56 20 1 0 0 0 1 0 0 0 1 32000.dat
0 STEP
1 0 -20 -46 49.9984 1 0 0 0 1 0 0 0 1 6628.dat
1 0 20 -46 49.9984 -1 0 0 0 1 0 0 0 -1 6628.dat
0 STEP
1 72 0 -45.9997 10 -1 0 0 0 0 -1 0 -1 0 3039.dat
1 72 0 -35.9991 -13.9997 -1 0 0 0 0 -1 0 -1 0 3003.dat
1 72 -10 -45.999 -38 -1 0 0 0 0 -1 0 -1 0 3665.dat
1 72 10 -45.999 -38 -1 0 0 0 0 -1 0 -1 0 3665.dat
0 STEP
1 72 -10 -64 50 0 0 1 0 1 0 -1 0 0 99780.dat
1 72 10 -64 50 0 0 -1 0 1 0 1 0 0 99780.dat
0 STEP
1 0 0 -88 50.0003 -1 0 0 0 1 0 0 0 -1 3003.dat
1 0 0 -112 40 -1 0 0 0 1 0 0 0 -1 3039.dat
1 4 0 -112 40.0005 -1 0 0 0 1 0 0 0 -1 85984.dat
0 STEP
1 4 -10 -88 10 0 0 1 0 1 0 -1 0 0 99207.dat
1 71 -10.0011 -88 10 0 0 1 0 1 0 -1 0 0 85984.dat
1 71 9.9989 -88 10 0 0 -1 0 1 0 1 0 0 85984.dat
1 0 0.0008 -80 -0.0003 0 0 1 0 1 0 -1 0 0 3002.dat
1 0 -23.9997 -100.001 20.0003 0 1 0 1 0 0 0 0 -1 85984.dat
1 0 -23.9997 -100.001 0.0003 0 1 0 -1 0 0 0 0 1 85984.dat
1 4 10 -88 10.0011 0 0 -1 0 1 0 1 0 0 99207.dat
1 0 23.9997 -100.001 0.0027 0 -1 0 1 0 0 0 0 1 85984.dat
1 0 23.9997 -100.001 20.0027 0 -1 0 -1 0 0 0 0 -1 85984.dat
0 STEP
1 0 0 -104 -20 1 0 0 0 1 0 0 0 1 3298.dat
1 4 0 -104 -19.9989 1 0 0 0 1 0 0 0 1 85984.dat
1 0 0.0005 -80 -40 1 0 0 0 1 0 0 0 1 3660.dat
0 STEP
1 0 -83.294 0 -56.933 0.965926 0 0.258819 0 1 0 -0.258819 0 0.965926 04-01-foreleg.ldr
0 STEP
1 0 83.294 0 -56.933 0.965926 0 -0.258819 0 1 0 0.258819 0 0.965926 04-02-foreleg.ldr
0 STEP
1 0 -86.7299 10.0007 74.8351 0.965934 -0.25879 0 0.0001 0 1 -0.25879 -0.965934 0 06-01-side-skirt.ldr
0 STEP
1 0 86.7318 10.0007 74.8352 -0.965934 0.25879 0 0 0 -1 -0.25879 -0.965934 0 06-02-side-skirt.ldr
0 STEP
1 0 -50 -50 49.9984 1 0 0 0 1 0 0 0 1 07-01-front-skirt.ldr
0 STEP
1 0 50 -50 49.9984 1 0 0 0 1 0 0 0 1 07-02-front-skirt.ldr
0 NOFILE
0 FILE 06-01-side-skirt.ldr
0 
0 Name: 06-01-side-skirt.ldr
0 Author: Nathanel Titane // nathanel.titane@gmail.com // All Rights Reserved
1 0 0 0 0 0 0 1 0 1 0 -1 0 0 32064.dat
1 0 0 24 -10 1 0 0 0 1 0 0 0 1 2449.dat
1 0 0 24 10 -1 0 0 0 1 0 0 0 -1 2449.dat
0 STEP
1 0 0 0 30 -1 0 0 0 1 0 0 0 -1 4070.dat
1 0 0.0048 0 -30 1 0 0 0 1 0 0 0 1 4070.dat
1 0 0 -8 -20 1 0 0 0 1 0 0 0 1 92946.dat
1 0 0 -8 20 -1 0 0 0 1 0 0 0 -1 92946.dat
0 STEP
1 0 0 -32 0 0 0 1 0 1 0 -1 0 0 3039.dat
1 0 0 -32 0 0 0 -1 0 1 0 1 0 0 85984.dat
0 STEP
1 0 -20.0003 -8 -9.9995 1 0 0 0 1 0 0 0 1 3040.dat
1 0 -20.0008 -8 10.0005 -1 0 0 0 1 0 0 0 -1 3040.dat
1 0 -20 16 -10 1 0 0 0 1 0 0 0 1 2449.dat
1 0 -20 16 10 -1 0 0 0 1 0 0 0 -1 2449.dat
0 STEP
1 4 -19.9995 88 0 0 0 -1 0 1 0 1 0 0 3023.dat
1 0 0 96 -10 0 0 1 0 1 0 -1 0 0 3665.dat
1 0 0 96 10 0 0 1 0 1 0 -1 0 0 3665.dat
1 0 0.0005 120 10 1 0 0 0 1 0 0 0 1 3665.dat
0 STEP
1 0 10 10 0 -1 0 0 0 1 0 0 0 -1 32062.dat
1 0 20 10 0 0 -1 0 -1 0 0 0 0 -1 32474.dat
0 NOFILE
0 FILE 06-02-side-skirt.ldr
0 
0 Name: 06-02-side-skirt.ldr
0 Author: Nathanel Titane // nathanel.titane@gmail.com // All Rights Reserved
1 0 0 0 0 0 0 1 0 1 0 -1 0 0 32064.dat
1 0 0 24 -10 1 0 0 0 1 0 0 0 1 2449.dat
1 0 0 24 10 -1 0 0 0 1 0 0 0 -1 2449.dat
0 STEP
1 0 0 0 30 -1 0 0 0 1 0 0 0 -1 4070.dat
1 0 0.0048 0 -30 1 0 0 0 1 0 0 0 1 4070.dat
1 0 0 -8 -20 1 0 0 0 1 0 0 0 1 92946.dat
1 0 0 -8 20 -1 0 0 0 1 0 0 0 -1 92946.dat
0 STEP
1 0 0 -32 0 0 0 1 0 1 0 -1 0 0 3039.dat
1 0 0 -32 0 0 0 -1 0 1 0 1 0 0 85984.dat
0 STEP
1 0 -20.0003 -8 -9.9995 1 0 0 0 1 0 0 0 1 3040.dat
1 0 -20.0008 -8 10.0005 -1 0 0 0 1 0 0 0 -1 3040.dat
1 0 -20 16 -10 1 0 0 0 1 0 0 0 1 2449.dat
1 0 -20 16 10 -1 0 0 0 1 0 0 0 -1 2449.dat
0 STEP
1 4 -19.9995 88 0 0 0 -1 0 1 0 1 0 0 3023.dat
1 0 0 96 -10 0 0 1 0 1 0 -1 0 0 3665.dat
1 0 0 96 10 0 0 1 0 1 0 -1 0 0 3665.dat
1 0 0.0005 120 -10 -1 0 0 0 1 0 0 0 -1 3665.dat
0 STEP
1 0 10 10 0 -1 0 0 0 1 0 0 0 -1 32062.dat
1 0 20 10 0 0 -1 0 -1 0 0 0 0 -1 32474.dat
0 NOFILE
0 FILE 07-01-front-skirt.ldr
0 
0 Name: 07-01-front-skirt.ldr
0 Author: Nathanel Titane // nathanel.titane@gmail.com // All Rights Reserved
1 71 0 0 0 0 0 -1 0 1 0 1 0 0 14704.dat
1 71 0.0005 -24 0 0 0 1 0 1 0 -1 0 0 52107.dat
0 STEP
1 72 -18.0008 -14.0002 0 0 1 0 0 0 -1 -1 0 0 32028.dat
1 72 -18.0008 -14.0002 0 0 1 0 0 0 -1 -1 0 0 85984.dat
0 STEP
1 0 9.9991 -14.0031 -59.9963 0 -1 0 0 0 -1 1 0 0 3010.dat
1 0 10.0083 -14.0073 -109.9964 0 -1 0 1 0 0 0 0 1 3665.dat
1 0 17.9992 -14.0025 -59.9949 0 -1 0 0 0 -1 1 0 0 4162.dat
0 STEP
1 0 -13.9972 -14.0071 -80.0008 0 -1 0 0 0 -1 1 0 0 3710.dat
1 71 -14.0064 -14.005 -30.0007 0 -1 0 0 0 1 -1 0 0 3024.dat
0 STEP
1 0 -21.9953 -14.0073 -90.0022 0 -1 0 1 0 0 0 0 1 3665.dat
1 0 -21.999 -14.0088 -70.0022 0 -1 0 -1 0 0 0 0 -1 4287.dat
0 STEP
1 71 0 -32 0.0016 0 0 -1 0 1 0 1 0 0 32028.dat
1 0 -10.0013 -24 10 0 0 1 0 1 0 -1 0 0 11477.dat
0 STEP
1 0 0.0071 -24 -19.9979 1 0 0 0 1 0 0 0 1 29119.dat
0 NOFILE
0 FILE 07-02-front-skirt.ldr
0 
0 Name: 07-02-front-skirt.ldr
0 Author: Nathanel Titane // nathanel.titane@gmail.com // All Rights Reserved
1 71 0 0 0 0 0 1 0 1 0 -1 0 0 14704.dat
1 71 -0.0005 -24 0 0 0 -1 0 1 0 1 0 0 52107.dat
0 STEP
1 72 18.0008 -14.0002 0.0024 0 -1 0 0 0 -1 1 0 0 32028.dat
1 72 18.0008 -14.0002 0.0024 0 -1 0 0 0 -1 1 0 0 85984.dat
0 STEP
1 0 -9.9739 -13.9967 -60.0042 0 1 0 0 0 1 1 0 0 3010.dat
1 0 -17.9739 -13.996 -60.0061 0 1 0 0 0 1 1 0 0 4162.dat
1 0 -9.9621 -13.9951 -110.0042 0 1 0 -1 0 0 0 0 1 3665.dat
0 STEP
1 0 14.0308 -13.9975 -79.9985 0 1 0 0 0 1 1 0 0 3710.dat
1 72 14.019 -13.997 -29.9985 0 1 0 0 0 -1 -1 0 0 3024.dat
0 STEP
1 0 22.0332 -13.9992 -89.9966 0 1 0 -1 0 0 0 0 1 3665.dat
1 0 22.0285 -13.9966 -69.9966 0 1 0 1 0 -0.00013 -0.00013 0 -1 4287.dat
0 STEP
1 71 0 -32 0.0016 0 0 1 0 1 0 -1 0 0 32028.dat
1 0 9.9987 -24 10.0032 0 0 -1 0 1 0 1 0 0 11477.dat
0 STEP
1 0 0.0071 -24 -19.9979 1 0 0 0 1 0 0 0 1 29120.dat
0 NOFILE
0 FILE 08-torso.ldr
0 
0 Name: 08-torso.ldr
0 Author: Nathanel Titane // nathanel.titane@gmail.com // All Rights Reserved
1 72 40 48 110 1 0 0 0 1 0 0 0 1 3022.dat
1 72 -40 48 110 1 0 0 0 1 0 0 0 1 3022.dat
1 0 0 48 90 0 0 1 0 1 0 -1 0 0 3020.dat
0 STEP
1 0 0 24 110 1 0 0 0 1 0 0 0 1 3001.dat
1 0 50 24 110 0 0 -1 0 1 0 1 0 0 3660.dat
1 0 -50 24 110 0 0 1 0 1 0 -1 0 0 3660.dat
0 STEP
1 0 0 0 50 0 0 1 0 1 0 -1 0 0 6061.dat
1 72 0 0 110 1 0 0 0 1 0 0 0 1 3001.dat
1 72 -60 0 120 0 0 -1 0 1 0 1 0 0 3002.dat
1 72 60 0 120 0 0 -1 0 1 0 1 0 0 3002.dat
0 STEP
1 72 60.0003 24 140 -1 0 0 0 1 0 0 0 -1 3004.dat
1 72 -59.9997 24 139.9969 -1 0 0 0 1 0 0 0 -1 3004.dat
0 STEP
1 72 -20 20 70 0 -1 0 0 0 1 -1 0 0 3003.dat
1 72 -44 30 80 0 -1 0 0 0 1 -1 0 0 3676.dat
1 72 20 20 70 0 1 0 -1 0 0 0 0 1 3003.dat
1 72 44 30 80 0 1 0 -1 0 0 0 0 1 3676.dat
0 STEP
1 72 0 48 40 1 0 0 0 1 0 0 0 1 3747b.dat
1 72 10 24 0 0 0 -1 0 1 0 1 0 0 3665.dat
1 72 -10 24 0 0 0 1 0 1 0 -1 0 0 3665.dat
1 72 0 0 0 1 0 0 0 1 0 0 0 1 3700.dat
0 STEP
1 72 -30 32 40 1 0 0 0 1 0 0 0 1 3665.dat
1 72 -30 8 40 1 0 0 0 1 0 0 0 1 3040.dat
1 72 30 32 40 1 0 0 0 1 0 0 0 1 3665.dat
1 72 30 8 40 1 0 0 0 1 0 0 0 1 3040.dat
1 72 0 56 40 0 0 1 0 1 0 -1 0 0 32802.dat
0 STEP
1 71 -30 0 40 1 0 0 0 1 0 0 0 1 3024.dat
1 71 30 0 40 1 0 0 0 1 0 0 0 1 3024.dat
1 72 30 0 0 -1 0 0 0 1 0 0 0 -1 3665.dat
1 72 -30 0 0 -1 0 0 0 1 0 0 0 -1 3665.dat
0 STEP
1 72 -10 -24 20 0 0 1 0 1 0 -1 0 0 3038.dat
1 72 10 -24 20 0 0 -1 0 1 0 1 0 0 3038.dat
1 0 -10 -24 60 0 0 1 0 1 0 -1 0 0 3040.dat
1 0 10 -24 60 0 0 -1 0 1 0 1 0 0 3040.dat
0 STEP
1 71 -40 56 110 1 0 0 0 1 0 0 0 1 3003.dat
1 71 -30.0003 80 120.0003 0 0 1 0 1 0 -1 0 0 3665.dat
1 71 -29.9997 80 100.0003 0 0 1 0 1 0 -1 0 0 3665.dat
1 71 40 56 110 -1 0 0 0 1 0 0 0 -1 3003.dat
1 71 29.9992 80 119.9992 0 0 -1 0 1 0 1 0 0 3665.dat
1 71 30.0008 80 99.9992 0 0 -1 0 1 0 1 0 0 3665.dat
0 STEP
1 0 0.0008 -24 90.0008 -1 0 0 0 1 0 0 0 -1 3003.dat
1 0 -30.001 -24 100 1 0 0 0 1 0 0 0 1 3040.dat
1 0 29.999 -24 99.9969 1 0 0 0 1 0 0 0 1 3040.dat
0 STEP
1 71 0 -24 130 1 0 0 0 1 0 0 0 1 3003.dat
1 71 0 -32 130 1 0 0 0 1 0 0 0 1 3068b.dat
1 0 -30.0008 -24 119.9992 -1 0 0 0 1 0 0 0 -1 3005.dat
1 0 29.9992 -24 120.0023 -1 0 0 0 1 0 0 0 -1 3005.dat
0 STEP
1 71 0 24 140 -1 0 0 0 1 0 0 0 -1 3684a.dat
1 71 0 0 140 -1 0 0 0 1 0 0 0 -1 11211.dat
1 71 0 10 164 0 0 -1 -1 0 0 0 1 0 4697b.dat
1 71 10 9.9997 158 0 0 1 -1 0 0 0 -1 0 2555.dat
1 71 -10 9.9997 158 0 0 1 -1 0 0 0 -1 0 2555.dat
0 STEP
1 0 0 80 150 0 0 1 0 1 0 -1 0 0 4871.dat
1 72 30 72 150 0 0 -1 0 1 0 1 0 0 3023.dat
1 72 -30 72 150 0 0 -1 0 1 0 1 0 0 3023.dat
0 STEP
1 72 -29.9997 48 140 0 0 -1 0 1 0 1 0 0 2357.dat
1 72 30 48 140 1 0 0 0 1 0 0 0 1 2357.dat
1 72 -30 -24 140 -1 0 0 0 1 0 0 0 -1 4460b.dat
1 72 30 -24 140 -1 0 0 0 1 0 0 0 -1 4460b.dat
0 STEP
1 0 -50 -24 100 0 0 1 0 1 0 -1 0 0 3040.dat
1 0 50 -24 99.9969 0 0 -1 0 1 0 1 0 0 3040.dat
0 STEP
1 0 40 -48 99.9979 -1 0 0 0 1 0 0 0 -1 4865b.dat
1 0 -40 -48 99.9979 -1 0 0 0 1 0 0 0 -1 4865b.dat
0 STEP
1 0 59.9995 0 159.9997 -1 0 0 0 1 0 0 0 -1 3684a.dat
1 0 -60.0005 0 160.0003 -1 0 0 0 1 0 0 0 -1 3684a.dat
1 0 -50 -24 140 -1 0 0 0 1 0 0 0 -1 3040.dat
1 0 50 -24 140.001 -1 0 0 0 1 0 0 0 -1 3040.dat
0 STEP
1 0 40 -48 139.9979 1 0 0 0 1 0 0 0 1 4865b.dat
1 0 -40 -48 139.9979 1 0 0 0 1 0 0 0 1 4865b.dat
0 STEP
1 0 69.9997 -24 150.0016 0 0 -1 0 1 0 1 0 0 3039.dat
1 0 -70.0003 -24 149.9915 0 0 1 0 1 0 -1 0 0 3039.dat
0 STEP
1 0 -30 -72 119.9968 1 0 0 0 1 0 0 0 1 47905.dat
1 0 30 -72 120 1 0 0 0 1 0 0 0 1 47905.dat
1 0 29.9992 -48 120.0023 -1 0 0 0 1 0 0 0 -1 3005.dat
1 0 -30.0008 -48 119.9992 -1 0 0 0 1 0 0 0 -1 3005.dat
0 STEP
1 72 30.0051 -42.0005 101.9998 1 0 0 0 0 -1 0 1 0 2420.dat
1 4 30.0028 -42.0007 93.9998 -1 0 0 0 0 1 0 1 0 3070b.dat
1 4 30.0011 -72.0003 110.0006 -1 0 0 0 0 1 0 1 0 11477.dat
