0 FILE 00-instructions.ldr
0 Name: 00-instructions.ldr
0 Author: Nathanel Titane // nathanel.titane@gmail.com // All Rights Reserved
0
0 // LPUB[3D] FRONT COVER PAGE /////////////////////////////////////////////////
0
0 !LPUB PAGE DOCUMENT_TITLE_FRONT COLOR "#666666"
0 !LPUB PAGE DOCUMENT_TITLE_FRONT CONTENT GLOBAL "MODEL // GAT-X102 DUEL"
0 !LPUB PAGE DOCUMENT_TITLE_FRONT DISPLAY GLOBAL TRUE
0 !LPUB PAGE DOCUMENT_TITLE_FRONT FONT "Noto Sans,72,-1,0,75,0,0,0,0,0,Bold"
0 !LPUB PAGE DOCUMENT_TITLE_FRONT MARGINS 0.2500 0.1000
0 !LPUB PAGE DOCUMENT_TITLE_FRONT PLACEMENT GLOBAL TOP_LEFT PAGE INSIDE OFFSET 0.0000 0.0000

0 !LPUB PAGE DOCUMENT_AUTHOR_FRONT CONTENT GLOBAL "MODEL DESIGN AND INSTRUCTIONS // NATHANEL TITANE"
0 !LPUB PAGE DOCUMENT_AUTHOR_FRONT COLOR "#666666"
0 !LPUB PAGE DOCUMENT_AUTHOR_FRONT DISPLAY GLOBAL TRUE
0 !LPUB PAGE DOCUMENT_AUTHOR_FRONT FONT "Noto Sans,18,-1,0,75,0,0,0,0,0,Bold"
0 !LPUB PAGE DOCUMENT_AUTHOR_FRONT MARGINS 0.3000 1.0000
0 !LPUB PAGE DOCUMENT_AUTHOR_FRONT PLACEMENT TOP_LEFT PAGE INSIDE OFFSET 0.0000 0.0000

0 !LPUB PAGE MODEL_PARTS COLOR "#666666"
0 !LPUB PAGE MODEL_PARTS CONTENT GLOBAL "1061 PIECES"
0 !LPUB PAGE MODEL_PARTS DISPLAY GLOBAL TRUE
0 !LPUB PAGE MODEL_PARTS FONT "Noto Sans,72,-1,0,75,0,0,0,0,0,Bold"
0 !LPUB PAGE MODEL_PARTS MARGINS 0.2500 0.1000
0 !LPUB PAGE MODEL_PARTS PLACEMENT GLOBAL BOTTOM_LEFT PAGE INSIDE OFFSET 0.0000 0.0000

0 !LPUB PAGE PUBLISH_DESCRIPTION COLOR "#666666"
0 !LPUB PAGE PUBLISH_DESCRIPTION CONTENT GLOBAL "LEGO // LINUX - Where Lego and Linux Meet"
0 !LPUB PAGE PUBLISH_DESCRIPTION DISPLAY GLOBAL TRUE
0 !LPUB PAGE PUBLISH_DESCRIPTION FONT "Noto Sans,36,-1,0,75,0,0,0,0,0,Bold"
0 !LPUB PAGE PUBLISH_DESCRIPTION MARGINS 0.2000 0.2000
0 !LPUB PAGE PUBLISH_DESCRIPTION PLACEMENT GLOBAL BOTTOM_RIGHT PAGE INSIDE OFFSET 0.0000 0.0000
0
0 // LPUB[3D] BACK COVER PAGE //////////////////////////////////////////////////
0
0 // LPUB[3D] DOCUMENT DISCLAIMER
0 !LPUB PAGE LEGO_DISCLAIMER COLOR "#666666"
0 !LPUB PAGE LEGO_DISCLAIMER CONTENT GLOBAL "LEGO® // REGISTERED TRADEMARK OF THE LEGO GROUP"
0 !LPUB PAGE LEGO_DISCLAIMER DISPLAY GLOBAL TRUE
0 !LPUB PAGE LEGO_DISCLAIMER FONT "Noto Sans,36,-1,0,75,0,0,0,0,0,Bold"
0 !LPUB PAGE LEGO_DISCLAIMER PLACEMENT GLOBAL CENTER PAGE INSIDE OFFSET 0.0000 -0.2500
0
0 // LPUB[3D] PAGE DOCUMENT AUTHOR
0 !LPUB PAGE DOCUMENT_AUTHOR_BACK COLOR "#666666"
0 !LPUB PAGE DOCUMENT_AUTHOR_BACK CONTENT GLOBAL "MODEL DESIGN AND INSTRUCTIONS // NATHANEL TITANE"
0 !LPUB PAGE DOCUMENT_AUTHOR_BACK DISPLAY GLOBAL TRUE
0 !LPUB PAGE DOCUMENT_AUTHOR_BACK FONT "Noto Sans,36,-1,0,75,0,0,0,0,0,Bold"
0 !LPUB PAGE DOCUMENT_AUTHOR_BACK PLACEMENT CENTER PAGE INSIDE OFFSET 0.0000 -0.2000
0
0 // LPUB[3D] PAGE PUBLICATION COPYRIGHT
0 !LPUB PAGE PUBLISH_COPYRIGHT_BACK COLOR "#666666"
0 !LPUB PAGE PUBLISH_COPYRIGHT_BACK CONTENT GLOBAL "COPYRIGHT // ALL RIGHTS RESERVED"
0 !LPUB PAGE PUBLISH_COPYRIGHT_BACK DISPLAY GLOBAL TRUE
0 !LPUB PAGE PUBLISH_COPYRIGHT_BACK FONT "Noto Sans,36,-1,0,75,0,0,0,0,0,Bold"
0 !LPUB PAGE PUBLISH_COPYRIGHT_BACK PLACEMENT GLOBAL CENTER PAGE INSIDE OFFSET 0.0000 -0.1500
0
0 // LPUB[3D] PAGE PUBLICATION EMAIL
0 !LPUB PAGE PUBLISH_EMAIL_BACK COLOR "#666666"
0 !LPUB PAGE PUBLISH_EMAIL_BACK CONTENT GLOBAL "CONTACT // NATHANEL.TITANE@GMAIL.COM // INFO@LEGOLINUX.COM"
0 !LPUB PAGE PUBLISH_EMAIL_BACK DISPLAY GLOBAL TRUE
0 !LPUB PAGE PUBLISH_EMAIL_BACK FONT "Noto Sans,18,-1,0,75,0,0,0,0,0,Bold"
0 !LPUB PAGE PUBLISH_EMAIL_BACK PLACEMENT GLOBAL CENTER PAGE INSIDE OFFSET 0.0000 -0.0500
0
0 // LPUB[3D] PAGE PUBLICATION URL
0 !LPUB PAGE PUBLISH_URL_BACK COLOR "#666666"
0 !LPUB PAGE PUBLISH_URL_BACK CONTENT GLOBAL "WEB // HTTPS://LEGOLINUX.COM/MODELS/MOBILE-SUITS/GAT-X102-DUEL"
0 !LPUB PAGE PUBLISH_URL_BACK DISPLAY GLOBAL TRUE
0 !LPUB PAGE PUBLISH_URL_BACK FONT "Noto Sans,18,-1,0,75,0,0,0,0,0,Bold"
0 !LPUB PAGE PUBLISH_URL_BACK PLACEMENT GLOBAL CENTER PAGE INSIDE OFFSET 0.0000 -0.0250
0
0 // LPUB[3D] PAGE LOGO
0 !LPUB PAGE DOCUMENT_LOGO_BACK DISPLAY GLOBAL TRUE
0 !LPUB PAGE DOCUMENT_LOGO_BACK FILE GLOBAL "/media/internal/Lego/lpub3d/instructions/logo.png"
0 !LPUB PAGE DOCUMENT_LOGO_BACK PLACEMENT CENTER PAGE INSIDE OFFSET 0.0000 0.45000
0 !LPUB PAGE DOCUMENT_LOGO_BACK SCALE GLOBAL  1.0000
0
0 // LPUB[3D] CONFIGURATION ////////////////////////////////////////////////////
0
0 // LPUB[3D] PAGE WATERMARK
0 !LPUB PAGE PUBLISH_EMAIL CONTENT GLOBAL "CONTACT // NATHANEL.TITANE@GMAIL.COM // INFO@LEGOLINUX.COM"
0 !LPUB PAGE PUBLISH_EMAIL COLOR "#666666"
0 !LPUB PAGE PUBLISH_EMAIL DISPLAY GLOBAL TRUE
0 !LPUB PAGE PUBLISH_EMAIL FONT "Noto Sans,18,-1,0,75,0,0,0,0,0,Bold"
0 !LPUB PAGE PUBLISH_EMAIL MARGINS 0.0000 0.1500
0 !LPUB PAGE PUBLISH_EMAIL PLACEMENT GLOBAL BOTTOM PAGE INSIDE OFFSET 0.0000 0.0000
0 !LPUB PAGE DOCUMENT_AUTHOR CONTENT GLOBAL "MODEL DESIGN AND INSTRUCTIONS // NATHANEL TITANE"
0 !LPUB PAGE DOCUMENT_AUTHOR COLOR "#666666"
0 !LPUB PAGE DOCUMENT_AUTHOR DISPLAY GLOBAL TRUE
0 !LPUB PAGE DOCUMENT_AUTHOR FONT "Noto Sans,18,-1,0,75,0,0,0,0,0,Bold"
0 !LPUB PAGE DOCUMENT_AUTHOR MARGINS 0.0000 0.2000
0 !LPUB PAGE DOCUMENT_AUTHOR PLACEMENT GLOBAL TOP PAGE INSIDE OFFSET 0.0000 0.0000
0
0 // LPUB[3D] STEPS HIGHLIGHT
0 !LPUB HIGHLIGHT_STEP ENABLED GLOBAL TRUE
0 !LPUB HIGHLIGHT_STEP COLOR GLOBAL "#7137C8"
0
0 // LPUB[3D] STEP FADE
0 !LPUB FADE_STEP OPACITY GLOBAL "50"
0 !LPUB FADE_STEP COLOR GLOBAL "Trans_Black"
0 !LPUB FADE_STEP ENABLED GLOBAL TRUE
0 !LPUB FINAL_MODEL_ENABLED GLOBAL TRUE
0
0 // LPUB[3D] SUBMODEL PREVIEW
0 !LPUB SUBMODEL_DISPLAY SHOW GLOBAL TRUE
0 !LPUB SUBMODEL_DISPLAY BACKGROUND COLOR "#DDDDDD"
0 !LPUB SUBMODEL_DISPLAY MARGINS 0.1500 0.7500
0 !LPUB SUBMODEL_DISPLAY BORDER SQUARE 0 Black 0.031 MARGINS 0.050 0.050
0 !LPUB SUBMODEL_DISPLAY PLACEMENT GLOBAL LEFT PAGE INSIDE
0 !LPUB SUBMODEL_DISPLAY CAMERA_ANGLES 30.0000 45.0000
0
0 // LPUB[3D] ASSEMBLIES
0 !LPUB ASSEM CAMERA_ANGLES 30.0000 45.0000
0 !LPUB ASSEM MARGINS 0.5000 0.5000
0 !LPUB ASSEM MODEL_SCALE 1.0000
0 !LPUB ASSEM PLACEMENT CENTER PAGE INSIDE OFFSET 0.0000 0.0000
0
0 // LPUB[3D] BILL OF MATERIALS
0 !LPUB BOM BACKGROUND COLOR "#DDDDDD"
0 !LPUB BOM BORDER SQUARE 0 #666666 0.025 MARGINS 0.050 0.050
0 !LPUB BOM CONSTRAIN HEIGHT 13.0000
0 !LPUB BOM CONSTRAIN SQUARE
0 !LPUB BOM PLACEMENT CENTER PAGE INSIDE OFFSET 0.0000 0.0000
0
0 // LPUB[3D] CALLOUTS
0 !LPUB CALLOUT BORDER SQUARE 0 #666666 0.025 MARGINS 0.050 0.050
0 !LPUB CALLOUT MARGINS 0.1250 0.1250
0 !LPUB CALLOUT PLACEMENT RIGHT PAGE INSIDE OFFSET 0.0000 0.0000
0
0 // LPUB[3D] PAGE
0 !LPUB PAGE DOCUMENT_COVER_IMAGE DISPLAY GLOBAL TRUE
0 !LPUB PAGE DOCUMENT_COVER_IMAGE FILE GLOBAL "../renders/flat/flat.png"
0 !LPUB PAGE DOCUMENT_COVER_IMAGE FILL GLOBAL ASPECT
0 !LPUB PAGE DOCUMENT_COVER_IMAGE MARGINS GLOBAL 0.0000 0.0000
0 !LPUB PAGE DOCUMENT_COVER_IMAGE PLACEMENT GLOBAL CENTER PAGE INSIDE OFFSET 0.0000 0.0000
0 !LPUB PAGE DOCUMENT_COVER_IMAGE SCALE GLOBAL 1.0000
0
0 // LPUB[3D] PAGE NUMBER
0 !LPUB PAGE NUMBER FONT "Noto Sans,36,-1,0,75,0,0,0,0,0,Bold"
0 !LPUB PAGE NUMBER FONT_COLOR "#666666"
0 !LPUB PAGE NUMBER MARGINS 0.1250 0.1250
0 !LPUB PAGE NUMBER PLACEMENT BOTTOM_RIGHT PAGE INSIDE OFFSET 0.0000 0.0000
0
0 // LPUB[3D] PAGE SETUP
0 !LPUB PAGE BORDER GLOBAL NONE 0 MARGINS 0.000 0.000
0 !LPUB PAGE ENABLE_TEXT_PLACEMENT GLOBAL CENTER PAGE INSIDE OFFSET 0.0000 0.0000
0 !LPUB PAGE TEXT_PLACEMENT GLOBAL TRUE
0 !LPUB PAGE PAGE_FOOTER SIZE GLOBAL 32.0000 0.5000
0 !LPUB PAGE PAGE_HEADER SIZE GLOBAL 32.0000 0.5000
0 !LPUB PAGE MARGINS GLOBAL 0.0000 0.0000
0 !LPUB PAGE ORIENTATION GLOBAL LANDSCAPE
0 !LPUB PAGE SIZE GLOBAL 16.0000 32.0000
0
0 // LPUB[3D] PAGE COLORS
0 !LPUB PAGE SUBMODEL_BACKGROUND_COLOR GLOBAL "#DDDDDD" "#FFE680" "#FFAAAA" "#C6AFE9"
0
0 // LPUB[3D] SUBMODELS
0 !LPUB PAGE SUBMODEL_INSTANCE_COUNT FONT_COLOR "#FF5555"
0 !LPUB PAGE SUBMODEL_INSTANCE_COUNT FONT "Noto Sans,72,-1,0,75,0,0,0,0,0,Bold"
0 !LPUB PAGE SUBMODEL_INSTANCE_COUNT MARGINS 0.0000 0.1250
0 !LPUB PAGE SUBMODEL_INSTANCE_COUNT PLACEMENT BOTTOM_RIGHT PAGE INSIDE OFFSET 0.0000 -0.0500
0
0 // LPUB[3D] PARTS LIST
0 !LPUB PLI BACKGROUND COLOR "#DDDDDD"
0 !LPUB PLI BORDER SQUARE 0 #666666 0.025 MARGINS 0.0500 0.050
0 !LPUB PLI CAMERA_ANGLES 30.0000 45.0000
0 !LPUB PLI CONSTRAIN HEIGHT 5.0000
0 !LPUB PLI MODEL_SCALE  1.0000
0 !LPUB PLI MARGINS 0.1500 0.7500
0 !LPUB PLI PLACEMENT TOP_RIGHT PAGE INSIDE OFFSET 0.0000 0.0000
0 !LPUB PLI INSTANCE_COUNT FONT "Noto Sans,36,-1,0,75,0,0,0,0,0,Bold"
0 !LPUB PLI INSTANCE_COUNT FONT_COLOR "#666666"
0 !LPUB PLI INSTANCE_COUNT MARGINS 0.0125 0.0125
0 !LPUB PLI INSTANCE_COUNT MARGINS 0.0125 0.3000
0
0 // LPUB[3D] STEP NUMBER
0 !LPUB STEP_NUMBER FONT "Noto Sans,72,-1,0,75,0,0,0,0,0,Bold"
0 !LPUB STEP_NUMBER FONT_COLOR "#666666"
0 !LPUB STEP_NUMBER MARGINS 0.1250 0.0000
0 !LPUB STEP_NUMBER PLACEMENT TOP_LEFT PAGE INSIDE OFFSET 0.0000 0.0000
0
0 // LPUB[3D] BEGIN INSTRUCTIONS ///////////////////////////////////////////////
0
0 STEP
0 !LPUB INSERT COVER_PAGE FRONT
0 STEP
0 !LPUB ASSEM MODEL_SCALE LOCAL 0.7500
1 0 0 0 0 1 0 0 0 1 0 0 0 1 00-model.ldr
0 STEP
0
0 // LPUB[3D] DISABLE FINAL MODEL SHOWCASE /////////////////////////////////////
0
0 !LPUB NOSTEP
0
0 // LPUB[3D] BOM PAGES
0 STEP
0 !LPUB INSERT PAGE
0 !LPUB INSERT BOM
0 STEP
0 !LPUB INSERT PAGE
0 !LPUB INSERT BOM
0 STEP
0 !LPUB INSERT PAGE
0 !LPUB INSERT BOM
0 STEP
0 !LPUB INSERT PAGE
0 !LPUB INSERT BOM
0 STEP
0 !LPUB INSERT PAGE
0 !LPUB INSERT BOM
0 STEP
0 !LPUB INSERT PAGE
0 !LPUB INSERT BOM
0 STEP
0 !LPUB INSERT PAGE
0 !LPUB INSERT BOM
0 STEP
0 !LPUB INSERT PAGE
0 !LPUB INSERT BOM
0 STEP
0 !LPUB INSERT PAGE
0 !LPUB INSERT BOM
0 STEP
0 !LPUB INSERT PAGE
0 !LPUB INSERT BOM
0 STEP
0 !LPUB INSERT PAGE
0 !LPUB INSERT BOM
0 STEP
0 !LPUB INSERT PAGE
0 !LPUB INSERT BOM
0 STEP
0
0 !LPUB NOSTEP
0
0 !LPUB INSERT COVER_PAGE BACK
0
0 // LPUB[3D] END INSTRUCTIONS /////////////////////////////////////////////////
0
0 NOFILE
0 FILE 00-model.ldr
0 
0 Name: 00-model.ldr
0 Author: Nathanel Titane // nathanel.titane@gmail.com // All Rights Reserved
1 0 0 0 0 1 0 0 0 0 -1 0 1 0 05-waist.ldr
0 STEP
1 0 0 -80 0 1 0 0 0 0 -1 0 1 0 08-torso.ldr
0 STEP
0 NOFILE
0 FILE 01-foot.ldr
0 
0 Name: 01-foot.ldr
0 Author: Nathanel Titane // nathanel.titane@gmail.com // All Rights Reserved
1 272 0 64 -40 0 0 1 0 1 0 -1 0 0 4871.dat
1 72 0 56 -50 1 0 0 0 1 0 0 0 1 3004.dat
0 STEP
1 15 0 56 -30 -1 0 0 0 1 0 0 0 -1 3747b.dat
0 STEP
1 15 -0.0003 32 10 1 0 0 0 1 0 0 0 1 3039.dat
1 72 -9.9995 48 -39.9995 0 0 1 0 1 0 -1 0 0 11458.dat
1 72 10.0005 48 -40.0005 0 0 1 0 1 0 -1 0 0 11458.dat
0 STEP
1 15 -0.0003 24 10 -1 0 0 0 1 0 0 0 -1 3023.dat
1 72 0 24 -30 -1 0 0 0 1 0 0 0 -1 3660.dat
0 STEP
1 72 0 0 0 0 0 -1 0 1 0 1 0 0 92013.dat
1 15 0 -16 10 -1 0 0 0 1 0 0 0 -1 99206.dat
1 272 0 0 -30 1 0 0 0 1 0 0 0 1 3660.dat
0 STEP
1 15 0 -24 10 -1 0 0 0 1 0 0 0 -1 48336.dat
1 15 0 -24 10 -1 0 0 0 1 0 0 0 -1 85984.dat
1 15 0 -32 -10 1 0 0 0 1 0 0 0 1 3660.dat
1 272 0 -32 -50 1 0 0 0 1 0 0 0 1 3023.dat
1 272 0 -24 -50 -1 0 0 0 1 0 0 0 -1 3039.dat
0 STEP
1 272 0 -80 -50 1 0 0 0 1 0 0 0 1 3245b.dat
1 15 0 -80 -30 -1 0 0 0 1 0 0 0 -1 3678b.dat
1 272 0 -128 -50 -1 0 0 0 1 0 0 0 -1 3678b.dat
1 272 0 -128 -50 -1 0 0 0 1 0 0 0 -1 85984.dat
0 STEP
1 272 -30 40 -40 0 0 1 0 1 0 -1 0 0 3004.dat
1 272 -29.999 16 -50 -1 0 0 0 1 0 0 0 -1 3040.dat
1 272 -29.999 16 -50 0 0 1 0 1 0 -1 0 0 54200.dat
0 STEP
1 272 30 16 -50 0 0 -1 0 1 0 1 0 0 54200.dat
1 272 30 16 -50 -1 0 0 0 1 0 0 0 -1 3040.dat
1 272 30 40 -40 0 0 1 0 1 0 -1 0 0 3004.dat
0 STEP
1 15 10 -26.2426 34.2426 0 0 -1 -0.707107 -0.707107 0 -0.707107 0.707107 0 2555.dat
1 15 -10 -26.2426 34.2426 0 0 -1 -0.707107 -0.707107 0 -0.707107 0.707107 0 2555.dat
1 15 0 -20.5858 28.5858 0 0 -1 -0.707107 -0.707107 0 -0.707107 0.707107 0 32802.dat
0 STEP
1 15 -30 -3.6152 11.6152 -1 0 0 0 -0.707107 0.707107 0 0.707107 0.707107 3665.dat
1 15 -30 -10.6863 4.5442 0 0 1 0.707107 -0.707107 0 0.707107 0.707107 0 85984.dat
0 STEP
1 15 30 -3.6152 11.6152 -1 0 0 0 -0.707107 0.707107 0 0.707107 0.707107 3665.dat
1 15 30 -10.6863 4.5442 0 0 -1 -0.707107 -0.707107 0 -0.707107 0.707107 0 85984.dat
0 NOFILE
0 FILE 02-shin.ldr
0 
0 Name: 02-shin.ldr
0 Author: Nathanel Titane // nathanel.titane@gmail.com // All Rights Reserved
1 72 0 24 90 0 0 1 0 1 0 -1 0 0 3832.dat
1 72 0 16 110 0 0 1 0 1 0 -1 0 0 3795.dat
0 STEP
1 72 0 32 180 1 0 0 0 1 0 0 0 1 3023.dat
1 71 0 40 180 1 0 0 0 1 0 0 0 1 3938.dat
1 71 0 32 160 1 0 0 0 1 0 0 0 1 3938.dat
0 STEP
1 72 -10 32 120 -1 0 0 0 1 0 0 0 -1 2341.dat
1 72 10 32 120 -1 0 0 0 1 0 0 0 -1 2341.dat
0 STEP
1 72 0 34.929 167.071 1 0 0 0 0.707107 0.707107 0 -0.707107 0.707107 3937.dat
1 72 0 42.929 187.071 1 0 0 0 0.707107 0.707107 0 -0.707107 0.707107 3937.dat
1 72 0 59.899 170.101 -1 0 0 0 0.707107 -0.707107 0 -0.707107 -0.707107 32028.dat
1 72 10 51.8991 150.1009 -1 0 0 0 0.707107 -0.707107 0 -0.707107 -0.707107 3665.dat
1 72 -10 51.8991 150.1009 -1 0 0 0 0.707107 -0.707107 0 -0.707107 -0.707107 3665.dat
0 STEP
1 15 -10 32 20 1 0 0 0 1 0 0 0 1 3665.dat
1 15 10 32 40 -1 0 0 0 1 0 0 0 -1 4287.dat
1 15 10 32 20 1 0 0 0 1 0 0 0 1 3665.dat
1 15 -10 32 40 -1 0 0 0 1 0 0 0 -1 4287.dat
0 STEP
1 72 0 0 180 1 0 0 0 1 0 0 0 1 32000.dat
1 72 0 0 40 1 0 0 0 1 0 0 0 1 32064.dat
1 72 0 0 20 1 0 0 0 1 0 0 0 1 32064.dat
1 72 0 0 0 1 0 0 0 1 0 0 0 1 32064.dat
0 STEP
1 0 -10 10 190 0 0 1 0 1 0 -1 0 0 2780.dat
1 0 10 10 190 0 0 1 0 1 0 -1 0 0 2780.dat
0 STEP
1 0 -10 -8 150 0 0 1 0 1 0 -1 0 0 11211.dat
1 0 -10 -8 110 0 0 1 0 1 0 -1 0 0 11211.dat
1 0 -10 -8 70 0 0 1 0 1 0 -1 0 0 11211.dat
1 0 10 -8 150 0 0 -1 0 1 0 1 0 0 11211.dat
1 0 10 -8 110 0 0 -1 0 1 0 1 0 0 11211.dat
1 0 10 -8 70 0 0 -1 0 1 0 1 0 0 11211.dat
0 STEP
1 72 0 -8 180 -1 0 0 0 1 0 0 0 -1 3023.dat
1 72 0 -8 20 0 0 -1 0 1 0 1 0 0 3021.dat
0 STEP
1 72 0 0 200 1 0 0 0 1 0 0 0 1 32000.dat
1 72 -10 24 200 -1 0 0 0 1 0 0 0 -1 3665.dat
1 72 10 24 200 -1 0 0 0 1 0 0 0 -1 3665.dat
0 STEP
1 72 0 0 220 -1 0 0 0 1 0 0 0 -1 85943.dat
1 72 0 -8 210 -1 0 0 0 1 0 0 0 -1 3068b.dat
0 STEP
1 0 0 10 250 0 1 0 1 0 0 0 0 -1 53585.dat
1 0 0 10 250 -1 0 0 0 1 0 0 0 -1 3705.dat
0 STEP
1 72 -19.9997 9.9997 250 0 -1 0 -1 0 0 0 0 -1 15535.dat
1 72 -27.9997 10 250 0 -1 0 -1 0 0 0 0 -1 4032.dat
1 72 -35.9997 10.0002 250 0 -1 0 -1 0 0 0 0 -1 2654.dat
0 STEP
1 72 20.0003 9.9966 250 0 1 0 1 0 0 0 0 -1 15535.dat
1 72 28.0003 9.9959 250 0 1 0 1 0 0 0 0 -1 4032.dat
1 72 36.0003 9.9953 250 0 1 0 1 0 0 0 0 -1 2654.dat
0 STEP
1 0 0 10 10 0 0 -1 0 1 0 1 0 0 3705.dat
1 0 0 10 -20 1 0 0 0 0 -1 0 1 0 32474.dat
0 STEP
1 72 0 -32 180 1 0 0 0 1 0 0 0 1 30363.dat
1 72 0 -32 180 1 0 0 0 1 0 0 0 1 85984.dat
0 STEP
1 15 0 -8 0 1 0 0 0 1 0 0 0 1 85984.dat
1 15 0 -32 20 -1 0 0 0 1 0 0 0 -1 30363.dat
1 15 10 -32 20 0 0 -1 0 1 0 1 0 0 54200.dat
1 15 -10 -32 20 0 0 1 0 1 0 -1 0 0 54200.dat
1 15 -10 -8 100 0 0 1 0 1 0 -1 0 0 54200.dat
1 15 10 -8 100 0 0 -1 0 1 0 1 0 0 54200.dat
0 STEP
1 72 -28 12 140 0 1 0 0 0 -1 -1 0 0 3021.dat
1 72 -28 12 190 0 1 0 1 0 0 0 0 -1 3176.dat
1 72 -28 12 220 0 -1 0 -1 0 0 0 0 -1 3794b.dat
1 72 -28 42 190 0 1 0 0 0 -1 -1 0 0 32028.dat
1 72 -28 -18 190 0 1 0 0 0 1 1 0 0 32028.dat
1 15 -52 12 200 0 1 0 1 0 0 0 0 -1 47759.dat
0 STEP
1 15 -52 2 180 0 1 0 -1 0 0 0 0 1 43710.dat
1 15 -52 22 180 0 1 0 -1 0 0 0 0 1 43711.dat
1 15 -60 12 190 0 1 0 0 0 -1 -1 0 0 3068b.dat
0 STEP
1 72 28 12 140 0 -1 0 0 0 1 -1 0 0 3021.dat
1 72 28 12 190 0 -1 0 -1 0 0 0 0 -1 3176.dat
1 72 28 12 220.0001 0 1 0 1 0 0 0 0 -1 3794b.dat
1 72 28 -18 190 0 -1 0 0 0 1 -1 0 0 32028.dat
1 72 28 42 190 0 -1 0 0 0 -1 1 0 0 32028.dat
1 15 52 12 200 0 -1 0 -1 0 0 0 0 -1 47759.dat
0 STEP
1 15 52 22 180 0 -1 0 1 0 0 0 0 1 43710.dat
1 15 52 2 180 0 -1 0 1 0 0 0 0 1 43711.dat
1 15 60 12 190 0 -1 0 0 0 1 -1 0 0 3068b.dat
0 STEP
1 72 -28 12 100 0 1 0 1 0 0 0 0 -1 99563.dat
1 72 -28 12 70 0 1 0 0 0 -1 -1 0 0 3022.dat
1 72 28 12 100 0 -1 0 -1 0 0 0 0 -1 99563.dat
1 72 28 12 69.9999 0 -1 0 0 0 1 -1 0 0 3022.dat
0 STEP
1 72 -28 12 30 0 1 0 -1 0 0 0 0 1 3176.dat
1 72 -28 12 0 0 -1 0 -1 0 0 0 0 -1 4073.dat
1 72 -28 -18 20 0 1 0 0 0 1 1 0 0 3024.dat
1 15 -52 22 20 0 1 0 1 0 0 0 0 -1 60477.dat
1 15 -52 2 20 0 1 0 1 0 0 0 0 -1 43711.dat
1 15 -60 12 20 0 1 0 -1 0 0 0 0 1 99563.dat
0 STEP
1 72 28 12 29.9999 0 -1 0 1 0 0 0 0 1 3176.dat
1 72 28 12 -0.0001 0 1 0 1 0 0 0 0 -1 4073.dat
1 72 28 -18 19.9999 0 -1 0 0 0 -1 1 0 0 3024.dat
1 15 60 12 19.9999 0 -1 0 1 0 0 0 0 1 99563.dat
1 15 52 2 19.9999 0 -1 0 -1 0 0 0 0 -1 43710.dat
1 15 52 22 19.9999 0 -1 0 -1 0 0 0 0 -1 60477.dat
0 STEP
1 0 0 10.6933 -61.2252 1 0 0 0 0.965927 -0.258815 0 0.258815 0.965927 01-foot.ldr
0 NOFILE
0 FILE 04-01-foreleg.ldr
0 
0 Name: 04-01-foreleg.ldr
0 Author: Nathanel Titane // nathanel.titane@gmail.com // All Rights Reserved
1 15 0 24 10 0 0 -1 0 1 0 1 0 0 3020.dat
1 15 -10 24 0 1 0 0 0 1 0 0 0 1 13547.dat
1 15 10 24 0 1 0 0 0 1 0 0 0 1 13547.dat
1 71 0 40 0 1 0 0 0 1 0 0 0 1 3023.dat
0 STEP
1 71 0 24 60 1 0 0 0 1 0 0 0 1 3023.dat
1 15 -10 32 20 -1 0 0 0 1 0 0 0 -1 4287.dat
1 15 10 32 20 -1 0 0 0 1 0 0 0 -1 4287.dat
1 72 -10 48 0 1 0 0 0 1 0 0 0 1 3024.dat
1 72 10 48 0 1 0 0 0 1 0 0 0 1 3024.dat
0 STEP
1 72 0 0 50 0 0 -1 0 1 0 1 0 0 48170.dat
1 72 0 0 0 0 0 -1 0 1 0 1 0 0 3002.dat
1 72 0 0 -40 -1 0 0 0 1 0 0 0 -1 32064.dat
1 72 0 0 -60 -1 0 0 0 1 0 0 0 -1 32064.dat
0 STEP
1 15 0 -24 0 -1 0 0 0 1 0 0 0 -1 30363.dat
1 15 0 -24 -20 1 0 0 0 1 0 0 0 1 3298.dat
1 15 -10 -24 -10 0 0 1 0 1 0 -1 0 0 85984.dat
1 15 10 -24 -10 0 0 -1 0 1 0 1 0 0 85984.dat
0 STEP
1 0 0 10 -90 0 -1 0 0 0 -1 1 0 0 32174.dat
1 0 0 10 -60 0 0 -1 0 1 0 1 0 0 4519.dat
0 STEP
1 72 0 -20 -120 -1 0 0 0 1 0 0 0 -1 85943.dat
1 0 0 -10 -90 1 0 0 0 0 -1 0 1 0 32062.dat
1 0 0 -10 -130 0 0 -1 0 1 0 1 0 0 2780.dat
0 STEP
1 72 0 -20 -140 1 0 0 0 1 0 0 0 1 3700.dat
1 72 0 4 -130 1 0 0 0 1 0 0 0 1 11203.dat
0 STEP
1 272 -10 -28 -130 1 0 0 0 1 0 0 0 1 92946.dat
1 272 10 -28 -130 1 0 0 0 1 0 0 0 1 92946.dat
1 72 -10 -36 -120 0 0 1 0 1 0 -1 0 0 2555.dat
1 72 10 -36 -120 0 0 1 0 1 0 -1 0 0 2555.dat
0 STEP
1 71 0.0001 -49.1082 -101.1991 1 0 0 0 0.965927 -0.258815 0 0.258815 0.965927 48336.dat
1 272 0.0003 -64.6 -74.2918 -1 0 0 0 0.965927 0.258815 0 0.258815 -0.965927 93606.dat
1 72 0.0005 -46.5941 -48.7617 1 0 0 0 0.965927 -0.258815 0 0.258815 0.965927 3022.dat
1 72 -9.9998 -43.9689 -89.4692 0 0 1 0.258815 0.965927 0 -0.965927 0.258815 0 44728.dat
1 72 10.0002 -43.9689 -89.4694 0 0 -1 -0.258815 0.965927 0 0.965927 0.258815 0 44728.dat
0 STEP
1 272 32.0005 -24.6495 -84.2945 0 -1 0 -0.258815 0 -0.965927 0.965927 0 -0.258815 51739.dat
1 272 32.0008 -14.9901 -81.7066 0 -1 0 -0.258815 0 -0.965927 0.965927 0 -0.258815 85984.dat
1 272 32.0003 -34.3088 -86.8824 0 -1 0 0.258866 0 0.965913 -0.965913 0 0.258866 85984.dat
1 272 -31.9995 -24.6457 -84.3019 0 1 0 0.258815 0 -0.965927 -0.965927 0 -0.258815 51739.dat
1 272 -31.9992 -14.9865 -81.7135 0 1 0 0.258815 0 -0.965927 -0.965927 0 -0.258815 85984.dat
1 272 -31.9997 -34.3049 -86.8903 0 1 0 -0.258764 0 0.965941 0.965941 0 0.258764 85984.dat
0 STEP
1 0 0 20 -340 1 0 0 0 1 0 0 0 1 02-shin.ldr
0 NOFILE
0 FILE 04-02-foreleg.ldr
0 
0 Name: 04-02-foreleg.ldr
0 Author: Nathanel Titane // nathanel.titane@gmail.com // All Rights Reserved
1 15 0 24 10 0 0 -1 0 1 0 1 0 0 3020.dat
1 15 -10 24 0 1 0 0 0 1 0 0 0 1 13547.dat
1 15 10 24 0 1 0 0 0 1 0 0 0 1 13547.dat
1 71 0 40 0 1 0 0 0 1 0 0 0 1 3023.dat
0 STEP
1 71 0 24 60 1 0 0 0 1 0 0 0 1 3023.dat
1 15 -10 32 20 -1 0 0 0 1 0 0 0 -1 4287.dat
1 15 10 32 20 -1 0 0 0 1 0 0 0 -1 4287.dat
1 72 -10 48 0 1 0 0 0 1 0 0 0 1 3024.dat
1 72 10 48 0 1 0 0 0 1 0 0 0 1 3024.dat
0 STEP
1 72 0 0 50 0 0 -1 0 1 0 1 0 0 48170.dat
1 72 0 0 0 0 0 -1 0 1 0 1 0 0 3002.dat
1 72 0 0 -40 -1 0 0 0 1 0 0 0 -1 32064.dat
1 72 0 0 -60 -1 0 0 0 1 0 0 0 -1 32064.dat
0 STEP
1 15 0 -24 0 -1 0 0 0 1 0 0 0 -1 30363.dat
1 15 0 -24 -20 1 0 0 0 1 0 0 0 1 3298.dat
1 15 -10 -24 -10 0 0 1 0 1 0 -1 0 0 85984.dat
1 15 10 -24 -10 0 0 -1 0 1 0 1 0 0 85984.dat
0 STEP
1 0 0 10 -90 0 -1 0 0 0 -1 1 0 0 32174.dat
1 0 0 10 -60 0 0 -1 0 1 0 1 0 0 4519.dat
0 STEP
1 72 0 -20 -120 -1 0 0 0 1 0 0 0 -1 85943.dat
1 0 0 -10 -90 1 0 0 0 0 -1 0 1 0 32062.dat
1 0 0 -10 -130 0 0 -1 0 1 0 1 0 0 2780.dat
0 STEP
1 72 0 -20 -140 1 0 0 0 1 0 0 0 1 3700.dat
1 72 0 4 -130 1 0 0 0 1 0 0 0 1 11203.dat
0 STEP
1 272 -10 -28 -130 1 0 0 0 1 0 0 0 1 92946.dat
1 272 10 -28 -130 1 0 0 0 1 0 0 0 1 92946.dat
1 72 -10 -36 -120 0 0 1 0 1 0 -1 0 0 2555.dat
1 72 10 -36 -120 0 0 1 0 1 0 -1 0 0 2555.dat
0 STEP
1 71 0.0001 -49.1082 -101.1991 1 0 0 0 0.965927 -0.258815 0 0.258815 0.965927 48336.dat
1 272 0.0003 -64.6 -74.2918 -1 0 0 0 0.965927 0.258815 0 0.258815 -0.965927 93606.dat
1 72 0.0005 -46.5941 -48.7617 1 0 0 0 0.965927 -0.258815 0 0.258815 0.965927 3022.dat
1 72 -9.9998 -43.9689 -89.4692 0 0 1 0.258815 0.965927 0 -0.965927 0.258815 0 44728.dat
1 72 10.0002 -43.9689 -89.4694 0 0 -1 -0.258815 0.965927 0 0.965927 0.258815 0 44728.dat
0 STEP
1 272 32.0005 -24.6495 -84.2945 0 -1 0 -0.258815 0 -0.965927 0.965927 0 -0.258815 51739.dat
1 272 32.0008 -14.9901 -81.7066 0 -1 0 -0.258815 0 -0.965927 0.965927 0 -0.258815 85984.dat
1 272 32.0003 -34.3088 -86.8824 0 -1 0 0.258866 0 0.965913 -0.965913 0 0.258866 85984.dat
1 272 -31.9995 -24.6457 -84.3019 0 1 0 0.258815 0 -0.965927 -0.965927 0 -0.258815 51739.dat
1 272 -31.9992 -14.9865 -81.7135 0 1 0 0.258815 0 -0.965927 -0.965927 0 -0.258815 85984.dat
1 272 -31.9997 -34.3049 -86.8903 0 1 0 -0.258764 0 0.965941 0.965941 0 0.258764 85984.dat
0 STEP
1 0 0 20 -340 1 0 0 0 1 0 0 0 1 02-shin.ldr
0 NOFILE
0 FILE 05-waist.ldr
0 
0 Name: 05-waist.ldr
0 Author: Nathanel Titane // nathanel.titane@gmail.com // All Rights Reserved
1 15 0 24 30 0 0 1 0 1 0 -1 0 0 3020.dat
1 15 0 32 20 1 0 0 0 1 0 0 0 1 3660.dat
1 15 -10 32 50 0 0 1 0 1 0 -1 0 0 32000.dat
1 15 10 32 50 0 0 1 0 1 0 -1 0 0 32000.dat
0 STEP
1 72 -9.9992 56 40 0 0 1 0 1 0 -1 0 0 4070.dat
1 72 -9.9976 56 20 0 0 1 0 1 0 -1 0 0 4070.dat
1 72 -10.0008 56 60 0 0 1 0 1 0 -1 0 0 4070.dat
1 72 10.0008 56 40 0 0 -1 0 1 0 1 0 0 4070.dat
1 72 10.0024 56 20 0 0 -1 0 1 0 1 0 0 4070.dat
1 72 9.9992 56 60 0 0 -1 0 1 0 1 0 0 4070.dat
0 STEP
1 15 10 80 50 1 0 0 0 1 0 0 0 1 42023.dat
1 15 -10 80 50 1 0 0 0 1 0 0 0 1 42023.dat
0 STEP
1 72 -0.0003 72 -10 1 0 0 0 1 0 0 0 1 3022.dat
1 15 -0.0003 64 -10 1 0 0 0 1 0 0 0 1 3068b.dat
1 15 -0.0005 80 -40 1 0 0 0 1 0 0 0 1 85984.dat
0 STEP
1 72 0 104 40 1 0 0 0 1 0 0 0 1 32028.dat
1 72 0 104 60 -1 0 0 0 1 0 0 0 -1 99780.dat
1 15 10 102 74 0 0 -1 1 0 0 0 -1 0 54200.dat
1 15 -10 102 74 0 0 1 -1 0 0 0 -1 0 54200.dat
0 STEP
1 15 0 96 50 0 0 1 0 1 0 -1 0 0 4871.dat
1 15 -30 96 50 0 0 1 0 1 0 -1 0 0 85984.dat
1 15 30 96 50 0 0 -1 0 1 0 1 0 0 85984.dat
0 STEP
1 0 0 42 40 -1 0 0 0 1 0 0 0 -1 3706.dat
1 0 20 42 59.9995 -1 0 0 0 1 0 0 0 -1 2780.dat
1 0 -20 42 59.9995 -1 0 0 0 1 0 0 0 -1 2780.dat
1 0 -29.9995 42.0011 39.9995 0 -1 0 1 0 0 0 0 1 60483.dat
1 0 30.0005 42.0011 39.9995 0 -1 0 1 0 0 0 0 1 60483.dat
0 STEP
1 0 0 10 60 0 0 1 0 1 0 -1 0 0 6558.dat
1 0 0 0 60 1 0 0 0 1 0 0 0 1 3700.dat
1 0 0 0 30.0003 -1 0 0 0 1 0 0 0 -1 48172.dat
0 STEP
1 0 0 0 0 1 0 0 0 1 0 0 0 1 32000.dat
1 72 -10 10 -10 1 0 0 0 0 1 0 -1 0 4073.dat
1 72 10 10 -10 1 0 0 0 0 1 0 -1 0 4073.dat
0 STEP
1 0 -60 10 30 1 0 0 0 1 0 0 0 1 47455.dat
1 0 60 10 30 -1 0 0 0 1 0 0 0 -1 47455.dat
0 STEP
1 15 0 -8 30 0 0 1 0 1 0 -1 0 0 3020.dat
1 15 0 -32 20 1 0 0 0 1 0 0 0 1 3039.dat
1 15 -10 -32 50 0 0 1 0 1 0 -1 0 0 32000.dat
1 15 10 -32 50 0 0 1 0 1 0 -1 0 0 32000.dat
0 STEP
1 0 20 -22 59.9995 -1 0 0 0 1 0 0 0 -1 2780.dat
1 0 -20 -22 59.9995 -1 0 0 0 1 0 0 0 -1 2780.dat
0 STEP
1 0 0 -22 40 -1 0 0 0 1 0 0 0 -1 3706.dat
1 0 -29.9995 -21.9989 39.9995 0 -1 0 1 0 0 0 0 1 60483.dat
1 0 30.0005 -21.9989 39.9995 0 -1 0 1 0 0 0 0 1 60483.dat
0 STEP
1 0 -49.9995 42.0011 39.9995 1 0 0 0 0 -1 0 1 0 6536.dat
1 1 -49.9995 32.0011 59.9995 0 0 -1 -1 0 0 0 1 0 43093.dat
1 0 -49.9995 10.0011 59.9995 0 0 1 1 0 0 0 1 0 32174.dat
1 1 -49.9995 -11.9989 59.9995 0 0 -1 1 0 0 0 -1 0 43093.dat
1 0 -49.9995 -21.9989 39.9995 1 0 0 0 0 -1 0 1 0 6536.dat
0 STEP
1 0 50.0005 42.0011 39.9995 1 0 0 0 0 -1 0 1 0 6536.dat
1 1 50.0005 32.0011 59.9995 0 0 -1 -1 0 0 0 1 0 43093.dat
1 0 50.0005 10.0011 59.9995 0 0 -1 -1 0 0 0 1 0 32174.dat
1 1 50.0005 -11.9989 59.9995 0 0 -1 1 0 0 0 -1 0 43093.dat
1 0 50.0005 -21.9989 39.9995 1 0 0 0 0 -1 0 1 0 6536.dat
0 STEP
1 15 -9.9992 -56 40 0 0 1 0 1 0 -1 0 0 4070.dat
1 15 -10.0008 -56 60 0 0 1 0 1 0 -1 0 0 4070.dat
1 15 10.0008 -56 40 0 0 -1 0 1 0 1 0 0 4070.dat
1 15 9.9992 -56 60 0 0 -1 0 1 0 1 0 0 4070.dat
1 15 0 -56 20 1 0 0 0 1 0 0 0 1 32000.dat
0 STEP
1 72 0 -45.9997 10 -1 0 0 0 0 -1 0 -1 0 3039.dat
1 72 -0.0005 -35.9991 -13.9997 -1 0 0 0 0 -1 0 -1 0 3003.dat
1 72 -10 -45.999 -38 -1 0 0 0 0 -1 0 -1 0 3665.dat
1 72 10 -45.999 -38 -1 0 0 0 0 -1 0 -1 0 3665.dat
0 STEP
1 72 -10 -64 50 0 0 1 0 1 0 -1 0 0 99780.dat
1 72 10 -64 50 0 0 -1 0 1 0 1 0 0 99780.dat
1 72 0 -64 -10 0 0 1 0 1 0 -1 0 0 3020.dat
0 STEP
1 15 23.9995 -66 60.0008 0 -1 0 -1 0 0 0 0 -1 54200.dat
1 15 -23.9995 -66 39.9982 0 1 0 -1 0 0 0 0 1 54200.dat
1 15 24.0005 -66 40.0008 0 -1 0 1 0 0 0 0 1 54200.dat
1 15 -24.0005 -66 59.9982 0 1 0 1 0 0 0 0 -1 54200.dat
0 STEP
1 15 -10.0003 -88 60 -1 0 0 0 1 0 0 0 -1 4070.dat
1 15 9.9997 -88 60 -1 0 0 0 1 0 0 0 -1 4070.dat
1 15 0 -78.0012 65.9992 1 0 0 0 0 1 0 -1 0 85984.dat
0 STEP
1 15 0.0005 -88 30.0003 -1 0 0 0 1 0 0 0 -1 3003.dat
1 15 0 -88 0.0003 1 0 0 0 1 0 0 0 1 3298.dat
0 STEP
1 15 -10.0016 -96 49.9995 -1 0 0 0 1 0 0 0 -1 92946.dat
1 15 9.9984 -96 50.0005 -1 0 0 0 1 0 0 0 -1 92946.dat
1 15 10.0005 -96 10.0005 1 0 0 0 1 0 0 0 1 92946.dat
1 15 -9.9995 -96 9.9995 1 0 0 0 1 0 0 0 1 92946.dat
0 STEP
1 71 -0.0005 -104 30 1 0 0 0 1 0 0 0 1 3022.dat
1 15 -0.0005 -112 30 1 0 0 0 1 0 0 0 1 3068b.dat
0 STEP
1 15 -64 66 60 0 1 0 -1 0 0 0 0 1 60481.dat
1 15 64 66 60 0 -1 0 1 0 0 0 0 1 60481.dat
1 15 -64 66 60 0 1 0 0 0 -1 -1 0 0 54200.dat
1 15 64 66 60 0 -1 0 0 0 -1 1 0 0 54200.dat
0 STEP
1 15 -64 -46 60 0 1 0 -1 0 0 0 0 1 60481.dat
1 15 64 -46 60 0 -1 0 1 0 0 0 0 1 60481.dat
1 15 -64 -46 60 0 1 0 0 0 1 1 0 0 54200.dat
1 15 64 -46 60 0 -1 0 0 0 1 -1 0 0 54200.dat
0 STEP
1 0 -83.294 0 -56.933 0.965926 0 0.258819 0 1 0 -0.258819 0 0.965926 04-01-foreleg.ldr
0 STEP
1 0 83.294 0 -56.933 0.965926 0 -0.258819 0 1 0 0.258819 0 0.965926 04-02-foreleg.ldr
0 STEP
0 !LEOCAD PIECE PIVOT  20 10 0 1 0 0 0 1 0 0 0 1
1 0 -91.9076 10.0007 55.5169 0.965952 0.258722 0.000165 0.000171 0 -1 -0.258722 0.965952 -0.000044 06-01-side-skirt.ldr
0 STEP
0 !LEOCAD PIECE PIVOT  -20 10 0 1 0 0 0 1 0 0 0 1
1 0 91.9076 10.0007 55.5165 0.965934 -0.25879 0 0 0 -1 0.25879 0.965934 0 06-02-side-skirt.ldr
0 STEP
1 0 -0.0006 120 60 1 0 0 0 1 0 0 0 1 23-back-bracket.ldr
0 NOFILE
0 FILE 06-01-side-skirt.ldr
0 
0 Name: 06-01-side-skirt.ldr
0 Author: Nathanel Titane // nathanel.titane@gmail.com // All Rights Reserved
1 15 0 0 0 0 0 1 0 1 0 -1 0 0 32064.dat
1 15 0.0022 24 -10 1 0 0 0 1 0 0 0 1 3665.dat
1 15 0.0022 24 10 -1 0 0 0 1 0 0 0 -1 3665.dat
0 STEP
1 15 0 0 30 -1 0 0 0 1 0 0 0 -1 4070.dat
1 15 0.0032 0 -30 1 0 0 0 1 0 0 0 1 4070.dat
0 STEP
1 15 -0.0089 -48 -10 1 0 0 0 1 0 0 0 1 60481.dat
1 15 -0.0089 -48 10 -1 0 0 0 1 0 0 0 -1 60481.dat
1 15 -0.0089 -72 -10 0 0 1 0 1 0 -1 0 0 87087.dat
1 15 -0.0089 -72 10 0 0 1 0 1 0 -1 0 0 87087.dat
1 15 -0.0086 -72 0 0 0 1 0 1 0 -1 0 0 85984.dat
0 STEP
1 15 0.0034 10.0005 44.0003 0 0 1 -1 0 0 0 -1 0 28192.dat
1 71 -19.9966 10.0023 19.9992 0 0 1 -1 0 0 0 -1 0 3024.dat
1 72 -19.9966 10.0017 11.9992 0 0 1 -1 0 0 0 -1 0 4070.dat
0 STEP
1 15 0.0058 9.9996 -44.0003 0 0 1 1 0 0 0 1 0 28192.dat
1 71 -19.9955 10.0039 -20.0013 0 0 1 1 0 0 0 1 0 3024.dat
0 STEP
1 15 -18.0023 -31.9971 0.0005 0 1 0 0 0 1 1 0 0 3022.dat
1 15 -10.0054 -51.9984 0.0003 0 1 0 0 0 1 1 0 0 15068.dat
1 15 -26.0007 -21.9959 0.0007 0 1 0 0 0 1 1 0 0 3069b.dat
0 STEP
1 0 10 9.9984 0 -1 0 0 0 1 0 0 0 -1 32062.dat
1 0 20 9.9968 0 0 -1 0 -1 0 0 0 0 -1 32474.dat
0 NOFILE
0 FILE 06-02-side-skirt.ldr
0 
0 Name: 06-02-side-skirt.ldr
0 Author: Nathanel Titane // nathanel.titane@gmail.com // All Rights Reserved
1 15 0 0 0 0 0 1 0 1 0 -1 0 0 32064.dat
1 15 0.0022 24 -10 1 0 0 0 1 0 0 0 1 3665.dat
1 15 0.0022 24 10 -1 0 0 0 1 0 0 0 -1 3665.dat
0 STEP
1 15 0 0 30 -1 0 0 0 1 0 0 0 -1 4070.dat
1 15 0.0032 0 -30 1 0 0 0 1 0 0 0 1 4070.dat
0 STEP
1 15 -0.0089 -48 -10 1 0 0 0 1 0 0 0 1 60481.dat
1 15 -0.0089 -48 10 -1 0 0 0 1 0 0 0 -1 60481.dat
1 15 0.0089 -72 10 0 0 -1 0 1 0 1 0 0 87087.dat
1 15 0.0089 -72 -10 0 0 -1 0 1 0 1 0 0 87087.dat
1 15 0.0086 -72 0 0 0 -1 0 1 0 1 0 0 85984.dat
0 STEP
1 15 -0.0058 9.9996 44.0003 0 0 -1 1 0 0 0 -1 0 28192.dat
1 71 19.9955 10.0039 20.0013 0 0 -1 1 0 0 0 -1 0 3024.dat
1 72 19.9966 10.0017 12.0008 0 0 -1 1 0 0 0 -1 0 4070.dat
0 STEP
1 71 19.9966 10.0023 -19.9992 0 0 -1 -1 0 0 0 1 0 3024.dat
1 15 -0.0034 10.0005 -44.0003 0 0 -1 -1 0 0 0 1 0 28192.dat
0 STEP
1 15 18.0023 -31.9971 -0.0005 0 -1 0 0 0 1 -1 0 0 3022.dat
1 15 10.0054 -51.9984 -0.0003 0 -1 0 0 0 1 -1 0 0 15068.dat
1 15 26.0007 -21.9959 -0.0007 0 -1 0 0 0 1 -1 0 0 3069b.dat
0 STEP
1 0 -10 9.9984 0 1 0 0 0 1 0 0 0 1 32062.dat
1 0 -20 9.9968 0 0 1 0 -1 0 0 0 0 1 32474.dat
0 NOFILE
0 FILE 07-01-front-skirt.ldr
0 
0 Name: 07-01-front-skirt.ldr
0 Author: Nathanel Titane // nathanel.titane@gmail.com // All Rights Reserved
1 71 0 0 0 0 0 -1 0 1 0 1 0 0 14704.dat
1 71 0.0005 -24 0 0 0 1 0 1 0 -1 0 0 52107.dat
0 STEP
1 72 -18.0008 -14.0002 0 0 1 0 0 0 -1 -1 0 0 32028.dat
1 72 -18.0008 -14.0002 0 0 1 0 0 0 -1 -1 0 0 85984.dat
0 STEP
1 15 9.9973 -14.002 -49.9963 0 -1 0 0 0 -1 1 0 0 3622.dat
1 15 17.9918 -13.9982 -19.9949 0 -1 0 0 0 -1 1 0 0 2431.dat
0 STEP
1 15 10.0047 -14.0057 -89.9964 0 -1 0 1 0 0 0 0 1 3040.dat
1 72 17.9918 -13.9982 -79.9949 0 -1 0 0 0 -1 1 0 0 3794b.dat
0 STEP
1 15 -13.9972 -14.0071 -80.0008 0 -1 0 0 0 -1 1 0 0 3710.dat
1 72 -14.0064 -14.005 -30.0007 0 -1 0 0 0 1 -1 0 0 3024.dat
0 STEP
1 15 -22.0027 -14.0082 -50.0022 0 -1 0 -1 0 0 0 0 -1 3665.dat
1 15 -21.999 -14.0077 -70.0022 0 -1 0 1 0 0 0 0 1 4287.dat
0 STEP
1 15 -9.9997 -48 0 -1 0 0 0 1 0 0 0 -1 3300.dat
0 NOFILE
0 FILE 07-02-front-skirt.ldr
0 
0 Name: 07-02-front-skirt.ldr
0 Author: Nathanel Titane // nathanel.titane@gmail.com // All Rights Reserved
1 71 0.001 0 0 0 0 1 0 1 0 -1 0 0 14704.dat
1 71 0.0005 -24 0 0 0 -1 0 1 0 1 0 0 52107.dat
0 STEP
1 72 18.0019 -14.0002 0.0024 0 -1 0 0 0 -1 1 0 0 32028.dat
1 72 18.0019 -14.0002 0.0024 0 -1 0 0 0 -1 1 0 0 85984.dat
0 STEP
1 15 -9.9752 -13.9951 -50.0042 0 1 0 0 0 1 1 0 0 3622.dat
1 15 -17.9823 -13.9961 -20.0061 0 1 0 0 0 1 1 0 0 2431.dat
0 STEP
1 15 -9.9658 -13.9935 -90.0042 0 1 0 -1 0 0 0 0 1 3040.dat
1 72 -17.9571 -13.9992 -80.0061 0 1 0 0 0 1 1 0 0 3794b.dat
0 STEP
1 15 14.0319 -13.9954 -79.9985 0 1 0 0 0 1 1 0 0 3710.dat
1 72 14.02 -13.9949 -29.9985 0 1 0 0 0 -1 -1 0 0 3024.dat
0 STEP
1 15 22.0248 -13.994 -49.9966 0 1 0 1 0 0 0 0 -1 3665.dat
1 15 22.0295 -13.9955 -69.9966 0 1 0 -1 0 0 0 0 1 4287.dat
0 STEP
1 15 10.0003 -48 0.0032 -1 0 0 0 1 0 0 0 -1 3300.dat
0 NOFILE
0 FILE 08-torso.ldr
0 
0 Name: 08-torso.ldr
0 Author: Nathanel Titane // nathanel.titane@gmail.com // All Rights Reserved
1 272 0 48 90 0 0 1 0 1 0 -1 0 0 3020.dat
1 272 0 32 150 0 0 1 0 1 0 -1 0 0 4871.dat
1 72 40 48 110 1 0 0 0 1 0 0 0 1 11203.dat
1 72 -40 48 110 1 0 0 0 1 0 0 0 1 11203.dat
0 STEP
1 71 0 24 140 -1 0 0 0 1 0 0 0 -1 3039.dat
1 71 0 0 140 -1 0 0 0 1 0 0 0 -1 11211.dat
0 STEP
1 71 -10 9.9997 158 0 0 1 -1 0 0 0 -1 0 2555.dat
1 71 10 9.9997 158 0 0 1 -1 0 0 0 -1 0 2555.dat
1 71 0 10 164 0 0 -1 -1 0 0 0 1 0 4697b.dat
0 STEP
1 272 0 24 110 1 0 0 0 1 0 0 0 1 3001.dat
1 272 50 24 110 0 0 -1 0 1 0 1 0 0 3660.dat
1 272 -50 24 110 0 0 1 0 1 0 -1 0 0 3660.dat
1 72 40 0 110 1 0 0 0 1 0 0 0 1 3001.dat
1 72 -40 0 110 1 0 0 0 1 0 0 0 1 3001.dat
0 STEP
1 0 0 0 50 0 0 1 0 1 0 -1 0 0 6061.dat
0 STEP
1 72 0 48 40 1 0 0 0 1 0 0 0 1 3747b.dat
0 STEP
1 72 -10 24 0 0 0 1 0 1 0 -1 0 0 3665.dat
1 72 10 24 0 0 0 -1 0 1 0 1 0 0 3665.dat
1 72 0 0 0 1 0 0 0 1 0 0 0 1 3700.dat
0 STEP
1 15 -20 20 70 0 -1 0 0 0 1 -1 0 0 3003.dat
1 15 -44 30 80 0 -1 0 0 0 1 -1 0 0 3676.dat
1 15 20 20 70 0 1 0 -1 0 0 0 0 1 3003.dat
1 15 44 30 80 0 1 0 -1 0 0 0 0 1 3676.dat
0 STEP
1 72 30 0 0 -1 0 0 0 1 0 0 0 -1 3665.dat
1 72 -30 0 0 -1 0 0 0 1 0 0 0 -1 3665.dat
1 72 -10 -24 20 0 0 1 0 1 0 -1 0 0 3038.dat
1 72 10 -24 20 0 0 -1 0 1 0 1 0 0 3038.dat
0 STEP
1 15 0 -24 60 1 0 0 0 1 0 0 0 1 3010.dat
1 15 0 -24 80 -1 0 0 0 1 0 0 0 -1 30363.dat
0 STEP
1 72 -30 32 40 1 0 0 0 1 0 0 0 1 3665.dat
1 72 -30 0 40 1 0 0 0 1 0 0 0 1 3005.dat
1 72 -30 24 30 1 0 0 0 1 0 0 0 1 92946.dat
1 72 30 24 30 1 0 0 0 1 0 0 0 1 92946.dat
1 72 30 0 40 1 0 0 0 1 0 0 0 1 3005.dat
1 72 30 32 40 1 0 0 0 1 0 0 0 1 3665.dat
0 STEP
1 72 0 56 40 0 0 1 0 1 0 -1 0 0 32802.dat
0 STEP
1 72 -29.9992 -24 120 -1 0 0 0 1 0 0 0 -1 3005.dat
1 72 30.0008 -24 120 -1 0 0 0 1 0 0 0 -1 3005.dat
0 STEP
1 272 -30 -24 100 1 0 0 0 1 0 0 0 1 3665.dat
1 272 -30 -72 100 1 0 0 0 1 0 0 0 1 60481.dat
1 272 30 -24 100 1 0 0 0 1 0 0 0 1 3665.dat
1 272 30 -72 100 1 0 0 0 1 0 0 0 1 60481.dat
0 STEP
1 72 -29.9997 -24 140 -1 0 0 0 1 0 0 0 -1 60481.dat
1 72 30.0003 -24 140 -1 0 0 0 1 0 0 0 -1 60481.dat
1 72 30 24 150 0 0 -1 0 1 0 1 0 0 3023.dat
1 72 -30 24 150 0 0 -1 0 1 0 1 0 0 3023.dat
0 STEP
1 72 -29.9997 -32 140 -1 0 0 0 1 0 0 0 -1 3024.dat
1 72 -29.9994 -24 130 1 0 0 0 1 0 0 0 1 11477.dat
1 72 30.0003 -32 140 -1 0 0 0 1 0 0 0 -1 3024.dat
1 72 30.0006 -24 130 1 0 0 0 1 0 0 0 1 11477.dat
0 STEP
1 272 -60.0005 -48 99.9997 1 0 0 0 1 0 0 0 1 3245b.dat
1 272 -60 -48 120 -1 0 0 0 1 0 0 0 -1 3678b.dat
1 272 -50 -72 100 -1 0 0 0 1 0 0 0 -1 3045.dat
1 272 60 -48 99.9997 -1 0 0 0 1 0 0 0 -1 3245b.dat
1 272 60 -48 120 -1 0 0 0 1 0 0 0 -1 3678b.dat
1 272 50 -72 100 0 0 -1 0 1 0 1 0 0 3045.dat
0 STEP
1 15 -20 -32 60 0 0 1 0 1 0 -1 0 0 92946.dat
1 15 20 -32 60 0 0 -1 0 1 0 1 0 0 92946.dat
1 72 0 -24 0 1 0 0 0 1 0 0 0 1 85984.dat
1 71 0 -32 30 0 0 1 0 1 0 -1 0 0 3022.dat
0 STEP
1 15 -0.0008 -48 79.9997 -1 0 0 0 1 0 0 0 -1 3004.dat
1 15 0 -72 80 -1 0 0 0 1 0 0 0 -1 3937.dat
0 STEP
1 15 0 -56 60 1 0 0 0 1 0 0 0 1 3298.dat
1 15 0 -56 60 1 0 0 0 1 0 0 0 1 85984.dat
0 STEP
1 72 -40.0005 -80 99.9997 1 0 0 0 1 0 0 0 1 3023.dat
1 25 -40.0008 -80 99.9997 -1 0 0 0 1 0 0 0 -1 85984.dat
1 72 39.9995 -80 99.9997 1 0 0 0 1 0 0 0 1 3023.dat
1 25 39.9992 -80 99.9997 -1 0 0 0 1 0 0 0 -1 85984.dat
0 STEP
1 72 70 0 140 -1 0 0 0 1 0 0 0 -1 3046.dat
1 272 50 24 140 -1 0 0 0 1 0 0 0 -1 3665.dat
1 72 -70 0 140 0 0 -1 0 1 0 1 0 0 3046.dat
1 272 -50 24 140 -1 0 0 0 1 0 0 0 -1 3665.dat
0 STEP
1 272 69.9995 24 140 0 0 -1 0 1 0 1 0 0 3676.dat
1 272 -69.9995 24 139.9989 -1 0 0 0 1 0 0 0 -1 3676.dat
1 72 -90 0 150 0 0 1 0 1 0 -1 0 0 32064.dat
1 72 90 0 150 0 0 1 0 1 0 -1 0 0 32064.dat
0 STEP
1 272 80 0 160 -1 0 0 0 1 0 0 0 -1 85984.dat
1 272 90 0 140 1 0 0 0 1 0 0 0 1 54200.dat
1 272 -80 0 160 -1 0 0 0 1 0 0 0 -1 85984.dat
1 272 -90 0 140 1 0 0 0 1 0 0 0 1 54200.dat
0 STEP
1 0 100 10 150 1 0 0 0 1 0 0 0 1 32062.dat
1 0 110 10 150 0 -1 0 1 0 0 0 0 1 32474.dat
1 0 -100 10 150 -1 0 0 0 1 0 0 0 -1 32062.dat
1 0 -110 10 150 0 1 0 1 0 0 0 0 -1 32474.dat
0 STEP
1 71 0 -64.5882 89.6593 1 0 0 0 0.258819 0.965926 0 -0.965926 0.258819 3938.dat
1 15 0 -76.318 94.7985 1 0 0 0 0.258819 0.965926 0 -0.965926 0.258819 3022.dat
1 15 0 -105.2958 87.0339 1 0 0 0 0.258819 0.965926 0 -0.965926 0.258819 32803.dat
0 STEP
1 72 0 -78.3885 102.5259 0 0 1 -0.965926 0.258819 0 -0.258819 -0.965926 0 3020.dat
1 272 0 -74.9409 128.2963 1 0 0 0 0.258819 0.965926 0 -0.965926 0.258819 3298.dat
1 272 0 -55.6224 133.4727 -1 0 0 0 0.258819 -0.965926 0 -0.965926 -0.258819 3747b.dat
1 272 0 -28.7152 148.9646 -1 0 0 0 0.258819 -0.965926 0 -0.965926 -0.258819 3068b.dat
0 STEP
1 272 20 -63.2111 123.1571 0 0 -1 0.965926 0.258819 0 0.258819 -0.965926 0 15068.dat
1 272 -20 -63.2111 123.1571 0 0 1 -0.965926 0.258819 0 -0.258819 -0.965926 0 15068.dat
1 71 -30 -53.5519 125.7453 0 0 1 -0.965926 0.258819 0 -0.258819 -0.965926 0 3024.dat
1 272 -30 -72.8704 120.5689 1 0 0 0 0.258819 0.965926 0 -0.965926 0.258819 24201.dat
1 71 30 -53.5519 125.7453 0 0 1 -0.965926 0.258819 0 -0.258819 -0.965926 0 3024.dat
1 272 30 -72.8704 120.5689 1 0 0 0 0.258819 0.965926 0 -0.965926 0.258819 24201.dat
0 STEP
1 0 0 20 182 -1 0 0 0 -1 0 0 0 1 09-head.ldr
0 STEP
1 0 0 56 90 1 0 0 0 1 0 0 0 1 10-back-pack.ldr
0 STEP
1 0 -171.931 0 73.419 0.965926 0 0.258819 0 1 0 -0.258819 0 0.965926 12-01-arm.ldr
0 STEP
1 0 171.931 0 73.419 0.965926 0 -0.258819 0 1 0 0.258819 0 0.965926 12-02-arm.ldr
0 NOFILE
0 FILE 09-head.ldr
0 
0 Name: 09-head.ldr
0 Author: Nathanel Titane // nathanel.titane@gmail.com // All Rights Reserved
1 72 0 24 20 0 0 1 0 1 0 -1 0 0 3623.dat
1 72 0 0 0 1 0 0 0 1 0 0 0 1 87087.dat
1 72 0 0 20 0 0 1 0 1 0 -1 0 0 47905.dat
1 72 0 -8 10 0 0 1 0 1 0 -1 0 0 3023.dat
0 STEP
1 15 0 0 40 0 0 1 0 1 0 -1 0 0 47905.dat
1 15 0 -8 50 -1 0 0 0 1 0 0 0 -1 92946.dat
1 15 0 0 60 1 0 0 0 1 0 0 0 1 3005.dat
1 34 0 -8 40 -1 0 0 0 1 0 0 0 -1 54200.dat
0 STEP
1 15 0 -16 10 -1 0 0 0 1 0 0 0 -1 92946.dat
1 15 0 -16 0 1 0 0 0 1 0 0 0 1 54200.dat
0 STEP
1 0 0 26 60 0 0 -1 1 0 0 0 -1 0 2780.dat
1 15 0 52 60 1 0 0 0 -1 0 0 0 -1 3005.dat
1 34 0 52 60.0004 -1 0 0 0 -1 0 0 0 1 54200.dat
0 STEP
1 272 0 32 20 1 0 0 0 1 0 0 0 1 87087.dat
1 272 0 32 40 1 0 0 0 1 0 0 0 1 3005.dat
1 25 0 56 20 -1 0 0 0 1 0 0 0 -1 3665.dat
0 STEP
1 34 0 42 2 1 0 0 0 0 -1 0 1 0 3024.dat
1 15 0 41.9998 -6 0 0 1 1 0 0 0 1 0 2555.dat
1 272 0 46.75 -18.5 1 0 0 0 -0.25035 0.968155 0 -0.968155 -0.25035 3820.dat
0 STEP
1 272 -10 19.8486 38.2635 0 1 0 0.17362 0 0.984813 0.984813 0 -0.17362 11477.dat
1 272 -18.0005 39.5447 34.7912 0 1 0 0.984817 0 -0.173594 -0.173594 0 -0.984817 92280.dat
1 15 -24.0006 52.8651 52.7512 0.707129 0 0.707085 -0.696356 -0.173618 0.696381 0.122709 -0.984813 -0.122824 30088.dat
0 STEP
1 272 10 19.8486 38.2635 0 -1 0 -0.17362 0 0.984813 -0.984813 0 -0.17362 11477.dat
1 272 18.0005 39.5447 34.7912 0 -1 0 0.984808 0 0.173645 -0.173645 0 0.984808 92280.dat
1 15 24.0012 52.8651 52.7513 0.707129 -0.00013 -0.707085 0.69633 -0.173619 0.696406 -0.122854 -0.984813 -0.122681 30088.dat
0 STEP
1 15 -26 8.2643 10.1519 0 1 0 0.17362 0 0.984813 0.984813 0 -0.17362 99206.dat
1 15 -34 8.2643 10.1521 0 1 0 0.17362 0 0.984813 0.984813 0 -0.17362 3069b.dat
1 272 -17.9998 29.6967 16.5274 0 1 0 -0.173593 0 -0.984818 -0.984818 0 0.173593 54200.dat
0 STEP
1 72 -20 -9.4624 13.2769 0 0 -1 0.17362 0.984813 0 0.984813 -0.17362 0 3023.dat
1 15 -20.0003 -11.1986 3.4287 1 0 0 0 0.984813 0.17362 0 -0.17362 0.984813 54200.dat
1 15 -19.9998 -7.7262 23.125 -1 0 0 0 0.984813 -0.17362 0 -0.17362 -0.984813 54200.dat
0 STEP
1 72 -26.0003 26.2244 -3.1687 0 1 0 0.17362 0 0.984813 0.984813 0 -0.17362 3024.dat
1 15 -18.0003 36.0725 -4.9051 0 1 0 -0.173671 0 -0.984804 -0.984804 0 0.173671 11477.dat
0 STEP
1 15 26 8.2643 10.1519 0 -1 0 -0.17362 0 0.984813 -0.984813 0 -0.17362 99206.dat
1 15 34 8.2643 10.1521 0 -1 0 -0.17362 0 0.984813 -0.984813 0 -0.17362 3069b.dat
1 272 17.9997 29.6967 16.5274 0 -1 0 0.173645 0 -0.984808 0.984808 0 0.173645 54200.dat
0 STEP
1 72 20 -9.4624 13.2769 0 0 1 -0.17362 0.984813 0 -0.984813 -0.17362 0 3023.dat
1 15 19.9992 -7.7262 23.125 -1 0 0 0 0.984813 -0.17362 0 -0.17362 -0.984813 54200.dat
1 15 20.0008 -11.1986 3.4287 1 0 0 0 0.984813 0.17362 0 -0.17362 0.984813 54200.dat
0 STEP
1 72 26.0003 26.2244 -3.1687 0 -1 0 -0.17362 0 0.984813 -0.984813 0 -0.17362 3024.dat
1 15 18.0002 36.0725 -4.9051 0 -1 0 0.173568 0 -0.984822 0.984822 0 0.173568 11477.dat
0 NOFILE
0 FILE 10-back-pack.ldr
0 
0 Name: 10-back-pack.ldr
