0 FILE 00-instructions.ldr
0 Name: 00-instructions.ldr
0 Author: Nathanel Titane // nathanel.titane@gmail.com // All Rights Reserved
0
0 // LPUB[3D] FRONT COVER PAGE /////////////////////////////////////////////////
0
0 !LPUB PAGE DOCUMENT_TITLE_FRONT COLOR "#666666"
0 !LPUB PAGE DOCUMENT_TITLE_FRONT CONTENT GLOBAL "MODEL // SAP-02W SHIROKAMI"
0 !LPUB PAGE DOCUMENT_TITLE_FRONT DISPLAY GLOBAL TRUE
0 !LPUB PAGE DOCUMENT_TITLE_FRONT FONT "Noto Sans,72,-1,0,75,0,0,0,0,0,Bold"
0 !LPUB PAGE DOCUMENT_TITLE_FRONT MARGINS 0.2500 0.1000
0 !LPUB PAGE DOCUMENT_TITLE_FRONT PLACEMENT GLOBAL TOP_LEFT PAGE INSIDE OFFSET 0.0000 0.0000

0 !LPUB PAGE DOCUMENT_AUTHOR_FRONT CONTENT GLOBAL "MODEL DESIGN AND INSTRUCTIONS // NATHANEL TITANE"
0 !LPUB PAGE DOCUMENT_AUTHOR_FRONT COLOR "#666666"
0 !LPUB PAGE DOCUMENT_AUTHOR_FRONT DISPLAY GLOBAL TRUE
0 !LPUB PAGE DOCUMENT_AUTHOR_FRONT FONT "Noto Sans,18,-1,0,75,0,0,0,0,0,Bold"
0 !LPUB PAGE DOCUMENT_AUTHOR_FRONT MARGINS 0.3000 1.0000
0 !LPUB PAGE DOCUMENT_AUTHOR_FRONT PLACEMENT TOP_LEFT PAGE INSIDE OFFSET 0.0000 0.0000

0 !LPUB PAGE MODEL_PARTS COLOR "#666666"
0 !LPUB PAGE MODEL_PARTS CONTENT GLOBAL "370 PIECES"
0 !LPUB PAGE MODEL_PARTS DISPLAY GLOBAL TRUE
0 !LPUB PAGE MODEL_PARTS FONT "Noto Sans,72,-1,0,75,0,0,0,0,0,Bold"
0 !LPUB PAGE MODEL_PARTS MARGINS 0.2500 0.1000
0 !LPUB PAGE MODEL_PARTS PLACEMENT GLOBAL BOTTOM_LEFT PAGE INSIDE OFFSET 0.0000 0.0000

0 !LPUB PAGE PUBLISH_DESCRIPTION COLOR "#666666"
0 !LPUB PAGE PUBLISH_DESCRIPTION CONTENT GLOBAL "LEGO // LINUX - Where Lego and Linux Meet"
0 !LPUB PAGE PUBLISH_DESCRIPTION DISPLAY GLOBAL TRUE
0 !LPUB PAGE PUBLISH_DESCRIPTION FONT "Noto Sans,36,-1,0,75,0,0,0,0,0,Bold"
0 !LPUB PAGE PUBLISH_DESCRIPTION MARGINS 0.2000 0.2000
0 !LPUB PAGE PUBLISH_DESCRIPTION PLACEMENT GLOBAL BOTTOM_RIGHT PAGE INSIDE OFFSET 0.0000 0.0000
0
0 // LPUB[3D] BACK COVER PAGE //////////////////////////////////////////////////
0
0 // LPUB[3D] DOCUMENT DISCLAIMER
0 !LPUB PAGE LEGO_DISCLAIMER COLOR "#666666"
0 !LPUB PAGE LEGO_DISCLAIMER CONTENT GLOBAL "LEGO® // REGISTERED TRADEMARK OF THE LEGO GROUP"
0 !LPUB PAGE LEGO_DISCLAIMER DISPLAY GLOBAL TRUE
0 !LPUB PAGE LEGO_DISCLAIMER FONT "Noto Sans,36,-1,0,75,0,0,0,0,0,Bold"
0 !LPUB PAGE LEGO_DISCLAIMER PLACEMENT GLOBAL CENTER PAGE INSIDE OFFSET 0.0000 -0.2500
0
0 // LPUB[3D] PAGE DOCUMENT AUTHOR
0 !LPUB PAGE DOCUMENT_AUTHOR_BACK COLOR "#666666"
0 !LPUB PAGE DOCUMENT_AUTHOR_BACK CONTENT GLOBAL "MODEL DESIGN AND INSTRUCTIONS // NATHANEL TITANE"
0 !LPUB PAGE DOCUMENT_AUTHOR_BACK DISPLAY GLOBAL TRUE
0 !LPUB PAGE DOCUMENT_AUTHOR_BACK FONT "Noto Sans,36,-1,0,75,0,0,0,0,0,Bold"
0 !LPUB PAGE DOCUMENT_AUTHOR_BACK PLACEMENT CENTER PAGE INSIDE OFFSET 0.0000 -0.2000
0
0 // LPUB[3D] PAGE PUBLICATION COPYRIGHT
0 !LPUB PAGE PUBLISH_COPYRIGHT_BACK COLOR "#666666"
0 !LPUB PAGE PUBLISH_COPYRIGHT_BACK CONTENT GLOBAL "COPYRIGHT // ALL RIGHTS RESERVED"
0 !LPUB PAGE PUBLISH_COPYRIGHT_BACK DISPLAY GLOBAL TRUE
0 !LPUB PAGE PUBLISH_COPYRIGHT_BACK FONT "Noto Sans,36,-1,0,75,0,0,0,0,0,Bold"
0 !LPUB PAGE PUBLISH_COPYRIGHT_BACK PLACEMENT GLOBAL CENTER PAGE INSIDE OFFSET 0.0000 -0.1500
0
0 // LPUB[3D] PAGE PUBLICATION EMAIL
0 !LPUB PAGE PUBLISH_EMAIL_BACK COLOR "#666666"
0 !LPUB PAGE PUBLISH_EMAIL_BACK CONTENT GLOBAL "CONTACT // NATHANEL.TITANE@GMAIL.COM // INFO@LEGOLINUX.COM"
0 !LPUB PAGE PUBLISH_EMAIL_BACK DISPLAY GLOBAL TRUE
0 !LPUB PAGE PUBLISH_EMAIL_BACK FONT "Noto Sans,18,-1,0,75,0,0,0,0,0,Bold"
0 !LPUB PAGE PUBLISH_EMAIL_BACK PLACEMENT GLOBAL CENTER PAGE INSIDE OFFSET 0.0000 -0.0500
0
0 // LPUB[3D] PAGE PUBLICATION URL
0 !LPUB PAGE PUBLISH_URL_BACK COLOR "#666666"
0 !LPUB PAGE PUBLISH_URL_BACK CONTENT GLOBAL "WEB // HTTPS://LEGOLINUX.COM/MODELS/SKELETAL-ASSAULT-PODS/SAP-02W-SHIROKAMI"
0 !LPUB PAGE PUBLISH_URL_BACK DISPLAY GLOBAL TRUE
0 !LPUB PAGE PUBLISH_URL_BACK FONT "Noto Sans,18,-1,0,75,0,0,0,0,0,Bold"
0 !LPUB PAGE PUBLISH_URL_BACK PLACEMENT GLOBAL CENTER PAGE INSIDE OFFSET 0.0000 -0.0250
0
0 // LPUB[3D] PAGE LOGO
0 !LPUB PAGE DOCUMENT_LOGO_BACK DISPLAY GLOBAL TRUE
0 !LPUB PAGE DOCUMENT_LOGO_BACK FILE GLOBAL "/media/internal/Lego/lpub3d/instructions/logo.png"
0 !LPUB PAGE DOCUMENT_LOGO_BACK PLACEMENT CENTER PAGE INSIDE OFFSET 0.0000 0.45000
0 !LPUB PAGE DOCUMENT_LOGO_BACK SCALE GLOBAL  1.0000
0
0 // LPUB[3D] CONFIGURATION ////////////////////////////////////////////////////
0
0 // LPUB[3D] PAGE WATERMARK
0 !LPUB PAGE PUBLISH_EMAIL CONTENT GLOBAL "CONTACT // NATHANEL.TITANE@GMAIL.COM // INFO@LEGOLINUX.COM"
0 !LPUB PAGE PUBLISH_EMAIL COLOR "#666666"
0 !LPUB PAGE PUBLISH_EMAIL DISPLAY GLOBAL TRUE
0 !LPUB PAGE PUBLISH_EMAIL FONT "Noto Sans,18,-1,0,75,0,0,0,0,0,Bold"
0 !LPUB PAGE PUBLISH_EMAIL MARGINS 0.0000 0.1500
0 !LPUB PAGE PUBLISH_EMAIL PLACEMENT GLOBAL BOTTOM PAGE INSIDE OFFSET 0.0000 0.0000
0 !LPUB PAGE DOCUMENT_AUTHOR CONTENT GLOBAL "MODEL DESIGN AND INSTRUCTIONS // NATHANEL TITANE"
0 !LPUB PAGE DOCUMENT_AUTHOR COLOR "#666666"
0 !LPUB PAGE DOCUMENT_AUTHOR DISPLAY GLOBAL TRUE
0 !LPUB PAGE DOCUMENT_AUTHOR FONT "Noto Sans,18,-1,0,75,0,0,0,0,0,Bold"
0 !LPUB PAGE DOCUMENT_AUTHOR MARGINS 0.0000 0.2000
0 !LPUB PAGE DOCUMENT_AUTHOR PLACEMENT GLOBAL TOP PAGE INSIDE OFFSET 0.0000 0.0000
0
0 // LPUB[3D] STEPS HIGHLIGHT
0 !LPUB HIGHLIGHT_STEP ENABLED GLOBAL TRUE
0 !LPUB HIGHLIGHT_STEP COLOR GLOBAL "#7137C8"
0
0 // LPUB[3D] STEP FADE
0 !LPUB FADE_STEP OPACITY GLOBAL "50"
0 !LPUB FADE_STEP COLOR GLOBAL "Trans_Black"
0 !LPUB FADE_STEP ENABLED GLOBAL TRUE
0 !LPUB FINAL_MODEL_ENABLED GLOBAL TRUE
0
0 // LPUB[3D] SUBMODEL PREVIEW
0 !LPUB SUBMODEL_DISPLAY SHOW GLOBAL TRUE
0 !LPUB SUBMODEL_DISPLAY BACKGROUND COLOR "#DDDDDD"
0 !LPUB SUBMODEL_DISPLAY MARGINS 0.1500 0.7500
0 !LPUB SUBMODEL_DISPLAY BORDER SQUARE 0 Black 0.031 MARGINS 0.050 0.050
0 !LPUB SUBMODEL_DISPLAY PLACEMENT GLOBAL LEFT PAGE INSIDE
0 !LPUB SUBMODEL_DISPLAY CAMERA_ANGLES 30.0000 45.0000
0
0 // LPUB[3D] ASSEMBLIES
0 !LPUB ASSEM CAMERA_ANGLES 30.0000 45.0000
0 !LPUB ASSEM MARGINS 0.5000 0.5000
0 !LPUB ASSEM MODEL_SCALE 1.0000
0 !LPUB ASSEM PLACEMENT CENTER PAGE INSIDE OFFSET 0.0000 0.0000
0
0 // LPUB[3D] BILL OF MATERIALS
0 !LPUB BOM BACKGROUND COLOR "#DDDDDD"
0 !LPUB BOM BORDER SQUARE 0 #666666 0.025 MARGINS 0.050 0.050
0 !LPUB BOM CONSTRAIN HEIGHT 13.0000
0 !LPUB BOM CONSTRAIN SQUARE
0 !LPUB BOM PLACEMENT CENTER PAGE INSIDE OFFSET 0.0000 0.0000
0
0 // LPUB[3D] CALLOUTS
0 !LPUB CALLOUT BORDER SQUARE 0 #666666 0.025 MARGINS 0.050 0.050
0 !LPUB CALLOUT MARGINS 0.1250 0.1250
0 !LPUB CALLOUT PLACEMENT RIGHT PAGE INSIDE OFFSET 0.0000 0.0000
0
0 // LPUB[3D] PAGE
0 !LPUB PAGE DOCUMENT_COVER_IMAGE DISPLAY GLOBAL TRUE
0 !LPUB PAGE DOCUMENT_COVER_IMAGE FILE GLOBAL "../renders/flat/flat.png"
0 !LPUB PAGE DOCUMENT_COVER_IMAGE FILL GLOBAL ASPECT
0 !LPUB PAGE DOCUMENT_COVER_IMAGE MARGINS GLOBAL 0.0000 0.0000
0 !LPUB PAGE DOCUMENT_COVER_IMAGE PLACEMENT GLOBAL CENTER PAGE INSIDE OFFSET 0.0000 0.0000
0 !LPUB PAGE DOCUMENT_COVER_IMAGE SCALE GLOBAL 1.0000
0
0 // LPUB[3D] PAGE NUMBER
0 !LPUB PAGE NUMBER FONT "Noto Sans,36,-1,0,75,0,0,0,0,0,Bold"
0 !LPUB PAGE NUMBER FONT_COLOR "#666666"
0 !LPUB PAGE NUMBER MARGINS 0.1250 0.1250
0 !LPUB PAGE NUMBER PLACEMENT BOTTOM_RIGHT PAGE INSIDE OFFSET 0.0000 0.0000
0
0 // LPUB[3D] PAGE SETUP
0 !LPUB PAGE BORDER GLOBAL NONE 0 MARGINS 0.000 0.000
0 !LPUB PAGE ENABLE_TEXT_PLACEMENT GLOBAL CENTER PAGE INSIDE OFFSET 0.0000 0.0000
0 !LPUB PAGE TEXT_PLACEMENT GLOBAL TRUE
0 !LPUB PAGE PAGE_FOOTER SIZE GLOBAL 32.0000 0.5000
0 !LPUB PAGE PAGE_HEADER SIZE GLOBAL 32.0000 0.5000
0 !LPUB PAGE MARGINS GLOBAL 0.0000 0.0000
0 !LPUB PAGE ORIENTATION GLOBAL LANDSCAPE
0 !LPUB PAGE SIZE GLOBAL 16.0000 32.0000
0
0 // LPUB[3D] PAGE COLORS
0 !LPUB PAGE SUBMODEL_BACKGROUND_COLOR GLOBAL "#DDDDDD" "#FFE680" "#FFAAAA" "#C6AFE9"
0
0 // LPUB[3D] SUBMODELS
0 !LPUB PAGE SUBMODEL_INSTANCE_COUNT FONT_COLOR "#FF5555"
0 !LPUB PAGE SUBMODEL_INSTANCE_COUNT FONT "Noto Sans,72,-1,0,75,0,0,0,0,0,Bold"
0 !LPUB PAGE SUBMODEL_INSTANCE_COUNT MARGINS 0.0000 0.1250
0 !LPUB PAGE SUBMODEL_INSTANCE_COUNT PLACEMENT BOTTOM_RIGHT PAGE INSIDE OFFSET 0.0000 -0.0500
0
0 // LPUB[3D] PARTS LIST
0 !LPUB PLI BACKGROUND COLOR "#DDDDDD"
0 !LPUB PLI BORDER SQUARE 0 #666666 0.025 MARGINS 0.0500 0.050
0 !LPUB PLI CAMERA_ANGLES 30.0000 45.0000
0 !LPUB PLI CONSTRAIN HEIGHT 5.0000
0 !LPUB PLI MODEL_SCALE  1.0000
0 !LPUB PLI MARGINS 0.1500 0.7500
0 !LPUB PLI PLACEMENT TOP_RIGHT PAGE INSIDE OFFSET 0.0000 0.0000
0 !LPUB PLI INSTANCE_COUNT FONT "Noto Sans,36,-1,0,75,0,0,0,0,0,Bold"
0 !LPUB PLI INSTANCE_COUNT FONT_COLOR "#666666"
0 !LPUB PLI INSTANCE_COUNT MARGINS 0.0125 0.0125
0 !LPUB PLI INSTANCE_COUNT MARGINS 0.0125 0.3000
0
0 // LPUB[3D] STEP NUMBER
0 !LPUB STEP_NUMBER FONT "Noto Sans,72,-1,0,75,0,0,0,0,0,Bold"
0 !LPUB STEP_NUMBER FONT_COLOR "#666666"
0 !LPUB STEP_NUMBER MARGINS 0.1250 0.0000
0 !LPUB STEP_NUMBER PLACEMENT TOP_LEFT PAGE INSIDE OFFSET 0.0000 0.0000
0
0 // LPUB[3D] BEGIN INSTRUCTIONS ///////////////////////////////////////////////
0
0 STEP
0 !LPUB INSERT COVER_PAGE FRONT
0 STEP
0 !LPUB ASSEM MODEL_SCALE LOCAL 0.7500
1 0 0 0 0 1 0 0 0 1 0 0 0 1 00-model.ldr
0 STEP
0
0 // LPUB[3D] DISABLE FINAL MODEL SHOWCASE /////////////////////////////////////
0
0 !LPUB NOSTEP
0
0 // LPUB[3D] BOM PAGES
0 STEP
0 !LPUB INSERT PAGE
0 !LPUB INSERT BOM
0 STEP
0 !LPUB INSERT PAGE
0 !LPUB INSERT BOM
0 STEP
0 !LPUB INSERT PAGE
0 !LPUB INSERT BOM
0 STEP
0 !LPUB INSERT PAGE
0 !LPUB INSERT BOM
0 STEP
0 !LPUB INSERT PAGE
0 !LPUB INSERT BOM
0 STEP
0 !LPUB INSERT PAGE
0 !LPUB INSERT BOM
0 STEP
0 !LPUB INSERT PAGE
0 !LPUB INSERT BOM
0 STEP
0 !LPUB INSERT PAGE
0 !LPUB INSERT BOM
0 STEP
0 !LPUB INSERT PAGE
0 !LPUB INSERT BOM
0 STEP
0 !LPUB INSERT PAGE
0 !LPUB INSERT BOM
0 STEP
0 !LPUB INSERT PAGE
0 !LPUB INSERT BOM
0 STEP
0 !LPUB INSERT PAGE
0 !LPUB INSERT BOM
0 STEP
0
0 !LPUB NOSTEP
0
0 !LPUB INSERT COVER_PAGE BACK
0
0 // LPUB[3D] END INSTRUCTIONS /////////////////////////////////////////////////
0
0 NOFILE
0 FILE 00-model.ldr
0 
0 Name: 00-model.ldr
0 Author: Nathanel Titane // nathanel.titane@gmail.com // All Rights Reserved
1 0 0 0 0 1 0 0 0 0 -1 0 1 0 05-waist.ldr
0 STEP
1 0 0 -44 0 1 0 0 0 0 -1 0 1 0 06-torso.ldr
0 STEP
0 NOFILE
0 FILE 01-foot.ldr
0 
0 Name: 01-foot.ldr
0 Author: Nathanel Titane // nathanel.titane@gmail.com // All Rights Reserved
1 71 0 -6 10 0 0 1 -1 0 0 0 -1 0 4697b.dat
1 0 0 0 -5 1 0 0 0 1 0 0 0 1 2555.dat
0 STEP
1 0 0 8 -15 0 0 1 0 1 0 -1 0 0 60478.dat
1 0 0 8 -25 1 0 0 0 1 0 0 0 1 54200.dat
1 0 0 16 -15 0 0 -1 0 1 0 1 0 0 60478.dat
1 0 0 24 -15 0 0 1 0 1 0 -1 0 0 60478.dat
0 STEP
1 0 0 32 -5 1 0 0 0 1 0 0 0 1 3665.dat
1 0 0 56 -5 1 0 0 0 1 0 0 0 1 3062b.dat
0 STEP
1 72 0 30.242 -49.242 0 0 1 -0.707107 0.707107 0 -0.707107 -0.707107 0 2555.dat
1 72 0 37.314 -53.486 1 0 0 0 0.707107 0.707107 0 -0.707107 0.707107 6120.dat
0 STEP
1 72 0 -18.034 -34.134 0 0 1 0.906308 0.422618 0 -0.422618 0.906308 0 63868.dat
1 72 0 -21.414 -41.384 0 0 -1 -0.906308 0.422618 0 0.422618 0.906308 0 3069b.dat
0 NOFILE
0 FILE 02-01-shin.ldr
0 
0 Name: 02-01-shin.ldr
0 Author: Nathanel Titane // nathanel.titane@gmail.com // All Rights Reserved
1 0 0 0 0 1 0 0 0 1 0 0 0 1 4081b.dat
1 71 -12 2 -20 0 1 0 0 0 1 1 0 0 4085d.dat
1 71 -20 2 -20 0 1 0 0 0 1 1 0 0 4085d.dat
1 15 -12 12 -20 0 1 0 0 0 -1 -1 0 0 11477.dat
0 STEP
1 71 12 2 -20 0 -1 0 0 0 1 -1 0 0 4085d.dat
1 71 20 2 -20 0 -1 0 0 0 1 -1 0 0 4085d.dat
1 15 12 12 -20 0 -1 0 0 0 -1 1 0 0 11477.dat
0 STEP
1 15 0 -8 30 0 0 -1 0 1 0 1 0 0 92593.dat
1 0 0 0 50 0 0 1 0 1 0 -1 0 0 3710.dat
0 STEP
1 4 0 -8 90 0 0 1 0 1 0 -1 0 0 3023.dat
1 0 0 0 100 -1 0 0 0 1 0 0 0 -1 4081b.dat
0 STEP
0 STEP
0 STEP
1 0 0 8 80 -1 0 0 0 1 0 0 0 -1 3665.dat
1 0 0 8 20 1 0 0 0 1 0 0 0 1 3665.dat
1 0 0 8 50 0 0 -1 0 1 0 1 0 0 52107.dat
0 STEP
1 0 0 32 50 0 0 1 0 1 0 -1 0 0 48336.dat
1 0 0 40 60 1 0 0 0 1 0 0 0 1 4073.dat
1 0 0 40 40 1 0 0 0 1 0 0 0 1 4073.dat
0 STEP
1 15 -18 18 50 0 1 0 0 0 -1 -1 0 0 2431.dat
1 15 18 18 50 0 -1 0 0 0 -1 1 0 0 2431.dat
0 STEP
1 15 0 -8 0 -1 0 0 0 1 0 0 0 -1 54200.dat
1 15 0 -32 120 1 0 0 0 1 0 0 0 1 60477.dat
1 15 0 -40 120 0 0 1 0 1 0 -1 0 0 2555.dat
1 15 0 -48 150 0 0 1 0 1 0 -1 0 0 60478.dat
1 15 0 -56 150 0 0 -1 0 1 0 1 0 0 3069b.dat
0 STEP
1 0 0 -20.829 -31.314 1 0 0 0 0.707107 0.707107 0 -0.707107 0.707107 01-foot.ldr
0 NOFILE
0 FILE 02-02-shin.ldr
0 
0 Name: 02-02-shin.ldr
0 Author: Nathanel Titane // nathanel.titane@gmail.com // All Rights Reserved
1 0 0 0 0 1 0 0 0 1 0 0 0 1 4081b.dat
1 71 -12 2 -20 0 1 0 0 0 1 1 0 0 4085d.dat
1 71 -20 2 -20 0 1 0 0 0 1 1 0 0 4085d.dat
1 15 -12 12 -20 0 1 0 0 0 -1 -1 0 0 11477.dat
0 STEP
1 71 12 2 -20 0 -1 0 0 0 1 -1 0 0 4085d.dat
1 71 20 2 -20 0 -1 0 0 0 1 -1 0 0 4085d.dat
1 15 12 12 -20 0 -1 0 0 0 -1 1 0 0 11477.dat
0 STEP
1 15 0 -8 30 0 0 -1 0 1 0 1 0 0 92593.dat
1 0 0 0 50 0 0 1 0 1 0 -1 0 0 3710.dat
0 STEP
1 4 0 -8 90 0 0 1 0 1 0 -1 0 0 3023.dat
1 0 0 0 100 -1 0 0 0 1 0 0 0 -1 4081b.dat
0 STEP
1 0 0 8 80 -1 0 0 0 1 0 0 0 -1 3665.dat
1 0 0 8 20 1 0 0 0 1 0 0 0 1 3665.dat
1 0 0 8 50 0 0 -1 0 1 0 1 0 0 52107.dat
0 STEP
1 0 0 32 50 0 0 -1 0 1 0 1 0 0 48336.dat
1 0 0 40 60 1 0 0 0 1 0 0 0 1 4073.dat
1 0 0 40 40 1 0 0 0 1 0 0 0 1 4073.dat
0 STEP
1 15 -18 18 50 0 1 0 0 0 -1 -1 0 0 2431.dat
1 15 18 18 50 0 -1 0 0 0 -1 1 0 0 2431.dat
0 STEP
1 15 0 -8 0 -1 0 0 0 1 0 0 0 -1 54200.dat
1 15 0 -32 120 1 0 0 0 1 0 0 0 1 60477.dat
1 15 0 -40 120 0 0 1 0 1 0 -1 0 0 2555.dat
1 15 0 -48 150 0 0 1 0 1 0 -1 0 0 60478.dat
1 15 0 -56 150 0 0 -1 0 1 0 1 0 0 3069b.dat
0 STEP
1 0 0 -20.829 -31.314 1 0 0 0 0.707107 0.707107 0 -0.707107 0.707107 01-foot.ldr
0 NOFILE
0 FILE 03-tab.ldr
0 
0 Name: 03-tab.ldr
0 Author: Nathanel Titane // nathanel.titane@gmail.com // All Rights Reserved
1 0 0 0 0 0 0 -1 0 1 0 1 0 0 35480.dat
0 STEP
1 0 0 -8 10 -1 0 0 0 1 0 0 0 -1 24246.dat
1 0 0 -8 -10 1 0 0 0 1 0 0 0 1 24246.dat
0 STEP
0 NOFILE
0 FILE 04-01-foreleg.ldr
0 
0 Name: 04-01-foreleg.ldr
0 Author: Nathanel Titane // nathanel.titane@gmail.com // All Rights Reserved
1 0 0 0 0 1 0 0 0 1 0 0 0 1 4081b.dat
0 STEP
1 4 0 -8 10 0 0 1 0 1 0 -1 0 0 3023.dat
1 0 10 0 20 0 0 -1 0 1 0 1 0 0 92946.dat
1 0 0 8 40 1 0 0 0 1 0 0 0 1 4287.dat
0 STEP
1 0 20 8 20 1 0 0 0 1 0 0 0 1 47905.dat
1 0 20 18 30 0 0 -1 1 0 0 0 -1 0 54200.dat
1 0 20 18 10 0 0 -1 -1 0 0 0 1 0 54200.dat
0 STEP
1 0 0 0 50 0 0 -1 0 1 0 1 0 0 99207.dat
1 4 0 -8 50 0 0 -1 0 1 0 1 0 0 60478.dat
0 STEP
1 15 0 -32 10 0 0 1 0 1 0 -1 0 0 30414.dat
1 15 0 -32 60 -1 0 0 0 1 0 0 0 -1 3665.dat
1 15 0 -40 30 0 0 -1 0 1 0 1 0 0 6636.dat
0 STEP
1 15 -18 -12 30 0 1 0 0 0 -1 -1 0 0 3068b.dat
1 15 -18 -22 -10 0 1 0 0 0 -1 -1 0 0 3069b.dat
0 STEP
1 0 0 8 60 1 0 0 0 1 0 0 0 1 3062b.dat
1 0 0 32 60 1 0 0 0 1 0 0 0 1 4073.dat
0 STEP
1 0 22 -2 50 0 -1 0 0 0 -1 1 0 0 44302a.dat
1 0 22 -22 50 0 -1 0 0 0 1 -1 0 0 32028.dat
1 72 30 -12 50 0 -1 0 1 0 0 0 0 1 3068a.dat
0 STEP
0 !LEOCAD PIECE PIVOT  0 0 10 1 0 0 0 1 0 0 0 1
1 0 -12 2 -30 0 1 0 -1 0 0 0 0 1 03-tab.ldr
0 STEP
0 !LEOCAD PIECE PIVOT  0 0 10 1 0 0 0 1 0 0 0 1
1 0 12 2 -30 0 -1 0 1 0 0 0 0 1 03-tab.ldr
0 STEP
1 0 0 0 -160 1 0 0 0 1 0 0 0 1 02-01-shin.ldr
0 NOFILE
0 FILE 04-02-foreleg.ldr
0 
0 Name: 04-02-foreleg.ldr
0 Author: Nathanel Titane // nathanel.titane@gmail.com // All Rights Reserved
1 0 0 0 0 1 0 0 0 1 0 0 0 1 4081b.dat
0 STEP
1 4 0 -8 10 0 0 1 0 1 0 -1 0 0 3023.dat
1 0 -10 0 20 0 0 1 0 1 0 -1 0 0 92946.dat
1 0 0 8 40 1 0 0 0 1 0 0 0 1 4287.dat
0 STEP
1 0 -20 8 20 -1 0 0 0 1 0 0 0 -1 47905.dat
1 0 -20 18 10 0 0 1 1 0 0 0 1 0 54200.dat
1 0 -20 18 30 0 0 1 -1 0 0 0 -1 0 54200.dat
0 STEP
1 0 0 0 50 0 0 1 0 1 0 -1 0 0 99207.dat
1 4 0 -8 50 0 0 -1 0 1 0 1 0 0 60478.dat
0 STEP
1 15 0 -32 10 0 0 -1 0 1 0 1 0 0 30414.dat
1 15 0 -32 60 -1 0 0 0 1 0 0 0 -1 3665.dat
1 15 0 -40 30 0 0 -1 0 1 0 1 0 0 6636.dat
0 STEP
1 15 18 -12 30 0 -1 0 0 0 -1 1 0 0 3068b.dat
1 15 18 -22 -10 0 -1 0 0 0 -1 1 0 0 3069b.dat
0 STEP
1 0 0 8 60 1 0 0 0 1 0 0 0 1 3062b.dat
1 0 0 32 60 1 0 0 0 1 0 0 0 1 4073.dat
0 STEP
1 0 -22 -2 50 0 1 0 0 0 1 1 0 0 44302a.dat
1 0 -22 -22 50 0 1 0 0 0 1 1 0 0 32028.dat
1 72 -30 -12 50 0 1 0 1 0 0 0 0 -1 3068a.dat
0 STEP
0 !LEOCAD PIECE PIVOT  0 0 10 1 0 0 0 1 0 0 0 1
1 0 -12 2 -30 0 1 0 -1 0 0 0 0 1 03-tab.ldr
0 STEP
0 !LEOCAD PIECE PIVOT  0 0 10 1 0 0 0 1 0 0 0 1
1 0 12 2 -30 0 -1 0 1 0 0 0 0 1 03-tab.ldr
1 0 0 0 -160 1 0 0 0 1 0 0 0 1 02-02-shin.ldr
0 NOFILE
0 FILE 05-waist.ldr
0 
0 Name: 05-waist.ldr
0 Author: Nathanel Titane // nathanel.titane@gmail.com // All Rights Reserved
1 0 0 24 -20 1 0 0 0 1 0 0 0 1 2341.dat
0 STEP
1 0 0 0 0 -1 0 0 0 1 0 0 0 -1 87087.dat
1 71 0 10 20 0 0 1 -1 0 0 0 -1 0 4697b.dat
0 STEP
1 0 0 0 -20 0 0 1 0 1 0 -1 0 0 47905.dat
1 0 0 0 -40 1 0 0 0 1 0 0 0 1 4287.dat
0 STEP
1 72 0 -8 -60 0 0 1 0 1 0 -1 0 0 3623.dat
1 72 0 -8 -10 -1 0 0 0 1 0 0 0 -1 92946.dat
0 STEP
1 15 0 -32 -20 1 0 0 0 1 0 0 0 1 60477.dat
1 15 0 -32 -20 -1 0 0 0 1 0 0 0 -1 54200.dat
0 STEP
1 71 -24 10 -20 0.258819 0.965926 0 0.965926 -0.258819 0 0 0 -1 4697b.dat
1 71 -33.696 -18.46 -12 0.258819 0.965926 0 0.965926 -0.258819 0 0 0 -1 63868.dat
1 71 -31.108 -8.801 -32 0 0.965926 -0.258819 0 -0.258819 -0.965926 -1 0 0 4081b.dat
1 0 -44.012 -26.049 -12 -0.258819 0.965926 0 -0.965926 -0.258819 0 0 0 1 4081b.dat
1 0 -38.836 -6.73 -22 0 0.965926 -0.258819 0 -0.258819 -0.965926 -1 0 0 30383.dat
0 STEP
1 15 -41.424 -16.39 -12 -0.258819 0.965926 0 -0.965926 -0.258819 0 0 0 1 85984.dat
1 0 -28.557 -30.19 -12 0.258819 0.965926 0 0.965926 -0.258819 0 0 0 -1 4073.dat
1 0 -23.381 -10.871 -12 0.258819 0.965926 0 0.965926 -0.258819 0 0 0 -1 4073.dat
1 0 -23.381 -10.871 -32 0.258819 0.965926 0 0.965926 -0.258819 0 0 0 -1 4073.dat
0 STEP
1 71 24 10 -20 0.258819 -0.965926 0 -0.965926 -0.258819 0 0 0 -1 4697b.dat
1 71 33.696 -18.46 -12 -0.258819 -0.965926 0 0.965926 -0.258819 0 0 0 1 63868.dat
1 71 31.108 -8.801 -32 0 -0.965926 0.258819 0 -0.258819 -0.965926 1 0 0 4081b.dat
1 0 44.012 -26.049 -12 -0.258819 -0.965926 0 0.965926 -0.258819 0 0 0 1 4081b.dat
1 0 38.836 -6.73 -22 0 -0.965926 -0.258819 0 -0.258819 0.965926 -1 0 0 30383.dat
0 STEP
1 15 41.424 -16.39 -12 -0.258819 -0.965926 0 0.965926 -0.258819 0 0 0 1 85984.dat
1 0 23.381 -10.871 -12 0.258819 -0.965926 0 -0.965926 -0.258819 0 0 0 -1 4073.dat
1 0 28.557 -30.19 -12 0.258819 -0.965926 0 -0.965926 -0.258819 0 0 0 -1 4073.dat
1 0 23.381 -10.871 -32 0.258819 -0.965926 0 -0.965926 -0.258819 0 0 0 -1 4073.dat
0 STEP
1 0 -63.432 1.931 -112 0.965926 0.258819 0 -0.258819 0.965926 0 0 0 1 04-01-foreleg.ldr
0 STEP
1 0 63.432 1.931 -112 0.965926 -0.258819 0 0.258819 0.965926 0 0 0 1 04-02-foreleg.ldr
0 NOFILE
0 FILE 06-torso.ldr
0 
0 Name: 06-torso.ldr
0 Author: Nathanel Titane // nathanel.titane@gmail.com // All Rights Reserved
1 0 0 28 10 0 0 -1 0 -1 0 -1 0 0 92582.dat
1 71 0 28 20 1 0 0 0 -1 0 0 0 -1 85984.dat
0 STEP
1 0 0 20 20 -1 0 0 0 -1 0 0 0 1 32000.dat
1 0 -10 10 30 0 0 1 0 -1 0 1 0 0 2780.dat
1 0 10 10 30 0 0 1 0 -1 0 1 0 0 2780.dat
0 STEP
1 0 10 20 0 -1 0 0 0 -1 0 0 0 1 87087.dat
1 0 -10 20 0 -1 0 0 0 -1 0 0 0 1 87087.dat
1 0 -10 10 -18 0 0 -1 -1 0 0 0 1 0 2555.dat
1 0 10 10 -18 0 0 -1 -1 0 0 0 1 0 2555.dat
0 STEP
1 25 -10 -4 0 1 0 0 0 -1 0 0 0 -1 3665.dat
1 25 10 -4 0 1 0 0 0 -1 0 0 0 -1 3665.dat
0 STEP
1 0 0 54.098 0.249 1 0 0 0 -0.087156 0.996195 0 -0.996195 -0.087156 60471.dat
1 72 0 63.363 -8.592 1 0 0 0 -0.087156 0.996195 0 -0.996195 -0.087156 11203.dat
1 0 0 74.022 -1.494 -1 0 0 0 -0.087156 -0.996195 0 -0.996195 0.087156 48336.dat
0 STEP
1 0 0 91.772 34.771 -1 0 0 0 1 0 0 0 -1 30350b.dat
1 0 -10 99.772 44.77 0 0 -1 0 1 0 1 0 0 44302a.dat
1 0 10 99.772 44.77 0 0 -1 0 1 0 1 0 0 44302a.dat
1 0 -10 107.772 44.77 0 0 1 0 1 0 -1 0 0 60478.dat
1 0 10 107.772 44.77 0 0 1 0 1 0 -1 0 0 60478.dat
0 STEP
1 0 -10 114.014 10.528 0 0 -1 0.707107 0.707107 0 0.707107 -0.707107 0 2555.dat
1 0 10 114.014 10.528 0 0 -1 0.707107 0.707107 0 0.707107 -0.707107 0 2555.dat
0 STEP
1 0 -10 112.6 -2.2 1 0 0 0 0.707107 0.707107 0 -0.707107 0.707107 92946.dat
1 0 -10 111.186 -14.928 -1 0 0 0 0.707107 -0.707107 0 -0.707107 -0.707107 3665.dat
1 0 10 112.6 -2.2 1 0 0 0 0.707107 0.707107 0 -0.707107 0.707107 92946.dat
1 0 10 111.186 -14.928 -1 0 0 0 0.707107 -0.707107 0 -0.707107 -0.707107 3665.dat
0 STEP
1 15 0 99.772 44.77 0 0 1 0 1 0 -1 0 0 4871.dat
1 15 -30 91.772 24.771 0 0 -1 0 1 0 1 0 0 3710.dat
1 15 30 91.772 24.771 0 0 -1 0 1 0 1 0 0 3710.dat
1 0 30 67.771 44.77 0 0 1 0 1 0 -1 0 0 4865b.dat
1 0 -30 67.771 44.77 0 0 -1 0 1 0 1 0 0 4865b.dat
0 STEP
1 25 30 99.772 14.771 1 0 0 0 1 0 0 0 1 3665.dat
1 25 -30 99.772 14.771 1 0 0 0 1 0 0 0 1 3665.dat
1 15 -30 67.772 4.771 0 0 1 0 1 0 -1 0 0 3937.dat
1 15 30 67.772 4.771 0 0 -1 0 1 0 1 0 0 3937.dat
1 71 -30 67.772 4.771 0 0 1 0 1 0 -1 0 0 3938.dat
1 15 -30 59.772 4.771 -1 0 0 0 1 0 0 0 -1 92946.dat
1 15 -30 35.771 -5.229 1 0 0 0 1 0 0 0 1 3665.dat
1 15 -30 35.772 -15.229 0 0 1 0 1 0 -1 0 0 85984.dat
1 71 30 67.772 4.771 0 0 1 0 1 0 -1 0 0 3938.dat
1 15 30 59.772 4.771 -1 0 0 0 1 0 0 0 -1 92946.dat
1 15 30 35.771 -5.229 1 0 0 0 1 0 0 0 1 3665.dat
1 15 30 35.772 -15.229 0 0 -1 0 1 0 1 0 0 85984.dat
0 STEP
1 0 0 0 40 1 0 0 0 1 0 0 0 1 32000.dat
1 0 0 24 50 1 0 0 0 1 0 0 0 1 u8200.dat
1 0 30 32 50 0 0 -1 0 1 0 1 0 0 44302a.dat
1 0 -30 32 50 0 0 -1 0 1 0 1 0 0 44302a.dat
1 72 0 32 50 1 0 0 0 1 0 0 0 1 11203.dat
0 STEP
1 0 -10 0 60 -1 0 0 0 1 0 0 0 -1 4070.dat
1 0 10 0 60 -1 0 0 0 1 0 0 0 -1 4070.dat
0 STEP
1 0 0 10 74 1 0 0 0 0 1 0 -1 0 3023.dat
1 0 0 10 82 -1 0 0 0 0 -1 0 -1 0 48336.dat
1 0 0 10 82 1 0 0 0 0 1 0 -1 0 85984.dat
0 STEP
1 72 0 -8 50 1 0 0 0 1 0 0 0 1 3022.dat
1 15 0 -32 40 -1 0 0 0 1 0 0 0 -1 3049c.dat
1 15 0 -32 60 1 0 0 0 1 0 0 0 1 3049c.dat
0 STEP
1 0 -30 0 50 0 0 1 0 1 0 -1 0 0 3937.dat
1 71 -37.071 2.929 50 0 0.707107 0.707107 0 0.707107 -0.707107 -1 0 0 6134.dat
1 0 -35.657 -9.799 50 0 0.707107 0.707107 0 0.707107 -0.707107 -1 0 0 92582.dat
0 STEP
1 71 -45.556 -33.841 70 0 0.707107 0.707107 0 0.707107 -0.707107 -1 0 0 3298.dat
1 71 -45.556 -33.841 80 -0.707107 0.707107 0 0.707107 0.707107 0 0 0 -1 54200.dat
1 40 -45.556 -33.841 60 0.707107 0.707107 0 -0.707107 0.707107 0 0 0 1 54200.dat
1 0 -56.87 11.414 60 0.707107 0.707107 0 -0.707107 0.707107 0 0 0 1 4081b.dat
1 0 -56.87 11.414 80 0 0.707107 -0.707107 0 0.707107 0.707107 1 0 0 4287.dat
0 STEP
1 0 -50.9 -25.041 27.272 -0.707107 0.5 -0.5 0.707107 0.5 -0.5 0 -0.707107 -0.707107 60471.dat
1 0 -46.899 -21.041 21.615 0.707107 0.5 0.5 -0.707107 0.5 0.5 0 -0.707107 0.707107 48336.dat
1 15 -49.97 -9.97 15.958 0.5 0.5 -0.707107 0.5 0.5 0.707107 0.707107 -0.707107 0 3665.dat
1 71 -50.9 -25.041 27.272 0.707107 0.5 0.5 -0.707107 0.5 0.5 0 -0.707107 0.707107 85984.dat
0 STEP
1 0 30 0 50 0 0 -1 0 1 0 1 0 0 3937.dat
1 71 37.071 2.929 50 0 -0.707107 -0.707107 0 0.707107 -0.707107 1 0 0 6134.dat
1 0 35.657 -9.799 50 0 -0.707107 0.707107 0 0.707107 0.707107 -1 0 0 92582.dat
0 STEP
1 71 45.556 -33.841 70 0 -0.707107 -0.707107 0 0.707107 -0.707107 1 0 0 3298.dat
1 71 51.214 -39.498 70 0 -0.707107 -0.707107 0 0.707107 -0.707107 1 0 0 3069b.dat
1 0 56.87 11.414 60 0.707107 -0.707107 0 0.707107 0.707107 0 0 0 1 4081b.dat
1 0 56.87 11.414 80 0 -0.707107 0.707107 0 0.707107 0.707107 -1 0 0 4287.dat
0 STEP
1 0 50.9 -25.041 27.272 -0.707107 -0.5 0.5 -0.707107 0.5 -0.5 0 -0.707107 -0.707107 60471.dat
1 0 46.899 -21.041 21.615 0.707107 -0.5 -0.5 0.707107 0.5 0.5 0 -0.707107 0.707107 48336.dat
1 15 49.97 -9.97 15.958 0.5 -0.5 0.707107 -0.5 0.5 0.707107 -0.707107 -0.707107 0 3665.dat
1 71 50.9 -25.041 27.272 0.707107 -0.5 -0.5 0.707107 0.5 0.5 0 -0.707107 0.707107 85984.dat
0 STEP
1 0 -30 64 82 0 0 1 -1 0 0 0 -1 0 44301a.dat
1 0 -30 64 90 0 0 1 -1 0 0 0 -1 0 60470.dat
1 15 -30 64 90 0 0 1 -1 0 0 0 -1 0 85984.dat
1 0 -30 64 74 0 0 1 -1 0 0 0 -1 0 44728.dat
0 STEP
1 0 -52 64 64 0 1 0 1 0 0 0 0 -1 92280.dat
1 72 -52 54 64 0 1 0 1 0 0 0 0 -1 54200.dat
1 0 -52 64 44 0 1 0 -1 0 0 0 0 1 2540.dat
1 0 -50 84 24 0.707107 0 -0.707107 0 -1 0 -0.707107 0 -0.707107 44676.dat
1 0 -52 64 44 0 1 0 -1 0 0 0 0 1 85984.dat
0 STEP
1 0 30 64 82 0 0 1 -1 0 0 0 -1 0 44301a.dat
1 0 30 64 90 0 0 -1 1 0 0 0 -1 0 60470.dat
1 15 30 64 90 0 0 -1 1 0 0 0 -1 0 85984.dat
1 0 30 64 74 0 0 -1 1 0 0 0 -1 0 44728.dat
0 STEP
1 0 52 64 64 0 -1 0 1 0 0 0 0 1 92280.dat
1 72 52 54 64 0 -1 0 -1 0 0 0 0 -1 54200.dat
1 0 52 64 44 0 -1 0 1 0 0 0 0 1 2540.dat
1 0 50 84 24 0.707107 0 0.707107 0 -1 0 0.707107 0 -0.707107 44676.dat
1 0 52 64 44 0 -1 0 1 0 0 0 0 1 85984.dat
0 STEP
1 0 -10 98.943 86.084 0 0 1 0.707107 0.707107 0 -0.707107 0.707107 0 30383.dat
1 0 10 98.943 86.084 0 0 1 0.707107 0.707107 0 -0.707107 0.707107 0 30383.dat
1 0 0 111.671 84.671 1 0 0 0 0.707107 -0.707107 0 0.707107 0.707107 32028.dat
1 0 0 117.327 90.327 1 0 0 0 0.707107 -0.707107 0 0.707107 0.707107 32028.dat
1 0 0 97.528 98.812 -1 0 0 0 0.707107 0.707107 0 0.707107 -0.707107 32028.dat
1 0 0 103.186 104.47 -1 0 0 0 0.707107 0.707107 0 0.707107 -0.707107 32028.dat
1 71 -10 91.873 93.156 0 0 -1 -0.707107 0.707107 0 0.707107 0.707107 0 54200.dat
1 71 10 91.873 93.156 0 0 1 0.707107 0.707107 0 -0.707107 0.707107 0 54200.dat
0 STEP
1 15 0 104.6 91.741 0 0 1 0.707107 0.707107 0 -0.707107 0.707107 0 4871.dat
1 15 30 98.943 86.084 -1 0 0 0 0.707107 0.707107 0 0.707107 -0.707107 92946.dat
1 25 30 106.013 79.012 1 0 0 0 0.707107 -0.707107 0 0.707107 0.707107 54200.dat
1 15 -30 98.943 86.084 -1 0 0 0 0.707107 0.707107 0 0.707107 -0.707107 92946.dat
1 25 -30 106.013 79.012 1 0 0 0 0.707107 -0.707107 0 0.707107 0.707107 54200.dat
0 STEP
1 0 0 45.236 93.109 1 0 0 0 0.573576 0.819152 0 -0.819152 0.573576 07-head.ldr
0 STEP
1 0 -50 64 88 0.965926 -0.258819 0 0 0 1 -0.258819 -0.965926 0 08-shoulder-hinge.ldr
0 STEP
1 0 50 64 88 -0.965926 -0.258819 0 0 0 1 -0.258819 0.965926 0 08-shoulder-hinge.ldr
0 STEP
1 0 -100.228 42 101.459 0.965926 0 0.258819 0 1 0 -0.258819 0 0.965926 09-01-shoulder.ldr
0 STEP
1 0 100.228 42 101.459 0.965926 0 -0.258819 0 1 0 0.258819 0 0.965926 09-02-shoulder.ldr
0 NOFILE
0 FILE 07-head.ldr
0 
0 Name: 07-head.ldr
0 Author: Nathanel Titane // nathanel.titane@gmail.com // All Rights Reserved
1 0 0 0 0 1 0 0 0 1 0 0 0 1 60470.dat
1 72 0 8 10 1 0 0 0 1 0 0 0 1 11203.dat
1 0 0 0 20 -1 0 0 0 1 0 0 0 -1 32028.dat
0 STEP
1 0 0 0 20 1 0 0 0 1 0 0 0 1 85984.dat
1 0 0 -8 0 1 0 0 0 1 0 0 0 1 3794b.dat
1 0 0 -16 0 0 0 1 0 1 0 -1 0 0 2555.dat
0 STEP
1 71 0 -47.721 15.569 0 0 1 0.819152 0.573577 0 -0.573577 0.819152 0 60478.dat
1 15 0 -51.325 27.859 1 0 0 0 0.573577 -0.819152 0 0.819152 0.573577 3665.dat
0 STEP
1 71 0 -69.679 1.646 0 0 1 0.819152 0.573577 0 -0.573577 0.819152 0 2921.dat
1 71 0 -53.297 -9.827 1 0 0 0 0.573577 -0.819152 0 0.819152 0.573577 4070.dat
1 15 0 -42.644 -5.078 1 0 0 0 -0.819152 -0.573577 0 0.573577 -0.819152 54200.dat
0 STEP
1 40 0 -57.884 -16.381 1 0 0 0 0.573577 -0.819152 0 0.819152 0.573577 3024.dat
1 15 0 -61.487 -4.09 -1 0 0 0 0.573577 0.819152 0 0.819152 -0.573577 11477.dat
0 STEP
1 72 -20 -65.746 3.775 -1 0 0 0 0.573577 0.819152 0 0.819152 -0.573577 6120.dat
0 NOFILE
0 FILE 08-shoulder-hinge.ldr
0 
0 Name: 08-shoulder-hinge.ldr
0 Author: Nathanel Titane // nathanel.titane@gmail.com // All Rights Reserved
1 71 0 0 0 0 -1 0 1 0 0 0 0 1 4697b.dat
0 STEP
1 0 -11 0 0 0 -1 0 -1 0 0 0 0 -1 41677.dat
1 0 -21.001 0 0 0 -1 0 -1 0 0 0 0 -1 41677.dat
0 STEP
1 71 -32 0 -20 0 1 0 0 0 1 1 0 0 4697b.dat
0 NOFILE
0 FILE 09-01-shoulder.ldr
0 
0 Name: 09-01-shoulder.ldr
0 Author: Nathanel Titane // nathanel.titane@gmail.com // All Rights Reserved
1 0 0 0 0 0 0 -1 0 1 0 1 0 0 60470.dat
1 0 0 8 -10 1 0 0 0 1 0 0 0 1 87087.dat
1 0 0 8 10 -1 0 0 0 1 0 0 0 -1 3040.dat
1 0 0 32 -10 -1 0 0 0 1 0 0 0 -1 4287.dat
0 STEP
1 71 0 -8 0 0 0 1 0 1 0 -1 0 0 44728.dat
1 15 0 -16 0 1 0 0 0 1 0 0 0 1 92946.dat
1 15 0 -16 10 -1 0 0 0 1 0 0 0 -1 54200.dat
0 STEP
1 71 -14 2 0 0 1 0 0 0 1 1 0 0 85984.dat
1 71 -22 22 10 0 1 0 -1 0 0 0 0 1 2555.dat
1 71 -22 22 -10 0 1 0 -1 0 0 0 0 1 2555.dat
0 STEP
1 15 -41.328 48.951 -10 0.382683 0.92388 0 -0.92388 0.382683 0 0 0 1 60478.dat
1 15 -41.328 48.951 -10 0.382683 0.92388 0 -0.92388 0.382683 0 0 0 1 85984.dat
1 71 -30.11 42.774 -10 0.382683 0.92388 0 -0.92388 0.382683 0 0 0 1 4073.dat
1 71 -37.764 61.251 -10 0.382683 0.92388 0 -0.92388 0.382683 0 0 0 1 4073.dat
0 STEP
1 15 -41.328 48.951 10 0.382683 0.92388 0 -0.92388 0.382683 0 0 0 1 60478.dat
1 15 -41.328 48.951 10 -0.382683 0.92388 0 0.92388 0.382683 0 0 0 -1 85984.dat
1 71 -30.11 42.774 10 0.382683 0.92388 0 -0.92388 0.382683 0 0 0 1 4073.dat
1 71 -37.764 61.251 10 0.382683 0.92388 0 -0.92388 0.382683 0 0 0 1 4073.dat
0 STEP
1 0 0 18 -33 1 0 0 0 1 0 0 0 1 10-01-arm.ldr
0 NOFILE
0 FILE 09-02-shoulder.ldr
0 
0 Name: 09-02-shoulder.ldr
0 Author: Nathanel Titane // nathanel.titane@gmail.com // All Rights Reserved
1 0 0 0 0 0 0 1 0 1 0 -1 0 0 60470.dat
1 0 0 8 -10 1 0 0 0 1 0 0 0 1 87087.dat
1 0 0 8 10 -1 0 0 0 1 0 0 0 -1 3040.dat
1 0 0 32 -10 -1 0 0 0 1 0 0 0 -1 4287.dat
0 STEP
1 71 0 -8 0 0 0 -1 0 1 0 1 0 0 44728.dat
1 15 0 -16 0 1 0 0 0 1 0 0 0 1 92946.dat
1 15 0 -16 10 -1 0 0 0 1 0 0 0 -1 54200.dat
0 STEP
1 71 14 2 0 0 -1 0 0 0 1 -1 0 0 85984.dat
1 71 22 22 -10 0 -1 0 -1 0 0 0 0 -1 2555.dat
1 71 22 22 10 0 -1 0 -1 0 0 0 0 -1 2555.dat
0 STEP
1 15 41.328 48.951 10 -0.382683 -0.92388 0 -0.92388 0.382683 0 0 0 -1 60478.dat
1 15 41.328 48.951 10 -0.382683 -0.92388 0 -0.92388 0.382683 0 0 0 -1 85984.dat
1 71 30.11 42.774 10 -0.382683 -0.92388 0 -0.92388 0.382683 0 0 0 -1 4073.dat
1 71 37.764 61.251 10 -0.382683 -0.92388 0 -0.92388 0.382683 0 0 0 -1 4073.dat
0 STEP
1 15 41.328 48.951 -10 -0.382683 -0.92388 0 -0.92388 0.382683 0 0 0 -1 60478.dat
1 15 41.328 48.951 -10 0.382683 -0.92388 0 0.92388 0.382683 0 0 0 1 85984.dat
1 71 30.11 42.774 -10 -0.382683 -0.92388 0 -0.92388 0.382683 0 0 0 -1 4073.dat
1 71 37.764 61.251 -10 -0.382683 -0.92388 0 -0.92388 0.382683 0 0 0 -1 4073.dat
0 STEP
1 0 0 18 -33 1 0 0 0 1 0 0 0 1 10-02-arm.ldr
0 NOFILE
0 FILE 10-01-arm.ldr
0 
0 Name: 10-01-arm.ldr
0 Author: Nathanel Titane // nathanel.titane@gmail.com // All Rights Reserved
1 71 0 0 0 0 0 -1 -1 0 0 0 1 0 4697b.dat
1 0 -9 0 0 0 -1 0 -0.866025 0 0.5 -0.5 0 -0.866025 41677.dat
1 0 -19 0 0 0 -1 0 -0.866025 0 0.5 -0.5 0 -0.866025 41677.dat
0 STEP
1 71 0 10 -17.319 0 0 -1 0.965926 -0.258819 0 -0.258819 -0.965926 0 4697b.dat
1 0 9 0 0 0 -1 0 -0.866025 0 0.5 -0.5 0 -0.866025 41677.dat
1 0 19 0 0 0 -1 0 -0.866025 0 0.5 -0.5 0 -0.866025 41677.dat
0 STEP
1 0 0 6.635 -29.876 1 0 0 0 -0.258819 0.965926 0 -0.965926 -0.258819 11-01-forearm.ldr
0 NOFILE
0 FILE 10-02-arm.ldr
0 
0 Name: 10-02-arm.ldr
0 Author: Nathanel Titane // nathanel.titane@gmail.com // All Rights Reserved
1 71 0 0 0 0 0 -1 -1 0 0 0 1 0 4697b.dat
1 0 -9 0 0 0 -1 0 -0.866025 0 0.5 -0.5 0 -0.866025 41677.dat
1 0 -19 0 0 0 -1 0 -0.866025 0 0.5 -0.5 0 -0.866025 41677.dat
0 STEP
1 71 0 10 -17.319 0 0 -1 0.965926 -0.258819 0 -0.258819 -0.965926 0 4697b.dat
1 0 9 0 0 0 -1 0 -0.866025 0 0.5 -0.5 0 -0.866025 41677.dat
1 0 19 0 0 0 -1 0 -0.866025 0 0.5 -0.5 0 -0.866025 41677.dat
0 STEP
1 0 0 6.636 -29.877 1 0 0 0 -0.258819 0.965926 0 -0.965926 -0.258819 11-02-forearm.ldr
0 NOFILE
0 FILE 11-01-forearm.ldr
0 
0 Name: 11-01-forearm.ldr
0 Author: Nathanel Titane // nathanel.titane@gmail.com // All Rights Reserved
1 0 0 0 0 0 0 1 0 1 0 -1 0 0 4733.dat
1 0 0 80 0 0 0 1 0 -1 0 1 0 0 4733.dat
1 0 0 104 0 0 0 1 0 -1 0 1 0 0 3062b.dat
1 15 0 40 -18 0 0 1 1 0 0 0 1 0 2431.dat
0 STEP
1 0 0 30 18 0 0 1 -1 0 0 0 -1 0 44300.dat
1 15 0 60 10 -1 0 0 0 0 -1 0 -1 0 11477.dat
1 0 0 -20 26 0 0 -1 1 0 0 0 -1 0 44302a.dat
1 4 0 -20 34 0 0 -1 1 0 0 0 -1 0 3794b.dat
0 STEP
1 15 18 40 0 0 -1 0 1 0 0 0 0 1 2431.dat
1 15 -18 40 0 0 1 0 1 0 0 0 0 -1 92593.dat
0 STEP
1 0 0 118 0 0 0 1 0 1 0 -1 0 0 12-01-hand.ldr
0 NOFILE
0 FILE 11-02-forearm.ldr
0 
0 Name: 11-02-forearm.ldr
0 Author: Nathanel Titane // nathanel.titane@gmail.com // All Rights Reserved
1 0 0 0 0 0 0 -1 0 1 0 1 0 0 4733.dat
1 0 0 80 0 0 0 1 0 -1 0 1 0 0 4733.dat
1 0 0 104 0 0 0 -1 0 -1 0 -1 0 0 3062b.dat
1 15 0 40 -18 0 0 1 1 0 0 0 1 0 2431.dat
0 STEP
1 0 0 30 18 0 0 1 -1 0 0 0 -1 0 44300.dat
1 15 0 60 10 -1 0 0 0 0 -1 0 -1 0 11477.dat
1 0 0 -20 26 0 0 -1 1 0 0 0 -1 0 44302a.dat
1 4 0 -20 34 0 0 -1 1 0 0 0 -1 0 3794b.dat
0 STEP
1 15 -18 40 0 0 1 0 1 0 0 0 0 -1 2431.dat
1 15 18 40 0 0 -1 0 1 0 0 0 0 1 92593.dat
0 STEP
1 0 0 118 0 0 0 -1 0 1 0 1 0 0 12-02-hand.ldr
0 NOFILE
0 FILE 12-01-hand.ldr
0 
0 Name: 12-01-hand.ldr
0 Author: Nathanel Titane // nathanel.titane@gmail.com // All Rights Reserved
1 71 0 -6 0 0 0 1 0 -1 0 1 0 0 4697b.dat
1 0 -10 0 0 0 0 1 0 1 0 -1 0 0 2555.dat
1 0 10 0 0 0 0 1 0 1 0 -1 0 0 2555.dat
0 STEP
1 0 0 8 0 -1 0 0 0 1 0 0 0 -1 2540.dat
1 71 0 30 -10 -1 0 0 0 0 1 0 1 0 99781.dat
1 15 0 20 -18 1 0 0 0 0 -1 0 1 0 3068b.dat
1 0 0 30 -2 1 0 0 0 0 -1 0 1 0 48336.dat
0 STEP
1 0 -10 50 0 0 0 1 0.965926 0.258819 0 -0.258819 0.965926 0 48729b.dat
1 0 0 50 0 0 0 1 0.866025 0.5 0 -0.5 0.866025 0 48729b.dat
1 0 10 50 0 0 0 1 0.707107 0.707107 0 -0.707107 0.707107 0 48729b.dat
1 0 16 10 20 0 0 1 0.258819 0.965926 0 -0.965926 0.258819 0 48729b.dat
0 NOFILE
0 FILE 12-02-hand.ldr
0 
0 Name: 12-02-hand.ldr
0 Author: Nathanel Titane // nathanel.titane@gmail.com // All Rights Reserved
1 71 0 -6 0 0 0 1 0 -1 0 1 0 0 4697b.dat
1 0 -10 0 0 0 0 1 0 1 0 -1 0 0 2555.dat
1 0 10 0 0 0 0 1 0 1 0 -1 0 0 2555.dat
0 STEP
1 0 0 8 0 -1 0 0 0 1 0 0 0 -1 2540.dat
1 71 0 30 -10 -1 0 0 0 0 1 0 1 0 99781.dat
1 15 0 20 -18 1 0 0 0 0 -1 0 1 0 3068b.dat
1 0 0 30 -2 1 0 0 0 0 -1 0 1 0 48336.dat
0 STEP
1 0 10 50 0 0 0 -1 -0.965926 0.258819 0 0.258819 0.965926 0 48729b.dat
1 0 0 50 0 0 0 -1 -0.866025 0.5 0 0.5 0.866025 0 48729b.dat
1 0 -10 50 0 0 0 -1 -0.707107 0.707107 0 0.707107 0.707107 0 48729b.dat
1 0 -16 10 20 0 0 -1 -0.258819 0.965926 0 0.965926 0.258819 0 48729b.dat
0 NOFILE
