0 FILE 00-instructions.ldr
0 Name: 00-instructions.ldr
0 Author: Nathanel Titane // nathanel.titane@gmail.com // All Rights Reserved
0
0 // LPUB[3D] FRONT COVER PAGE /////////////////////////////////////////////////
0
0 !LPUB PAGE DOCUMENT_TITLE_FRONT COLOR "#666666"
0 !LPUB PAGE DOCUMENT_TITLE_FRONT CONTENT GLOBAL "MODEL // REFX-TN-86 KOUMORI"
0 !LPUB PAGE DOCUMENT_TITLE_FRONT DISPLAY GLOBAL TRUE
0 !LPUB PAGE DOCUMENT_TITLE_FRONT FONT "Noto Sans,72,-1,0,75,0,0,0,0,0,Bold"
0 !LPUB PAGE DOCUMENT_TITLE_FRONT MARGINS 0.2500 0.1000
0 !LPUB PAGE DOCUMENT_TITLE_FRONT PLACEMENT GLOBAL TOP_LEFT PAGE INSIDE OFFSET 0.0000 0.0000

0 !LPUB PAGE DOCUMENT_AUTHOR_FRONT CONTENT GLOBAL "MODEL DESIGN AND INSTRUCTIONS // NATHANEL TITANE"
0 !LPUB PAGE DOCUMENT_AUTHOR_FRONT COLOR "#666666"
0 !LPUB PAGE DOCUMENT_AUTHOR_FRONT DISPLAY GLOBAL TRUE
0 !LPUB PAGE DOCUMENT_AUTHOR_FRONT FONT "Noto Sans,18,-1,0,75,0,0,0,0,0,Bold"
0 !LPUB PAGE DOCUMENT_AUTHOR_FRONT MARGINS 0.3000 1.0000
0 !LPUB PAGE DOCUMENT_AUTHOR_FRONT PLACEMENT TOP_LEFT PAGE INSIDE OFFSET 0.0000 0.0000

0 !LPUB PAGE MODEL_PARTS COLOR "#666666"
0 !LPUB PAGE MODEL_PARTS CONTENT GLOBAL "692 PIECES"
0 !LPUB PAGE MODEL_PARTS DISPLAY GLOBAL TRUE
0 !LPUB PAGE MODEL_PARTS FONT "Noto Sans,72,-1,0,75,0,0,0,0,0,Bold"
0 !LPUB PAGE MODEL_PARTS MARGINS 0.2500 0.1000
0 !LPUB PAGE MODEL_PARTS PLACEMENT GLOBAL BOTTOM_LEFT PAGE INSIDE OFFSET 0.0000 0.0000

0 !LPUB PAGE PUBLISH_DESCRIPTION COLOR "#666666"
0 !LPUB PAGE PUBLISH_DESCRIPTION CONTENT GLOBAL "LEGO // LINUX - Where Lego and Linux Meet"
0 !LPUB PAGE PUBLISH_DESCRIPTION DISPLAY GLOBAL TRUE
0 !LPUB PAGE PUBLISH_DESCRIPTION FONT "Noto Sans,36,-1,0,75,0,0,0,0,0,Bold"
0 !LPUB PAGE PUBLISH_DESCRIPTION MARGINS 0.2000 0.2000
0 !LPUB PAGE PUBLISH_DESCRIPTION PLACEMENT GLOBAL BOTTOM_RIGHT PAGE INSIDE OFFSET 0.0000 0.0000
0
0 // LPUB[3D] BACK COVER PAGE //////////////////////////////////////////////////
0
0 // LPUB[3D] DOCUMENT DISCLAIMER
0 !LPUB PAGE LEGO_DISCLAIMER COLOR "#666666"
0 !LPUB PAGE LEGO_DISCLAIMER CONTENT GLOBAL "LEGO® // REGISTERED TRADEMARK OF THE LEGO GROUP"
0 !LPUB PAGE LEGO_DISCLAIMER DISPLAY GLOBAL TRUE
0 !LPUB PAGE LEGO_DISCLAIMER FONT "Noto Sans,36,-1,0,75,0,0,0,0,0,Bold"
0 !LPUB PAGE LEGO_DISCLAIMER PLACEMENT GLOBAL CENTER PAGE INSIDE OFFSET 0.0000 -0.2500
0
0 // LPUB[3D] PAGE DOCUMENT AUTHOR
0 !LPUB PAGE DOCUMENT_AUTHOR_BACK COLOR "#666666"
0 !LPUB PAGE DOCUMENT_AUTHOR_BACK CONTENT GLOBAL "MODEL DESIGN AND INSTRUCTIONS // NATHANEL TITANE"
0 !LPUB PAGE DOCUMENT_AUTHOR_BACK DISPLAY GLOBAL TRUE
0 !LPUB PAGE DOCUMENT_AUTHOR_BACK FONT "Noto Sans,36,-1,0,75,0,0,0,0,0,Bold"
0 !LPUB PAGE DOCUMENT_AUTHOR_BACK PLACEMENT CENTER PAGE INSIDE OFFSET 0.0000 -0.2000
0
0 // LPUB[3D] PAGE PUBLICATION COPYRIGHT
0 !LPUB PAGE PUBLISH_COPYRIGHT_BACK COLOR "#666666"
0 !LPUB PAGE PUBLISH_COPYRIGHT_BACK CONTENT GLOBAL "COPYRIGHT // ALL RIGHTS RESERVED"
0 !LPUB PAGE PUBLISH_COPYRIGHT_BACK DISPLAY GLOBAL TRUE
0 !LPUB PAGE PUBLISH_COPYRIGHT_BACK FONT "Noto Sans,36,-1,0,75,0,0,0,0,0,Bold"
0 !LPUB PAGE PUBLISH_COPYRIGHT_BACK PLACEMENT GLOBAL CENTER PAGE INSIDE OFFSET 0.0000 -0.1500
0
0 // LPUB[3D] PAGE PUBLICATION EMAIL
0 !LPUB PAGE PUBLISH_EMAIL_BACK COLOR "#666666"
0 !LPUB PAGE PUBLISH_EMAIL_BACK CONTENT GLOBAL "CONTACT // NATHANEL.TITANE@GMAIL.COM // INFO@LEGOLINUX.COM"
0 !LPUB PAGE PUBLISH_EMAIL_BACK DISPLAY GLOBAL TRUE
0 !LPUB PAGE PUBLISH_EMAIL_BACK FONT "Noto Sans,18,-1,0,75,0,0,0,0,0,Bold"
0 !LPUB PAGE PUBLISH_EMAIL_BACK PLACEMENT GLOBAL CENTER PAGE INSIDE OFFSET 0.0000 -0.0500
0
0 // LPUB[3D] PAGE PUBLICATION URL
0 !LPUB PAGE PUBLISH_URL_BACK COLOR "#666666"
0 !LPUB PAGE PUBLISH_URL_BACK CONTENT GLOBAL "WEB // HTTPS://LEGOLINUX.COM/MODELS/REFRAME-SYSTEM/REFX-TN-86-KOUMORI"
0 !LPUB PAGE PUBLISH_URL_BACK DISPLAY GLOBAL TRUE
0 !LPUB PAGE PUBLISH_URL_BACK FONT "Noto Sans,18,-1,0,75,0,0,0,0,0,Bold"
0 !LPUB PAGE PUBLISH_URL_BACK PLACEMENT GLOBAL CENTER PAGE INSIDE OFFSET 0.0000 -0.0250
0
0 // LPUB[3D] PAGE LOGO
0 !LPUB PAGE DOCUMENT_LOGO_BACK DISPLAY GLOBAL TRUE
0 !LPUB PAGE DOCUMENT_LOGO_BACK FILE GLOBAL "/media/internal/Lego/lpub3d/instructions/logo.png"
0 !LPUB PAGE DOCUMENT_LOGO_BACK PLACEMENT CENTER PAGE INSIDE OFFSET 0.0000 0.45000
0 !LPUB PAGE DOCUMENT_LOGO_BACK SCALE GLOBAL  1.0000
0
0 // LPUB[3D] CONFIGURATION ////////////////////////////////////////////////////
0
0 // LPUB[3D] PAGE WATERMARK
0 !LPUB PAGE PUBLISH_EMAIL CONTENT GLOBAL "CONTACT // NATHANEL.TITANE@GMAIL.COM // INFO@LEGOLINUX.COM"
0 !LPUB PAGE PUBLISH_EMAIL COLOR "#666666"
0 !LPUB PAGE PUBLISH_EMAIL DISPLAY GLOBAL TRUE
0 !LPUB PAGE PUBLISH_EMAIL FONT "Noto Sans,18,-1,0,75,0,0,0,0,0,Bold"
0 !LPUB PAGE PUBLISH_EMAIL MARGINS 0.0000 0.1500
0 !LPUB PAGE PUBLISH_EMAIL PLACEMENT GLOBAL BOTTOM PAGE INSIDE OFFSET 0.0000 0.0000
0 !LPUB PAGE DOCUMENT_AUTHOR CONTENT GLOBAL "MODEL DESIGN AND INSTRUCTIONS // NATHANEL TITANE"
0 !LPUB PAGE DOCUMENT_AUTHOR COLOR "#666666"
0 !LPUB PAGE DOCUMENT_AUTHOR DISPLAY GLOBAL TRUE
0 !LPUB PAGE DOCUMENT_AUTHOR FONT "Noto Sans,18,-1,0,75,0,0,0,0,0,Bold"
0 !LPUB PAGE DOCUMENT_AUTHOR MARGINS 0.0000 0.2000
0 !LPUB PAGE DOCUMENT_AUTHOR PLACEMENT GLOBAL TOP PAGE INSIDE OFFSET 0.0000 0.0000
0
0 // LPUB[3D] STEPS HIGHLIGHT
0 !LPUB HIGHLIGHT_STEP ENABLED GLOBAL TRUE
0 !LPUB HIGHLIGHT_STEP COLOR GLOBAL "#7137C8"
0
0 // LPUB[3D] STEP FADE
0 !LPUB FADE_STEP OPACITY GLOBAL "50"
0 !LPUB FADE_STEP COLOR GLOBAL "Trans_Black"
0 !LPUB FADE_STEP ENABLED GLOBAL TRUE
0 !LPUB FINAL_MODEL_ENABLED GLOBAL TRUE
0
0 // LPUB[3D] SUBMODEL PREVIEW
0 !LPUB SUBMODEL_DISPLAY SHOW GLOBAL TRUE
0 !LPUB SUBMODEL_DISPLAY BACKGROUND COLOR "#DDDDDD"
0 !LPUB SUBMODEL_DISPLAY MARGINS 0.1500 0.7500
0 !LPUB SUBMODEL_DISPLAY BORDER SQUARE 0 Black 0.031 MARGINS 0.050 0.050
0 !LPUB SUBMODEL_DISPLAY PLACEMENT GLOBAL LEFT PAGE INSIDE
0 !LPUB SUBMODEL_DISPLAY CAMERA_ANGLES 30.0000 45.0000
0
0 // LPUB[3D] ASSEMBLIES
0 !LPUB ASSEM CAMERA_ANGLES 30.0000 45.0000
0 !LPUB ASSEM MARGINS 0.5000 0.5000
0 !LPUB ASSEM MODEL_SCALE 1.0000
0 !LPUB ASSEM PLACEMENT CENTER PAGE INSIDE OFFSET 0.0000 0.0000
0
0 // LPUB[3D] BILL OF MATERIALS
0 !LPUB BOM BACKGROUND COLOR "#DDDDDD"
0 !LPUB BOM BORDER SQUARE 0 #666666 0.025 MARGINS 0.050 0.050
0 !LPUB BOM CONSTRAIN HEIGHT 13.0000
0 !LPUB BOM CONSTRAIN SQUARE
0 !LPUB BOM PLACEMENT CENTER PAGE INSIDE OFFSET 0.0000 0.0000
0
0 // LPUB[3D] CALLOUTS
0 !LPUB CALLOUT BORDER SQUARE 0 #666666 0.025 MARGINS 0.050 0.050
0 !LPUB CALLOUT MARGINS 0.1250 0.1250
0 !LPUB CALLOUT PLACEMENT RIGHT PAGE INSIDE OFFSET 0.0000 0.0000
0
0 // LPUB[3D] PAGE
0 !LPUB PAGE DOCUMENT_COVER_IMAGE DISPLAY GLOBAL TRUE
0 !LPUB PAGE DOCUMENT_COVER_IMAGE FILE GLOBAL "../renders/flat/flat.png"
0 !LPUB PAGE DOCUMENT_COVER_IMAGE FILL GLOBAL ASPECT
0 !LPUB PAGE DOCUMENT_COVER_IMAGE MARGINS GLOBAL 0.0000 0.0000
0 !LPUB PAGE DOCUMENT_COVER_IMAGE PLACEMENT GLOBAL CENTER PAGE INSIDE OFFSET 0.0000 0.0000
0 !LPUB PAGE DOCUMENT_COVER_IMAGE SCALE GLOBAL 1.0000
0
0 // LPUB[3D] PAGE NUMBER
0 !LPUB PAGE NUMBER FONT "Noto Sans,36,-1,0,75,0,0,0,0,0,Bold"
0 !LPUB PAGE NUMBER FONT_COLOR "#666666"
0 !LPUB PAGE NUMBER MARGINS 0.1250 0.1250
0 !LPUB PAGE NUMBER PLACEMENT BOTTOM_RIGHT PAGE INSIDE OFFSET 0.0000 0.0000
0
0 // LPUB[3D] PAGE SETUP
0 !LPUB PAGE BORDER GLOBAL NONE 0 MARGINS 0.000 0.000
0 !LPUB PAGE ENABLE_TEXT_PLACEMENT GLOBAL CENTER PAGE INSIDE OFFSET 0.0000 0.0000
0 !LPUB PAGE TEXT_PLACEMENT GLOBAL TRUE
0 !LPUB PAGE PAGE_FOOTER SIZE GLOBAL 32.0000 0.5000
0 !LPUB PAGE PAGE_HEADER SIZE GLOBAL 32.0000 0.5000
0 !LPUB PAGE MARGINS GLOBAL 0.0000 0.0000
0 !LPUB PAGE ORIENTATION GLOBAL LANDSCAPE
0 !LPUB PAGE SIZE GLOBAL 16.0000 32.0000
0
0 // LPUB[3D] PAGE COLORS
0 !LPUB PAGE SUBMODEL_BACKGROUND_COLOR GLOBAL "#DDDDDD" "#FFE680" "#FFAAAA" "#C6AFE9"
0
0 // LPUB[3D] SUBMODELS
0 !LPUB PAGE SUBMODEL_INSTANCE_COUNT FONT_COLOR "#FF5555"
0 !LPUB PAGE SUBMODEL_INSTANCE_COUNT FONT "Noto Sans,72,-1,0,75,0,0,0,0,0,Bold"
0 !LPUB PAGE SUBMODEL_INSTANCE_COUNT MARGINS 0.0000 0.1250
0 !LPUB PAGE SUBMODEL_INSTANCE_COUNT PLACEMENT BOTTOM_RIGHT PAGE INSIDE OFFSET 0.0000 -0.0500
0
0 // LPUB[3D] PARTS LIST
0 !LPUB PLI BACKGROUND COLOR "#DDDDDD"
0 !LPUB PLI BORDER SQUARE 0 #666666 0.025 MARGINS 0.0500 0.050
0 !LPUB PLI CAMERA_ANGLES 30.0000 45.0000
0 !LPUB PLI CONSTRAIN HEIGHT 5.0000
0 !LPUB PLI MODEL_SCALE  1.0000
0 !LPUB PLI MARGINS 0.1500 0.7500
0 !LPUB PLI PLACEMENT TOP_RIGHT PAGE INSIDE OFFSET 0.0000 0.0000
0 !LPUB PLI INSTANCE_COUNT FONT "Noto Sans,36,-1,0,75,0,0,0,0,0,Bold"
0 !LPUB PLI INSTANCE_COUNT FONT_COLOR "#666666"
0 !LPUB PLI INSTANCE_COUNT MARGINS 0.0125 0.0125
0 !LPUB PLI INSTANCE_COUNT MARGINS 0.0125 0.3000
0
0 // LPUB[3D] STEP NUMBER
0 !LPUB STEP_NUMBER FONT "Noto Sans,72,-1,0,75,0,0,0,0,0,Bold"
0 !LPUB STEP_NUMBER FONT_COLOR "#666666"
0 !LPUB STEP_NUMBER MARGINS 0.1250 0.0000
0 !LPUB STEP_NUMBER PLACEMENT TOP_LEFT PAGE INSIDE OFFSET 0.0000 0.0000
0
0 // LPUB[3D] BEGIN INSTRUCTIONS ///////////////////////////////////////////////
0
0 STEP
0 !LPUB INSERT COVER_PAGE FRONT
0 STEP
0 !LPUB ASSEM MODEL_SCALE LOCAL 0.7500
1 0 0 0 0 1 0 0 0 1 0 0 0 1 00-model.ldr
0 STEP
0
0 // LPUB[3D] DISABLE FINAL MODEL SHOWCASE /////////////////////////////////////
0
0 !LPUB NOSTEP
0
0 // LPUB[3D] BOM PAGES
0 STEP
0 !LPUB INSERT PAGE
0 !LPUB INSERT BOM
0 STEP
0 !LPUB INSERT PAGE
0 !LPUB INSERT BOM
0 STEP
0 !LPUB INSERT PAGE
0 !LPUB INSERT BOM
0 STEP
0 !LPUB INSERT PAGE
0 !LPUB INSERT BOM
0 STEP
0 !LPUB INSERT PAGE
0 !LPUB INSERT BOM
0 STEP
0 !LPUB INSERT PAGE
0 !LPUB INSERT BOM
0 STEP
0 !LPUB INSERT PAGE
0 !LPUB INSERT BOM
0 STEP
0 !LPUB INSERT PAGE
0 !LPUB INSERT BOM
0 STEP
0 !LPUB INSERT PAGE
0 !LPUB INSERT BOM
0 STEP
0 !LPUB INSERT PAGE
0 !LPUB INSERT BOM
0 STEP
0 !LPUB INSERT PAGE
0 !LPUB INSERT BOM
0 STEP
0 !LPUB INSERT PAGE
0 !LPUB INSERT BOM
0 STEP
0
0 !LPUB NOSTEP
0
0 !LPUB INSERT COVER_PAGE BACK
0
0 // LPUB[3D] END INSTRUCTIONS /////////////////////////////////////////////////
0
0 NOFILE
0 FILE 00-model.ldr
0 Author: Nathanel Titane // nathanel.titane@gmail.com // All Rights Reserved
1 0 0 48 -30 1 0 0 0 0 -1 0 1 0 04-waist.ldr
0 STEP
1 0 0 0 -10 1 0 0 0 1 0 0 0 1 05-cockpit.ldr
0 STEP
0 NOFILE
0 FILE 01-foot.ldr
0 Author: Nathanel Titane // nathanel.titane@gmail.com // All Rights Reserved
1 72 0 0 0 -1 0 0 0 1 0 0 0 -1 85943.dat
1 0 0 10 -10 0 0 -1 0 1 0 1 0 0 6628.dat
0 STEP
1 71 10 -24 0 -1 0 0 0 1 0 0 0 -1 3062b.dat
1 71 -10 -24 0 -1 0 0 0 1 0 0 0 -1 3062b.dat
1 4 0 -32 0 -1 0 0 0 1 0 0 0 -1 35480.dat
1 0 -10 -40 0 -1 0 0 0 1 0 0 0 -1 98138.dat
1 0 10 -40 0 -1 0 0 0 1 0 0 0 -1 98138.dat
0 STEP
1 0 0 10 30 0 -1 0 -1 0 0 0 0 -1 53585.dat
1 0 0 10 30 1 0 0 0 -1 0 0 0 -1 3705.dat
0 STEP
1 72 -20 10 30 0 -1 0 -1 0 0 0 0 -1 15535.dat
1 0 -28 10 30 0 -1 0 -1 0 0 0 0 -1 4032.dat
1 0 -36 10 30 0 -1 0 -1 0 0 0 0 -1 2654.dat
0 STEP
1 72 20 10 30 0 1 0 1 0 0 0 0 -1 15535.dat
1 0 28 10 30 0 1 0 1 0 0 0 0 -1 4032.dat
1 0 36 10 30 0 1 0 1 0 0 0 0 -1 2654.dat
0 STEP
1 0 0 34 -10 -1 0 0 0 0 1 0 1 0 99206.dat
1 0 0 54 6 1 0 0 0 0 -1 0 1 0 2540.dat
1 0 0 34 6 -1 0 0 0 0 1 0 1 0 32803.dat
1 72 0 44 -2 1 0 0 0 0 -1 0 1 0 15068.dat
0 STEP
1 0 0 27.3205 40 0 -1 0 0.5 0 0.866025 -0.866025 0 0.5 32174.dat
1 0 30 44.6411 50 0 -1 0 0.5 0 0.866025 -0.866025 0 0.5 87994.dat
0 STEP
1 71 -30 44.6411 50 -1 0 0 0 -0.5 0.866025 0 0.866025 0.5 4274.dat
1 71 -38 44.6411 50 0 1 0 -0.5 0 0.866025 0.866025 0 0.5 98138.dat
1 71 -20 44.6411 50 0 0 -1 -0.866025 -0.5 0 -0.5 0.866025 0 42610.dat
1 256 -20 44.6411 50 0 0 -1 -0.866025 -0.5 0 -0.5 0.866025 0 50945.dat
0 STEP
1 71 30 44.6411 50 1 0 0 0 0.5 0.866025 0 -0.866025 0.5 4274.dat
1 71 38 44.6411 50 0 -1 0 0.5 0 0.866025 -0.866025 0 0.5 98138.dat
1 71 20 44.6411 50 0 0 1 -0.866025 0.5 0 -0.5 -0.866025 0 42610.dat
1 256 20 44.6411 50 0 0 1 -0.866025 0.5 0 -0.5 -0.866025 0 50945.dat
0 STEP
1 0 0 85.6603 8.1962 0 0 -1 -0.866026 0.5 0 0.5 0.866026 0 92280.dat
1 0 0 89.6603 15.1244 1 0 0 0 0.5 -0.866026 0 0.866026 0.5 87580.dat
0 STEP
1 72 0 103.6411 -20.6603 1 0 0 0 0.5 -0.866026 0 0.866026 0.5 50950.dat
1 0 0 124.3013 -4.8757 0 0 1 0.866026 0.5 0 -0.5 0.866026 0 60478.dat
0 STEP
1 71 -16 74 8 0 0 -1 0.173649 0.984808 0 0.984808 -0.173649 0 48729b.dat
1 71 16 74 8 0 0 -1 0.173649 0.984808 0 0.984808 -0.173649 0 48729b.dat
0 STEP
0 NOFILE
0 FILE 02-shin.ldr
0 Author: Nathanel Titane // nathanel.titane@gmail.com // All Rights Reserved
1 72 0 4 110 1 0 0 0 1 0 0 0 1 85943.dat
1 0 0 14 120 0 0 -1 0 1 0 1 0 0 2780.dat
1 71 0 28 110 1 0 0 0 1 0 0 0 1 32028.dat
1 0 -10 36 110 1 0 0 0 1 0 0 0 1 4073.dat
1 0 10 36 110 1 0 0 0 1 0 0 0 1 4073.dat
1 0 0 -4 110 1 0 0 0 1 0 0 0 1 3023.dat
1 72 0 -4 110 1 0 0 0 1 0 0 0 1 85984.dat
0 STEP
1 0 0 14 80 0 -1 0 0 0 1 -1 0 0 53585.dat
1 0 0 14 80 1 0 0 0 0 1 0 -1 0 3705.dat
0 STEP
1 72 -20 14 80 0 -1 0 0 0 1 -1 0 0 15535.dat
1 0 -28 14 80 0 -1 0 0 0 1 -1 0 0 4032.dat
1 0 -36 14 80 0 -1 0 0 0 1 -1 0 0 2654.dat
0 STEP
1 72 20 14 80 0 1 0 0 0 1 1 0 0 15535.dat
1 0 28 14 80 0 1 0 0 0 1 1 0 0 4032.dat
1 0 36 14 80 0 1 0 0 0 1 1 0 0 2654.dat
0 STEP
1 0 0 -0.1421 65.8579 0 -1 0 -0.707107 0 -0.707107 0.707107 0 -0.707107 32174.dat
1 0 0 -28.4264 37.5736 -1 0 0 0 0.707107 0.707107 0 0.707107 -0.707107 92907.dat
1 0 30 -14.2843 51.7157 0 -1 0 -0.707107 0 -0.707107 0.707107 0 -0.707107 87994.dat
0 STEP
1 15 -28 -14.2843 51.7157 0 1 0 0.707107 0 -0.707107 -0.707107 0 -0.707107 85861.dat
1 71 -36 -14.2843 51.7157 0 1 0 0.707107 0 -0.707107 -0.707107 0 -0.707107 98138.dat
0 STEP
1 15 28 -14.2843 51.7157 0 -1 0 -0.707107 0 -0.707107 0.707107 0 -0.707107 85861.dat
1 71 36 -14.2843 51.7157 0 -1 0 -0.707107 0 -0.707107 0.707107 0 -0.707107 98138.dat
0 STEP
1 0 0 -35.4975 44.6447 0 1 0 -0.707107 0 0.707107 0.707107 0 0.707107 2780.dat
1 0 0 -28.4263 65.8578 1 0 0 0 -0.707107 0.707107 0 -0.707107 -0.707107 6536.dat
0 STEP
1 0 0 -28.4263 65.8578 1 0 0 0 -0.707107 0.707107 0 -0.707107 -0.707107 32062.dat
0 STEP
1 0 0 14 51.7157 0 0 1 0.707107 0.707107 0 -0.707107 0.707107 0 32062.dat
0 STEP
1 0 0 14 37.5736 1 0 0 0 0.707107 -0.707107 0 0.707107 0.707107 32064.dat
1 0 0 8.3431 31.9167 1 0 0 0 0.707107 -0.707107 0 0.707107 0.707107 60471.dat
0 STEP
1 71 -10 30.9706 54.5442 -1 0 0 0 0.707107 0.707107 0 0.707107 -0.707107 24201.dat
1 71 10 30.9706 54.5442 -1 0 0 0 0.707107 0.707107 0 0.707107 -0.707107 24201.dat
1 0 0 45.1127 40.402 1 0 0 0 0.707107 -0.707107 0 0.707107 0.707107 2540.dat
1 0 0 28.1421 23.4314 1 0 0 0 0.707107 -0.707107 0 0.707107 0.707107 4865b.dat
0 STEP
1 0 0 66.6691 27.6741 0 0 1 0 1 0 -1 0 0 2555.dat
1 0 0 74.6691 27.6741 0 0 1 0 1 0 -1 0 0 3005.dat
0 STEP
1 0 -20 79.9876 22.4977 0 1 0 0.258819 0 0.965926 0.965926 0 -0.258819 4085d.dat
1 72 -12 89.6469 19.9095 0 1 0 -0.258819 0 -0.965926 -0.965926 0 0.258819 11477.dat
0 STEP
1 0 20 79.9876 22.4977 0 -1 0 -0.258819 0 0.965926 -0.965926 0 -0.258819 4085d.dat
1 72 12 89.6469 19.9095 0 -1 0 0.258819 0 -0.965926 0.965926 0 0.258819 11477.dat
0 STEP
1 71 0 2.6863 26.2599 -1 0 0 0 0.707107 0.707107 0 0.707107 -0.707107 32028.dat
1 71 0 -2.9706 20.603 -1 0 0 0 0.707107 0.707107 0 0.707107 -0.707107 32028.dat
1 72 0 -2.9706 20.603 1 0 0 0 0.707107 -0.707107 0 0.707107 0.707107 85984.dat
0 STEP
1 0 0 21.8995 -10.8112 0 0 -1 0 1 0 1 0 0 44301a.dat
1 71 0 29.8994 -10.8112 0 0 1 0 1 0 -1 0 0 14418.dat
0 STEP
1 0 0 37.8995 -0.8112 -1 0 0 0 1 0 0 0 -1 4081b.dat
1 15 -12 39.8995 19.1888 0 1 0 1 0 0 0 0 -1 85861.dat
1 71 -20 39.8995 19.1888 0 1 0 1 0 0 0 0 -1 98138.dat
0 STEP
1 15 12 39.8995 19.1888 0 -1 0 -1 0 0 0 0 -1 85861.dat
1 71 20 39.8995 19.1888 0 -1 0 -1 0 0 0 0 -1 98138.dat
0 STEP
1 0 0 37.8995 -20.8113 1 0 0 0 1 0 0 0 1 24201.dat
1 0 0 -2.1006 -10.8112 0 0 1 0 1 0 -1 0 0 52107.dat
0 STEP
1 0 0 -10.1006 -0.8113 0 0 1 0 1 0 -1 0 0 2555.dat
1 72 0 5.8994 -30.8113 1 0 0 0 1 0 0 0 1 11477.dat
0 STEP
1 0 -18 27.8995 -10.8112 0 1 0 0 0 -1 -1 0 0 32028.dat
1 72 -10 17.8996 -10.8112 0 1 0 0 0 1 1 0 0 15068.dat
0 STEP
1 0 18 27.8995 -10.8112 0 -1 0 0 0 -1 1 0 0 32028.dat
1 72 10 17.8996 -10.8112 0 -1 0 0 0 1 -1 0 0 15068.dat
0 STEP
1 0 0 56.22 -42.151 1 0 0 0 -0.5 0.866025 0 -0.866025 -0.5 01-foot.ldr
0 STEP
0 NOFILE
0 FILE 03-01-thigh.ldr
0 Author: Nathanel Titane // nathanel.titane@gmail.com // All Rights Reserved
1 72 0 0 0 0 0 -1 0 1 0 1 0 0 92013.dat
1 71 0 24 0 0 0 -1 0 1 0 1 0 0 87580.dat
1 72 0 32 0 0 0 -1 0 1 0 1 0 0 11203.dat
0 STEP
1 0 10 -8 0 0 0 -1 0 1 0 1 0 0 93274.dat
1 0 -10 -8 0 0 0 1 0 1 0 -1 0 0 93274.dat
1 0 0 -8 -30 1 0 0 0 1 0 0 0 1 3023.dat
1 0 0 0 -30 1 0 0 0 1 0 0 0 1 3004.dat
1 71 0 24 -30 1 0 0 0 1 0 0 0 1 3938.dat
0 STEP
1 0 32 12 -40 0 -1 0 1 0 0 0 0 1 3068b.dat
1 0 32 12 0 0 -1 0 0 0 -1 1 0 0 3022.dat
1 0 32 12 30 0 -1 0 1 0 0 0 0 1 3069b.dat
0 STEP
1 0 40 12 -10 0 -1 0 1 0 0 0 0 1 99780.dat
1 0 40 12 10 0 -1 0 -1 0 0 0 0 -1 99780.dat
1 0 48 12 0 0 -1 0 0 0 -1 1 0 0 3022.dat
1 72 56 12 0 0 -1 0 0 0 -1 1 0 0 3068b.dat
0 STEP
1 72 42 12 -48 0 0 -1 -1 0 0 0 1 0 3700.dat
1 4 42 12 -72 0 0 -1 -1 0 0 0 1 0 3004.dat
1 72 42 12 -72 0 0 1 1 0 0 0 1 0 85984.dat
1 72 42 12 48 0 0 -1 1 0 0 0 -1 0 3004.dat
1 72 42 12 48 0 0 1 -1 0 0 0 -1 0 85984.dat
0 STEP
1 0 -48 12 -10 0 1 0 -1 0 0 0 0 1 32000.dat
1 0 -48 12 -30 0 1 0 -1 0 0 0 0 1 32000.dat
1 72 -56.0001 12 -20 0 1 0 0 0 1 1 0 0 87580.dat
0 STEP
1 0 -40 12 10.0001 0 1 0 1 0 0 0 0 -1 41855.dat
1 71 -48 2 10.0001 0 1 0 0 0 1 1 0 0 24246.dat
1 71 -48 22 10.0001 0 1 0 0 0 -1 -1 0 0 24246.dat
0 STEP
1 72 24 12 -50 0 -1 0 1 0 0 0 0 1 3004.dat
1 72 0 12 -50 0 -1 0 1 0 0 0 0 1 3700.dat
1 71 -38 12 -40 0 0 -1 1 0 0 0 -1 0 99781.dat
1 0 -38 2 -48 0 0 1 -1 0 0 0 -1 0 4073.dat
1 0 -38 22 -48 0 0 1 -1 0 0 0 -1 0 4073.dat
0 STEP
1 71 0 -16 -20 0 0 -1 0 1 0 1 0 0 60474.dat
1 72 0 -24 -20 1 0 0 0 1 0 0 0 1 15535.dat
1 72 0 -24 -20 1 0 0 0 -1 0 0 0 -1 18674.dat
1 71 0 -32 -20 1 0 0 0 -1 0 0 0 -1 3679.dat
0 STEP
1 71 10 -24 -30 1 0 0 0 1 0 0 0 1 27925.dat
1 71 -10 -24 -30 0 0 1 0 1 0 -1 0 0 27925.dat
1 71 -10 -24 -10 -1 0 0 0 1 0 0 0 -1 27925.dat
1 71 10 -24 -10 0 0 -1 0 1 0 1 0 0 27925.dat
0 STEP
1 0 4 12 -180 0 -1 0 1 0 0 0 0 1 02-shin.ldr
0 NOFILE
0 FILE 03-02-thigh.ldr
0 Author: Nathanel Titane // nathanel.titane@gmail.com // All Rights Reserved
1 72 0 0 0 0 0 -1 0 1 0 1 0 0 92013.dat
1 71 0 24 0 0 0 -1 0 1 0 1 0 0 87580.dat
1 72 0 32 0 0 0 1 0 1 0 -1 0 0 11203.dat
0 STEP
1 0 -10 -8 0 0 0 1 0 1 0 -1 0 0 93274.dat
1 0 10 -8 0 0 0 -1 0 1 0 1 0 0 93274.dat
1 0 0 -8 -30 1 0 0 0 1 0 0 0 1 3023.dat
1 0 0 0 -30 1 0 0 0 1 0 0 0 1 3004.dat
1 71 0 24 -30 1 0 0 0 1 0 0 0 1 3938.dat
0 STEP
1 0 -32 12 -40 0 1 0 -1 0 0 0 0 1 3068b.dat
1 0 -32 12 0 0 1 0 0 0 1 1 0 0 3022.dat
1 0 -32 12 30 0 1 0 -1 0 0 0 0 1 3069b.dat
0 STEP
1 0 -40 12 -10 0 1 0 -1 0 0 0 0 1 99780.dat
1 0 -40 12 10 0 1 0 1 0 0 0 0 -1 99780.dat
1 0 -48 12 0 0 1 0 0 0 1 1 0 0 3022.dat
1 72 -56 12 0 0 1 0 0 0 1 1 0 0 3068b.dat
0 STEP
1 72 -42 12 -48 0 0 1 1 0 0 0 1 0 3700.dat
1 4 -42 12 -72 0 0 1 1 0 0 0 1 0 3004.dat
1 72 -42 12 -72 0 0 -1 -1 0 0 0 1 0 85984.dat
1 72 -42 12 48 0 0 1 -1 0 0 0 -1 0 3004.dat
1 72 -42 12 48 0 0 -1 1 0 0 0 -1 0 85984.dat
0 STEP
1 0 48 12 -10 0 -1 0 1 0 0 0 0 1 32000.dat
1 0 48 12 -30 0 -1 0 1 0 0 0 0 1 32000.dat
1 72 56.0001 12 -20 0 -1 0 0 0 -1 1 0 0 87580.dat
0 STEP
1 0 40 12 10.0001 0 -1 0 -1 0 0 0 0 -1 41855.dat
1 71 48 22 10.0001 0 -1 0 0 0 -1 1 0 0 24246.dat
1 71 48 2 10.0001 0 -1 0 0 0 1 -1 0 0 24246.dat
0 STEP
1 72 -24 12 -50 0 1 0 -1 0 0 0 0 1 3004.dat
1 72 0 12 -50 0 1 0 -1 0 0 0 0 1 3700.dat
1 71 38 12 -40 0 0 1 -1 0 0 0 -1 0 99781.dat
1 0 38 22 -48 0 0 -1 1 0 0 0 -1 0 4073.dat
1 0 38 2 -48 0 0 -1 1 0 0 0 -1 0 4073.dat
0 STEP
1 71 0 -16 -20 0 0 1 0 1 0 -1 0 0 60474.dat
1 72 0 -24 -20 1 0 0 0 1 0 0 0 1 15535.dat
1 72 0 -24 -20 1 0 0 0 -1 0 0 0 -1 18674.dat
1 71 0 -32 -20 1 0 0 0 -1 0 0 0 -1 3679.dat
0 STEP
1 71 -10 -24 -10 -1 0 0 0 1 0 0 0 -1 27925.dat
1 71 10 -24 -10 0 0 -1 0 1 0 1 0 0 27925.dat
1 71 10 -24 -30 1 0 0 0 1 0 0 0 1 27925.dat
1 71 -10 -24 -30 0 0 1 0 1 0 -1 0 0 27925.dat
0 STEP
1 0 -4 12 -180 0 1 0 -1 0 0 0 0 1 02-shin.ldr
0 NOFILE
0 FILE 04-waist.ldr
0 Author: Nathanel Titane // nathanel.titane@gmail.com // All Rights Reserved
1 72 0 0 0 -1 0 0 0 1 0 0 0 -1 85943.dat
1 71 0 24 0 -1 0 0 0 1 0 0 0 -1 3938.dat
0 STEP
1 72 0 10 30 0 -1 0 -1 0 0 0 0 -1 18654.dat
1 0 0 10 30 -1 0 0 0 0 -1 0 -1 0 3707.dat
0 STEP
1 0 -25 10 30 0 -1 0 0 0 1 -1 0 0 41677.dat
1 0 -35 10 30 0 -1 0 0 0 1 -1 0 0 41677.dat
0 STEP
1 0 0 30 30 -1 0 0 0 0 -1 0 -1 0 3705.dat
0 STEP
1 0 0 50 10 -1 0 0 0 0 1 0 1 0 92907.dat
1 0 0 30 30 -1 0 0 0 1 0 0 0 -1 6536.dat
1 0 0 50 40 0 -1 0 0 0 1 -1 0 0 6628.dat
0 STEP
1 71 0 60 10 0 -1 0 1 0 0 0 0 1 4274.dat
1 15 0 68 10 -1 0 0 0 -1 0 0 0 1 85861.dat
1 71 0 76 10 -1 0 0 0 -1 0 0 0 1 98138.dat
0 STEP
1 0 25 10 30 0 -1 0 0 0 1 -1 0 0 41677.dat
1 0 35 10 30 0 -1 0 0 0 1 -1 0 0 41677.dat
0 STEP
1 71 -50 10 30 0 0 1 0.707107 -0.707107 0 0.707107 0.707107 0 42610.dat
1 71 50 10 30 0 0 -1 -0.707107 -0.707107 0 -0.707107 0.707107 0 42610.dat
0 STEP
1 0 -70 10 30 0 1 0 0 0 -1 -1 0 0 32474.dat
1 0 70 10 30 0 -1 0 0 0 -1 1 0 0 32474.dat
0 STEP
1 72 0 10 -10 0.707107 0 0.707107 -0.707107 0 0.707107 0 -1 0 18674.dat
1 71 0 10 -18 0.707107 0 0.707107 -0.707107 0 0.707107 0 -1 0 3679.dat
0 STEP
1 0 0 -8 0 -1 0 0 0 1 0 0 0 -1 99207.dat
1 72 0 -10 22 1 0 0 0 0 1 0 -1 0 3794b.dat
1 72 0 -30 22 1 0 0 0 0 1 0 -1 0 3794b.dat
0 STEP
1 0 0 -10 30 0 0 1 -1 0 0 0 -1 0 2555.dat
1 0 0 -40 14 1 0 0 0 0 1 0 -1 0 11477.dat
0 STEP
1 0 0 -10 36 -1 0 0 0 1 0 0 0 -1 98397.dat
0 STEP
1 71 0 -16 0 1 0 0 0 1 0 0 0 1 48336.dat
1 71 0 -64 0 1 0 0 0 1 0 0 0 1 3245b.dat
1 72 -10 -64 0 0 0 1 0 1 0 -1 0 0 54200.dat
1 72 10 -64 0 0 0 -1 0 1 0 1 0 0 54200.dat
0 STEP
1 0 -12 -34 -20 0 1 0 0 0 -1 -1 0 0 4085d.dat
1 72 -4 -44.0001 -20 0 1 0 0 0 1 1 0 0 11477.dat
1 71 -4 -54.0001 -20 0 1 0 0 0 1 1 0 0 3024.dat
0 STEP
1 0 0 -34.0001 -40 1 0 0 0 -1 0 0 0 -1 4081b.dat
1 0 0 -34.0001 -40 -1 0 0 0 -1 0 0 0 1 54200.dat
1 0 0 -42 -40 1 0 0 0 -1 0 0 0 -1 3005.dat
0 STEP
1 0 12 -34 -20 0 -1 0 0 0 -1 1 0 0 4085d.dat
1 72 4 -44.0001 -20 0 -1 0 0 0 1 -1 0 0 11477.dat
0 STEP
1 0 -84.4482 10 -8.9762 0 0.996195 0.087156 -1 0 0 0 -0.087156 0.996195 03-01-thigh.ldr
0 STEP
1 0 84.4482 10 -8.9762 0 -0.996195 -0.087156 1 0 0 0 -0.087156 0.996195 03-02-thigh.ldr
0 STEP
0 NOFILE
0 FILE 05-cockpit.ldr
0 Author: Nathanel Titane // nathanel.titane@gmail.com // All Rights Reserved
1 72 0 0 0 1 0 0 0 1 0 0 0 1 11203.dat
1 71 0 -8 10 -1 0 0 0 1 0 0 0 -1 14704.dat
1 71 0 -8 -10 1 0 0 0 1 0 0 0 1 60470.dat
0 STEP
1 0 10 -16 0 0 0 -1 0 1 0 1 0 0 99781.dat
1 0 -10 -16 0 0 0 1 0 1 0 -1 0 0 99781.dat
1 72 -32 -6 0 0 1 0 0 0 -1 -1 0 0 3023.dat
1 72 32 -6 0 0 -1 0 0 0 -1 1 0 0 3023.dat
0 STEP
1 0 -32 -16 0 0 1 0 0 0 -1 -1 0 0 15068.dat
1 0 32 -16 0 0 -1 0 0 0 -1 1 0 0 15068.dat
1 0 -40 -36 10 0 1 0 1 0 0 0 0 -1 44728.dat
1 0 40 -36 10 0 -1 0 -1 0 0 0 0 -1 44728.dat
0 STEP
1 0 -40 -36 -10 0 1 0 -1 0 0 0 0 1 99781.dat
1 0 40 -36 -10 0 -1 0 1 0 0 0 0 1 99781.dat
0 STEP
1 0 0 -26 32 -1 0 0 0 0 -1 0 -1 0 92593.dat
1 72 0 -26 56 -1 0 0 0 0 -1 0 -1 0 47759.dat
1 71 0 -26 64 -1 0 0 0 0 -1 0 -1 0 2540.dat
1 72 0 -26 64 -1 0 0 0 0 -1 0 -1 0 85984.dat
0 STEP
1 0 0 -46 48 -1 0 0 0 0 -1 0 -1 0 3700.dat
0 STEP
1 71 -10 -66 38 1 0 0 0 1 0 0 0 1 4274.dat
1 71 10 -66 38 -1 0 0 0 1 0 0 0 -1 4274.dat
0 STEP
1 0 30 -46 24 0 0 -1 1 0 0 0 -1 0 54200.dat
1 0 -30 -46 24 0 0 1 -1 0 0 0 -1 0 54200.dat
0 STEP
1 0 0 -46 72 1 0 0 0 0 1 0 -1 0 3937.dat
0 STEP
1 0 0 -3 67.1962 0 0 1 0.866025 0.5 0 -0.5 0.866025 0 2555.dat
1 0 0 1 74.1244 0 0 1 0.866025 0.5 0 -0.5 0.866025 0 3005.dat
0 STEP
1 0 -20 8.1421 76.1421 0 1 0 -0.707107 0 0.707107 0.707107 0 0.707107 4085d.dat
1 72 -12 15.2132 83.2132 0 1 0 0.707107 0 -0.707107 -0.707107 0 -0.707107 11477.dat
0 STEP
1 0 20 8.1421 76.1421 0 -1 0 0.707107 0 0.707107 -0.707107 0 0.707107 4085d.dat
1 72 12 15.2132 83.2132 0 -1 0 -0.707107 0 -0.707107 0.707107 0 -0.707107 11477.dat
0 STEP
1 4 -48 -46 0 0 1 0 0 0 1 1 0 0 32028.dat
1 4 48 -46 0 0 -1 0 0 0 1 -1 0 0 32028.dat
1 72 48 -46 0 0 -1 0 0 0 -1 1 0 0 85984.dat
1 72 -48 -46 0 0 1 0 0 0 -1 -1 0 0 85984.dat
0 STEP
1 0 -30 -36 -48 1 0 0 0 0 -1 0 1 0 3044c.dat
0 STEP
1 0 30 -36 -48 1 0 0 0 0 -1 0 1 0 3044c.dat
0 STEP
1 0 -20 -76 38 0 -1 0 0 0 1 -1 0 0 43857.dat
1 71 -10 -86 38 1 0 0 0 1 0 0 0 1 4274.dat
0 STEP
1 72 0 -86 38 0 -1 0 0 0 1 -1 0 0 18654.dat
1 71 10 -86 38 -1 0 0 0 1 0 0 0 -1 4274.dat
1 0 0 -66 38 0 -1 0 1 0 0 0 0 1 15100.dat
0 STEP
1 0 20 -76 38 0 -1 0 0 0 1 -1 0 0 43857.dat
0 STEP
1 71 -80 -66 38 0 1 0 0 0 -1 -1 0 0 30374.dat
1 71 80 -66 38 0 -1 0 0 0 1 -1 0 0 30374.dat
0 STEP
1 71 -80 -86 38 0 1 0 0 0 -1 -1 0 0 30374.dat
1 71 80 -86 38 0 -1 0 0 0 1 -1 0 0 30374.dat
0 STEP
1 0 50 -86 58 -1 0 0 0 0 -1 0 -1 0 92907.dat
1 0 50 -51.8579 52.1421 0 -1 0 -0.707107 0 -0.707107 0.707107 0 -0.707107 32174.dat
1 71 50 -37.7157 38 0 -1 0 -0.707107 0 -0.707107 0.707107 0 -0.707107 2736.dat
1 71 50 -66 66.2843 0 1 0 0.707107 0 -0.707107 -0.707107 0 -0.707107 2736.dat
1 0 50 -86 18 0 -1 0 1 0 0 0 0 1 32174.dat
0 STEP
1 0 -50 -86 58 -1 0 0 0 0 -1 0 -1 0 92907.dat
1 0 -50 -51.8579 52.1421 0 -1 0 -0.707107 0 -0.707107 0.707107 0 -0.707107 32174.dat
1 71 -50 -37.7157 38 0 -1 0 -0.707107 0 -0.707107 0.707107 0 -0.707107 2736.dat
1 71 -50 -66 66.2843 0 1 0 0.707107 0 -0.707107 -0.707107 0 -0.707107 2736.dat
1 0 -50 -86 18 0 -1 0 1 0 0 0 0 1 32174.dat
0 STEP
1 72 -78 -76 38 0 1 0 -1 0 0 0 0 1 35480.dat
0 STEP
1 71 -86 -86 38 0 1 0 0 0 1 1 0 0 24246.dat
1 71 -86 -66 38 0 1 0 0 0 -1 -1 0 0 24246.dat
0 STEP
1 72 78 -76 38 0 -1 0 -1 0 0 0 0 -1 35480.dat
0 STEP
1 71 86 -86 38 0 -1 0 0 0 1 -1 0 0 24246.dat
1 71 86 -66 38 0 -1 0 0 0 -1 1 0 0 24246.dat
0 STEP
1 0 -50 -86 -2 0 -1 0 1 0 0 0 0 1 07-shoulder-joint.ldr
0 STEP
1 0 50 -86 -2 0 1 0 1 0 0 0 0 -1 07-shoulder-joint.ldr
0 STEP
1 0 55 -31.592 72.408 0 0.5 -0.866025 -0.707107 0.612372 0.353554 0.707107 0.612372 0.353554 13-thruster.ldr
0 STEP
1 0 -55 -31.592 72.408 0 -0.5 -0.866026 -0.707107 0.612373 -0.353553 0.707107 0.612373 -0.353553 13-thruster.ldr
0 STEP
1 71 -50 -114 18 1 0 0 0 1 0 0 0 1 4697b.dat
1 72 -50 -114 27 1 0 0 0 0 -1 0 1 0 3062b.dat
1 0 -50 -114 53 0 -0.258819 -0.965926 0 -0.965926 0.258819 -1 0 0 6628.dat
1 72 -50 -96.5 -24 0 0 1 0 -1 0 1 0 0 98313.dat
0 STEP
1 71 50 -114 18 1 0 0 0 1 0 0 0 1 4697b.dat
1 72 50 -114 27 1 0 0 0 0 -1 0 1 0 3062b.dat
1 0 50 -114 53 0 0.258819 -0.965926 0 -0.965926 -0.258819 -1 0 0 6628.dat
1 72 50 -96.5 -24 0 0 1 0 -1 0 1 0 0 98313.dat
0 STEP
1 0 0 -56 62 1 0 0 0 1 0 0 0 1 14-back-hatch.ldr
0 STEP
1 0 0 -26 -32 1 0 0 0 0 -1 0 1 0 15-front-hatch.ldr
0 STEP
1 0 -50 -76.701 -46.6274 1 0 0 0 0.707107 -0.707107 0 0.707107 0.707107 16-01-side-hatch.ldr
0 STEP
1 0 50 -76.701 -46.6274 1 0 0 0 0.707107 -0.707107 0 0.707107 0.707107 16-02-side-hatch.ldr
0 STEP
1 0 -65 -3.4483 34.6419 -0.866026 0 -0.5 -0.469846 -0.34202 0.813798 -0.17101 0.939693 0.296198 17-stabilizer.ldr
0 STEP
1 0 -65 -69.3581 100.5516 0.866025 0 -0.5 0.17101 0.939693 0.296198 0.469846 -0.34202 0.813798 17-stabilizer.ldr
0 STEP
1 0 65 -3.4483 34.6419 -0.866025 0 0.5 0.469846 -0.34202 0.813798 0.17101 0.939693 0.296198 17-stabilizer.ldr
0 STEP
1 0 65 -69.3581 100.5517 0.866025 0 0.5 -0.17101 0.939693 0.296198 -0.469846 -0.34202 0.813798 17-stabilizer.ldr
0 STEP
1 0 -109.794 -109.924 -8.8843 0.939693 0 0.34202 0.296198 -0.5 -0.813798 0.17101 0.866025 -0.469846 09-01-shoulder.ldr
0 STEP
1 0 109.7939 -109.924 -8.8843 0.939693 0 -0.34202 -0.296198 -0.5 -0.813798 -0.17101 0.866025 -0.469846 09-02-shoulder.ldr
0 STEP
1 0 -56.5695 -138.5178 73.0359 0.965926 0.12941 -0.224144 -0.258819 0.482963 -0.836516 0 0.866025 0.5 20-missile-pod.ldr
0 STEP
1 0 56.5695 -138.5178 73.0359 0.965926 -0.12941 0.224144 0.258819 0.482963 -0.836516 0 0.866025 0.5 20-missile-pod.ldr
0 STEP
0 NOFILE
0 FILE 07-shoulder-joint.ldr
0 Author: Nathanel Titane // nathanel.titane@gmail.com // All Rights Reserved
1 0 0 0 0 1 0 0 0 1 0 0 0 1 32474.dat
1 0 0 10 0 0 0 -1 -1 0 0 0 1 0 32062.dat
1 0 0 15 0 0 0 -1 0 -1 0 -1 0 0 41677.dat
1 0 0 25 0 0 0 -1 0 -1 0 -1 0 0 41677.dat
1 71 -20 30 0 0 0 -1 -1 0 0 0 1 0 2736.dat
0 NOFILE
0 FILE 08-head.ldr
0 Author: Nathanel Titane // nathanel.titane@gmail.com // All Rights Reserved
1 0 0 0 0 -1 0 0 0 1 0 0 0 -1 2540.dat
1 0 10 8 0 0 0 -1 0 1 0 1 0 0 87087.dat
1 0 -10 8 0 0 0 1 0 1 0 -1 0 0 87087.dat
0 STEP
1 72 0 0 0 -1 0 0 0 1 0 0 0 -1 85984.dat
0 STEP
1 0 -10 34 0 0 0 -1 -1 0 0 0 1 0 2780.dat
1 0 10 34 0 0 0 -1 -1 0 0 0 1 0 2780.dat
0 STEP
1 72 -10 60 0 1 0 0 0 -1 0 0 0 -1 47905.dat
1 72 10 60 0 1 0 0 0 -1 0 0 0 -1 47905.dat
1 72 0 84 0 -1 0 0 0 -1 0 0 0 1 3049c.dat
0 STEP
1 0 0 50 18 1 0 0 0 0 1 0 -1 0 3794b.dat
1 43 0 50 26 0.707107 0 0.707107 -0.707107 0 0.707107 0 -1 0 3024.dat
1 72 0 50 34 0.707107 0 0.707107 -0.707107 0 0.707107 0 -1 0 3070b.dat
0 STEP
1 71 -16 2 20 0 0 1 0 1 0 -1 0 0 48729b.dat
1 71 16 2 20 0 0 -1 0 1 0 1 0 0 48729b.dat
0 STEP
1 0 21.4379 28 22.5357 -0.422618 0.906308 0 0 0 1 0.906308 0.422618 0 2555.dat
1 72 28.6884 28 25.9167 0.422618 0.906308 0 0 0 -1 -0.906308 0.422618 0 99774.dat
1 0 -21.4379 28 22.5357 -0.422618 -0.906308 0 0 0 1 -0.906308 0.422618 0 2555.dat
1 72 -28.6884 28 25.9167 0.422618 -0.906308 0 0 0 -1 0.906308 0.422618 0 99774.dat
0 STEP
1 0 -28 18 0 0 1 0 -0.707107 0 0.707107 0.707107 0 0.707107 26047.dat
1 71 -20 28 0 0 1 0 0 0 -1 -1 0 0 11477.dat
0 STEP
1 0 28 18 0 0 -1 0 0.707107 0 0.707107 -0.707107 0 0.707107 26047.dat
1 71 20 28 0 0 -1 0 0 0 -1 1 0 0 11477.dat
0 STEP
1 0 -26 3.8579 -14.1421 -1 0 0 0 -0.707107 -0.707107 0 -0.707107 0.707107 11090.dat
1 0 -26 -10.2843 -28.2843 -1 0 0 0 -0.707107 -0.707107 0 -0.707107 0.707107 87994.dat
0 STEP
1 0 0 50 -18 1 0 0 0 0 -1 0 1 0 22385.dat
0 NOFILE
0 FILE 09-01-shoulder.ldr
0 Author: Nathanel Titane // nathanel.titane@gmail.com // All Rights Reserved
1 71 -20 24 20 0 0 1 0 1 0 -1 0 0 99781.dat
1 0 -20 32 10 0 0 1 0 1 0 -1 0 0 4073.dat
1 0 -20 32 30 0 0 1 0 1 0 -1 0 0 4073.dat
0 STEP
1 4 -42 34 20 0 1 0 0 0 -1 -1 0 0 48336.dat
1 71 -50 34 20 0 1 0 0 0 -1 -1 0 0 99563.dat
0 STEP
1 0 -20 16 20 0 0 1 0 1 0 -1 0 0 99207.dat
1 72 -42 4 20 0 1 0 0 0 -1 -1 0 0 87580.dat
0 STEP
1 71 -20 -8 10 1 0 0 0 1 0 0 0 1 3665.dat
1 71 -10 -8 30 -1 0 0 0 1 0 0 0 -1 3660.dat
0 STEP
1 0 0 16 20 0 0 -1 0 1 0 1 0 0 60478.dat
0 STEP
1 0 0 24 30 1 0 0 0 1 0 0 0 1 3024.dat
1 0 0 16 -10 1 0 0 0 1 0 0 0 1 24201.dat
0 STEP
1 71 0 8 0 0 0 -1 0 1 0 1 0 0 3023.dat
1 71 0 0 0 0 0 -1 0 1 0 1 0 0 14704.dat
1 71 0 -8 0 0 0 1 0 1 0 -1 0 0 14418.dat
0 STEP
1 72 -10 -40 50 -1 0 0 0 1 0 0 0 -1 2432.dat
0 STEP
1 72 -10 -32 10 0 0 1 0 1 0 -1 0 0 3002.dat
1 72 -20 -32 -10 0 0 1 0 1 0 -1 0 0 54200.dat
1 72 -20 -32 10 0 0 1 0 1 0 -1 0 0 54200.dat
1 72 -20 -32 30 0 0 1 0 1 0 -1 0 0 54200.dat
1 72 0 -32 30 0 0 -1 0 1 0 1 0 0 54200.dat
1 72 0 -32 10 0 0 -1 0 1 0 1 0 0 54200.dat
1 72 0 -32 -10 0 0 -1 0 1 0 1 0 0 54200.dat
0 STEP
1 0 0 2.4147 -52.4243 1 0 0 0 0.965926 0.258819 0 -0.258819 0.965926 10-elbow.ldr
0 STEP
1 0 0 -33.218 -67.7033 1 0 0 0 0.707107 0.707107 0 -0.707107 0.707107 11-forearm.ldr
0 STEP
1 0 0 -71.4018 -131.3429 -0.258819 0 0.965926 -0.683013 -0.707107 -0.183013 0.683013 -0.707107 0.183013 12-01-hand.ldr
0 STEP
0 NOFILE
0 FILE 09-02-shoulder.ldr
0 Author: Nathanel Titane // nathanel.titane@gmail.com // All Rights Reserved
1 71 20 24 20 0 0 -1 0 1 0 1 0 0 99781.dat
1 0 20 32 10 0 0 1 0 1 0 -1 0 0 4073.dat
1 0 20 32 30 0 0 1 0 1 0 -1 0 0 4073.dat
0 STEP
1 4 42 34 20 0 -1 0 0 0 -1 1 0 0 48336.dat
1 71 50 34 20 0 -1 0 0 0 -1 1 0 0 99563.dat
0 STEP
1 0 20 16 20 0 0 -1 0 1 0 1 0 0 99207.dat
1 72 42 4 20 0 -1 0 0 0 -1 1 0 0 87580.dat
0 STEP
1 71 20 -8 10 1 0 0 0 1 0 0 0 1 3665.dat
1 71 10 -8 30 -1 0 0 0 1 0 0 0 -1 3660.dat
0 STEP
1 0 0 16 20 0 0 -1 0 1 0 1 0 0 60478.dat
0 STEP
1 0 0 24 30 1 0 0 0 1 0 0 0 1 3024.dat
1 0 0 16 -10 1 0 0 0 1 0 0 0 1 24201.dat
0 STEP
1 71 0 8 0 0 0 -1 0 1 0 1 0 0 3023.dat
1 71 0 0 0 0 0 1 0 1 0 -1 0 0 14704.dat
1 71 0 -8 0 0 0 1 0 1 0 -1 0 0 14418.dat
0 STEP
1 72 10 -40 50 -1 0 0 0 1 0 0 0 -1 2432.dat
0 STEP
1 72 10 -32 10 0 0 1 0 1 0 -1 0 0 3002.dat
1 72 0 -32 -10 0 0 1 0 1 0 -1 0 0 54200.dat
1 72 0 -32 10 0 0 1 0 1 0 -1 0 0 54200.dat
1 72 0 -32 30 0 0 1 0 1 0 -1 0 0 54200.dat
1 72 20 -32 30 0 0 -1 0 1 0 1 0 0 54200.dat
1 72 20 -32 10 0 0 -1 0 1 0 1 0 0 54200.dat
1 72 20 -32 -10 0 0 -1 0 1 0 1 0 0 54200.dat
0 STEP
1 0 0 2.4147 -52.4243 1 0 0 0 0.965926 0.258819 0 -0.258819 0.965926 10-elbow.ldr
0 STEP
1 0 0 -33.218 -67.7033 1 0 0 0 0.707107 0.707107 0 -0.707107 0.707107 11-forearm.ldr
0 STEP
1 0 0 -71.4018 -131.3429 0.258818 0 -0.965926 0.683013 -0.707107 0.183012 -0.683013 -0.707107 -0.183012 12-02-hand.ldr
0 STEP
0 NOFILE
0 FILE 10-elbow.ldr
0 Author: Nathanel Titane // nathanel.titane@gmail.com // All Rights Reserved
1 0 0 8 10 0 0 -1 0 -1 0 -1 0 0 35480.dat
0 STEP
1 72 0 -1 20 1 0 0 0 0 1 0 -1 0 22484.dat
1 72 0 -1 0 1 0 0 0 0 1 0 -1 0 22484.dat
0 STEP
1 0 0 16 10 0 0 -1 0 -1 0 -1 0 0 35480.dat
0 STEP
1 71 0 24 20 1 0 0 0 -1 0 0 0 -1 24246.dat
1 71 0 24 0 -1 0 0 0 -1 0 0 0 1 24246.dat
0 NOFILE
0 FILE 11-forearm.ldr
0 Author: Nathanel Titane // nathanel.titane@gmail.com // All Rights Reserved
1 0 0 32 -20 0 0 -1 0 1 0 1 0 0 3710.dat
0 STEP
1 0 0 40 0 0 0 -1 0 1 0 1 0 0 60478.dat
1 0 0 40 -40 0 0 1 0 1 0 -1 0 0 60478.dat
0 STEP
1 0 0 48 10 0 0 -1 0 1 0 1 0 0 4073.dat
1 0 0 48 -10 0 0 -1 0 1 0 1 0 0 4073.dat
1 0 0 48 -30 0 0 -1 0 1 0 1 0 0 4073.dat
1 0 0 48 -50 0 0 -1 0 1 0 1 0 0 4073.dat
0 STEP
1 71 0 8 -50 1 0 0 0 1 0 0 0 1 4070.dat
1 71 0 8 -20 0 0 -1 0 1 0 1 0 0 52107.dat
1 71 0 8 10 0 0 -1 0 1 0 1 0 0 47905.dat
0 STEP
1 71 0 0 0 0 0 -1 0 1 0 1 0 0 14418.dat
1 71 0 0 -40 0 0 -1 0 1 0 1 0 0 99563.dat
1 72 0 -8 0 0 0 -1 0 1 0 1 0 0 3069b.dat
0 STEP
1 72 -18 28 0 0 1 0 0 0 1 1 0 0 87580.dat
1 72 -18 18 -40 0 1 0 0 0 -1 -1 0 0 48336.dat
1 71 -26 18 -40 0 1 0 0 0 -1 -1 0 0 99563.dat
0 STEP
1 72 18 28 0 0 -1 0 0 0 -1 1 0 0 87580.dat
1 72 18 18 -40 0 -1 0 0 0 -1 1 0 0 48336.dat
1 71 26 18 -40 0 -1 0 0 0 -1 1 0 0 99563.dat
0 STEP
1 0 0 46.2426 34.2426 0 0 -1 -0.707107 0.707107 0 0.707107 0.707107 0 2555.dat
1 0 0 51.8995 39.8995 -1 0 0 0 0.707107 0.707107 0 0.707107 -0.707107 24201.dat
1 72 0 71.6985 31.4142 1 0 0 0 0.707107 -0.707107 0 0.707107 0.707107 54200.dat
0 NOFILE
0 FILE 12-01-hand.ldr
0 Author: Nathanel Titane // nathanel.titane@gmail.com // All Rights Reserved
1 71 0 -6 0 0 0 1 0 -1 0 1 0 0 4697b.dat
1 0 -10 0 0 0 0 1 0 1 0 -1 0 0 2555.dat
1 0 10 0 0 0 0 1 0 1 0 -1 0 0 2555.dat
1 0 0 8 0 -1 0 0 0 1 0 0 0 -1 2540.dat
0 STEP
1 71 0 30 -10 -1 0 0 0 0 1 0 1 0 99781.dat
0 STEP
1 71 0.0005 30 -18 -1 0 0.000053 0.000053 0 1 0 1 0 48336.dat
1 71 0.0005 30 -26 -1 0 0.000053 0.000053 0 1 0 1 0 3794b.dat
1 0 0 30 -2 1 0 0 0 0 -1 0 1 0 48336.dat
0 STEP
1 0 16 10 20 0 0 1 0.573576 0.819152 0 -0.819152 0.573576 0 48729b.dat
1 0 -16 10 20 0 0 1 0.573576 0.819152 0 -0.819152 0.573576 0 48729b.dat
0 STEP
1 0 10 50 0 0 0 1 0.866025 0.5 0 -0.5 0.866025 0 48729b.dat
1 0 0 50 0 0 0 1 0.866026 0.5 0 -0.5 0.866026 0 48729b.dat
1 0 -10 50 0 0 0 1 0.866025 0.5 0 -0.5 0.866025 0 48729b.dat
0 STEP
1 0 0 48 20 0 0 -1 0 -1 0 -1 0 0 19-pulse-rifle.ldr
0 STEP
0 NOFILE
0 FILE 12-02-hand.ldr
0 Author: Nathanel Titane // nathanel.titane@gmail.com // All Rights Reserved
1 71 0 -6 0 0 0 1 0 -1 0 1 0 0 4697b.dat
1 0 -10 0 0 0 0 1 0 1 0 -1 0 0 2555.dat
1 0 10 0 0 0 0 1 0 1 0 -1 0 0 2555.dat
1 0 0 8 0 -1 0 0 0 1 0 0 0 -1 2540.dat
0 STEP
1 71 0 30 -10 -1 0 0 0 0 1 0 1 0 99781.dat
0 STEP
1 71 0.0005 30 -18 -1 0 0.000053 0.000053 0 1 0 1 0 48336.dat
1 71 0.0005 30 -26 -1 0 0.000053 0.000053 0 1 0 1 0 3794b.dat
1 0 0 30 -2 1 0 0 0 0 -1 0 1 0 48336.dat
0 STEP
1 0 -16 10 20 0 0 1 0.258819 0.965926 0 -0.965926 0.258819 0 48729b.dat
1 0 16 10 20 0 0 1 0.258819 0.965926 0 -0.965926 0.258819 0 48729b.dat
0 STEP
1 0 -10 50 0 0 0 1 0.258819 0.965926 0 -0.965926 0.258819 0 48729b.dat
1 0 0 50 0 0 0 1 0.5 0.866025 0 -0.866025 0.5 0 48729b.dat
1 0 10 50 0 0 0 1 0.707107 0.707107 0 -0.707107 0.707107 0 48729b.dat
0 NOFILE
0 FILE 13-thruster.ldr
0 Author: Nathanel Titane // nathanel.titane@gmail.com // All Rights Reserved
1 0 0 24 0 1 0 0 0 1 0 0 0 1 4740.dat
0 STEP
1 0 0 0 0 1 0 0 0 1 0 0 0 1 98100.dat
0 STEP
1 0 0 -10 0 1 0 0 0 1 0 0 0 1 32474.dat
0 NOFILE
0 FILE 14-back-hatch.ldr
0 Author: Nathanel Titane // nathanel.titane@gmail.com // All Rights Reserved
1 71 0 0 0 1 0 0 0 1 0 0 0 1 3938.dat
1 71 0 -8 0 -1 0 0 0 1 0 0 0 -1 99207.dat
0 STEP
1 71 0 -32 0 -1 0 0 0 1 0 0 0 -1 3004.dat
1 71 0 -56 0 1 0 0 0 1 0 0 0 1 30237.dat
1 72 -10 -64 0 0 0 1 0 1 0 -1 0 0 2555.dat
1 72 10 -64 0 0 0 1 0 1 0 -1 0 0 2555.dat
1 71 0 -70 0 1 0 0 0 0 1 0 -1 0 98834.dat
0 STEP
1 15 0 -20 22 0 0 -1 1 0 0 0 -1 0 3022.dat
0 STEP
1 72 10 -10 30 0 0 -1 1 0 0 0 -1 0 28192.dat
1 72 10 -30 30 0 0 -1 1 0 0 0 -1 0 28192.dat
0 STEP
1 71 30 -20 6 0 0 -1 1 0 0 0 -1 0 3938.dat
0 STEP
1 72 -10 -10 30 0 0 1 -1 0 0 0 -1 0 28192.dat
1 72 -10 -30 30 0 0 1 -1 0 0 0 -1 0 28192.dat
0 STEP
1 71 -30 -20 6 0 0 -1 1 0 0 0 -1 0 3938.dat
0 STEP
1 71 0 -70 -20 0 0 1 0 1 0 -1 0 0 48729b.dat
0 STEP
1 0 0 -90.0982 -19.7507 1 0 0 0 0.087156 0.996195 0 -0.996195 0.087156 08-head.ldr
0 NOFILE
0 FILE 15-front-hatch.ldr
0 Author: Nathanel Titane // nathanel.titane@gmail.com // All Rights Reserved
1 71 0 0 0 1 0 0 0 1 0 0 0 1 48336.dat
1 72 0 -32 0 -1 0 0 0 1 0 0 0 -1 3049c.dat
1 71 0 -8 0 -1 0 0 0 1 0 0 0 -1 2540.dat
0 STEP
1 72 10 21 10 1 0 0 0 0 1 0 -1 0 42446.dat
1 72 -10 21 10 1 0 0 0 0 1 0 -1 0 42446.dat
0 STEP
1 0 16 -6 20 -1 0 0 0 0.087156 0.996195 0 0.996195 -0.087156 30377.dat
1 0 -16 -6 20 -1 0 0 0 0.087156 0.996195 0 0.996195 -0.087156 30377.dat
0 STEP
1 0 0 -33.6412 52.467 -1 0 0 0 0.422618 -0.906308 0 -0.906308 -0.422618 2540.dat
1 71 0 -37.0221 59.7176 1 0 0 0 0.422618 0.906308 0 -0.906308 0.422618 99563.dat
0 STEP
1 0 0 5.3302 61.1068 1 0 0 0 0 1 0 -1 0 11476.dat
1 0 10 5.3302 61.1068 0 0 -1 1 0 0 0 -1 0 54200.dat
1 0 -10 5.3302 61.1067 0 0 1 -1 0 0 0 -1 0 54200.dat
0 STEP
1 71 0 -30.2602 45.2165 1 0 0 0 0.422618 0.906308 0 -0.906308 0.422618 99780.dat
1 71 0 -26.8792 37.9662 1 0 0 0 0.422618 0.906308 0 -0.906308 0.422618 99781.dat
1 71 0 -23.4982 30.7157 1 0 0 0 0.422618 0.906308 0 -0.906308 0.422618 3938.dat
0 STEP
1 71 0 -51.0443 37.7316 -1 0 0 0 0.906308 0.422618 0 0.422618 -0.906308 48336.dat
1 72 0 -72.7957 27.5888 0 0 1 0.422618 0.906308 0 -0.906308 0.422618 0 3044c.dat
1 72 0 -57.0927 12.8435 -1 0 0 0 0.906308 0.422618 0 0.422618 -0.906308 3049c.dat
0 NOFILE
0 FILE 16-01-side-hatch.ldr
0 Author: Nathanel Titane // nathanel.titane@gmail.com // All Rights Reserved
1 0 0 0 0 0 0 -1 0 1 0 1 0 0 18649.dat
1 0 0 7.9999 -0.0001 0 0 1 0 1 0 -1 0 0 32803.dat
0 STEP
1 0 20 8 0.0001 0 0 -1 0 1 0 1 0 0 60478.dat
0 STEP
1 0 20 -16 10 -1 0 0 0 1 0 0 0 -1 4070.dat
1 0 20 -16 -10 1 0 0 0 1 0 0 0 1 4070.dat
1 72 20 -40 0.0001 -1 0 0 0 1 0 0 0 -1 3044c.dat
0 STEP
1 0 0 -24.0001 10 0 0 1 0 1 0 -1 0 0 87087.dat
1 0 0 -24.0001 -10 0 0 1 0 1 0 -1 0 0 87087.dat
1 72 0 -48.0001 -0.0001 0 0 1 0 1 0 -1 0 0 3049c.dat
1 71 -18 -14 0 0 1 0 0 0 1 1 0 0 99563.dat
0 STEP
1 0 20 14.2426 34.2427 0 0 -1 -0.707107 0.707107 0 0.707107 0.707107 0 2555.dat
1 0 20 19.8995 39.8996 0 0 -1 -0.707107 0.707107 0 0.707107 0.707107 0 87087.dat
1 15 20 36.8701 56.8701 0 0 -1 -0.707107 0.707107 0 0.707107 0.707107 0 3024.dat
1 0 30 26.9706 46.9706 0 -1 0 0.707107 0 -0.707107 0.707107 0 0.707107 54200.dat
0 STEP
1 0 0 0.4471 -35.7955 0 0 1 -0.965926 -0.258819 0 0.258819 -0.965926 0 2555.dat
1 0 0 -1.6235 -43.523 0 0 1 -0.965926 -0.258819 0 0.258819 -0.965926 0 4073.dat
0 STEP
0 NOFILE
0 FILE 16-02-side-hatch.ldr
0 Author: Nathanel Titane // nathanel.titane@gmail.com // All Rights Reserved
1 0 0 0 0 0 0 -1 0 1 0 1 0 0 18649.dat
1 0 0 7.9999 0.0001 0 0 -1 0 1 0 1 0 0 32803.dat
0 STEP
1 0 -20 8 0.0001 0 0 -1 0 1 0 1 0 0 60478.dat
0 STEP
1 0 -20 -16 10 -1 0 0 0 1 0 0 0 -1 4070.dat
1 0 -20 -16 -10 1 0 0 0 1 0 0 0 1 4070.dat
1 72 -20 -40 0.0001 1 0 0 0 1 0 0 0 1 3044c.dat
0 STEP
1 0 0 -24.0001 10 0 0 -1 0 1 0 1 0 0 87087.dat
1 0 0 -24.0001 -10 0 0 -1 0 1 0 1 0 0 87087.dat
1 72 0 -48.0001 0.0001 0 0 -1 0 1 0 1 0 0 3049c.dat
1 71 18 -14 0 0 -1 0 0 0 1 -1 0 0 99563.dat
0 STEP
1 0 -20 14.2426 34.2427 0 0 -1 -0.707107 0.707107 0 0.707107 0.707107 0 2555.dat
1 0 -20 19.8995 39.8996 0 0 1 0.707107 0.707107 0 -0.707107 0.707107 0 87087.dat
