0 FILE 00-instructions.ldr
0 Name: 00-instructions.ldr
0 Author: Nathanel Titane // nathanel.titane@gmail.com // All Rights Reserved
0
0 // LPUB[3D] FRONT COVER PAGE /////////////////////////////////////////////////
0
0 !LPUB PAGE DOCUMENT_TITLE_FRONT COLOR "#666666"
0 !LPUB PAGE DOCUMENT_TITLE_FRONT CONTENT GLOBAL "MODEL // MVF-04H RUDRA // FIGHTER"
0 !LPUB PAGE DOCUMENT_TITLE_FRONT DISPLAY GLOBAL TRUE
0 !LPUB PAGE DOCUMENT_TITLE_FRONT FONT "Noto Sans,72,-1,0,75,0,0,0,0,0,Bold"
0 !LPUB PAGE DOCUMENT_TITLE_FRONT MARGINS 0.2500 0.1000
0 !LPUB PAGE DOCUMENT_TITLE_FRONT PLACEMENT GLOBAL TOP_LEFT PAGE INSIDE OFFSET 0.0000 0.0000

0 !LPUB PAGE DOCUMENT_AUTHOR_FRONT CONTENT GLOBAL "MODEL DESIGN AND INSTRUCTIONS // NATHANEL TITANE"
0 !LPUB PAGE DOCUMENT_AUTHOR_FRONT COLOR "#666666"
0 !LPUB PAGE DOCUMENT_AUTHOR_FRONT DISPLAY GLOBAL TRUE
0 !LPUB PAGE DOCUMENT_AUTHOR_FRONT FONT "Noto Sans,18,-1,0,75,0,0,0,0,0,Bold"
0 !LPUB PAGE DOCUMENT_AUTHOR_FRONT MARGINS 0.3000 1.0000
0 !LPUB PAGE DOCUMENT_AUTHOR_FRONT PLACEMENT TOP_LEFT PAGE INSIDE OFFSET 0.0000 0.0000

0 !LPUB PAGE MODEL_PARTS COLOR "#666666"
0 !LPUB PAGE MODEL_PARTS CONTENT GLOBAL "125 PIECES"
0 !LPUB PAGE MODEL_PARTS DISPLAY GLOBAL TRUE
0 !LPUB PAGE MODEL_PARTS FONT "Noto Sans,72,-1,0,75,0,0,0,0,0,Bold"
0 !LPUB PAGE MODEL_PARTS MARGINS 0.2500 0.1000
0 !LPUB PAGE MODEL_PARTS PLACEMENT GLOBAL BOTTOM_LEFT PAGE INSIDE OFFSET 0.0000 0.0000

0 !LPUB PAGE PUBLISH_DESCRIPTION COLOR "#666666"
0 !LPUB PAGE PUBLISH_DESCRIPTION CONTENT GLOBAL "LEGO // LINUX - Where Lego and Linux Meet"
0 !LPUB PAGE PUBLISH_DESCRIPTION DISPLAY GLOBAL TRUE
0 !LPUB PAGE PUBLISH_DESCRIPTION FONT "Noto Sans,36,-1,0,75,0,0,0,0,0,Bold"
0 !LPUB PAGE PUBLISH_DESCRIPTION MARGINS 0.2000 0.2000
0 !LPUB PAGE PUBLISH_DESCRIPTION PLACEMENT GLOBAL BOTTOM_RIGHT PAGE INSIDE OFFSET 0.0000 0.0000
0
0 // LPUB[3D] BACK COVER PAGE //////////////////////////////////////////////////
0
0 // LPUB[3D] DOCUMENT DISCLAIMER
0 !LPUB PAGE LEGO_DISCLAIMER COLOR "#666666"
0 !LPUB PAGE LEGO_DISCLAIMER CONTENT GLOBAL "LEGO® // REGISTERED TRADEMARK OF THE LEGO GROUP"
0 !LPUB PAGE LEGO_DISCLAIMER DISPLAY GLOBAL TRUE
0 !LPUB PAGE LEGO_DISCLAIMER FONT "Noto Sans,36,-1,0,75,0,0,0,0,0,Bold"
0 !LPUB PAGE LEGO_DISCLAIMER PLACEMENT GLOBAL CENTER PAGE INSIDE OFFSET 0.0000 -0.2500
0
0 // LPUB[3D] PAGE DOCUMENT AUTHOR
0 !LPUB PAGE DOCUMENT_AUTHOR_BACK COLOR "#666666"
0 !LPUB PAGE DOCUMENT_AUTHOR_BACK CONTENT GLOBAL "MODEL DESIGN AND INSTRUCTIONS // NATHANEL TITANE"
0 !LPUB PAGE DOCUMENT_AUTHOR_BACK DISPLAY GLOBAL TRUE
0 !LPUB PAGE DOCUMENT_AUTHOR_BACK FONT "Noto Sans,36,-1,0,75,0,0,0,0,0,Bold"
0 !LPUB PAGE DOCUMENT_AUTHOR_BACK PLACEMENT CENTER PAGE INSIDE OFFSET 0.0000 -0.2000
0
0 // LPUB[3D] PAGE PUBLICATION COPYRIGHT
0 !LPUB PAGE PUBLISH_COPYRIGHT_BACK COLOR "#666666"
0 !LPUB PAGE PUBLISH_COPYRIGHT_BACK CONTENT GLOBAL "COPYRIGHT // ALL RIGHTS RESERVED"
0 !LPUB PAGE PUBLISH_COPYRIGHT_BACK DISPLAY GLOBAL TRUE
0 !LPUB PAGE PUBLISH_COPYRIGHT_BACK FONT "Noto Sans,36,-1,0,75,0,0,0,0,0,Bold"
0 !LPUB PAGE PUBLISH_COPYRIGHT_BACK PLACEMENT GLOBAL CENTER PAGE INSIDE OFFSET 0.0000 -0.1500
0
0 // LPUB[3D] PAGE PUBLICATION EMAIL
0 !LPUB PAGE PUBLISH_EMAIL_BACK COLOR "#666666"
0 !LPUB PAGE PUBLISH_EMAIL_BACK CONTENT GLOBAL "CONTACT // NATHANEL.TITANE@GMAIL.COM // INFO@LEGOLINUX.COM"
0 !LPUB PAGE PUBLISH_EMAIL_BACK DISPLAY GLOBAL TRUE
0 !LPUB PAGE PUBLISH_EMAIL_BACK FONT "Noto Sans,18,-1,0,75,0,0,0,0,0,Bold"
0 !LPUB PAGE PUBLISH_EMAIL_BACK PLACEMENT GLOBAL CENTER PAGE INSIDE OFFSET 0.0000 -0.0500
0
0 // LPUB[3D] PAGE PUBLICATION URL
0 !LPUB PAGE PUBLISH_URL_BACK COLOR "#666666"
0 !LPUB PAGE PUBLISH_URL_BACK CONTENT GLOBAL "WEB // HTTPS://LEGOLINUX.COM/MODELS/MICRO-VERITECHS/MVF-04H-RUDRA-FIGHTER"
0 !LPUB PAGE PUBLISH_URL_BACK DISPLAY GLOBAL TRUE
0 !LPUB PAGE PUBLISH_URL_BACK FONT "Noto Sans,18,-1,0,75,0,0,0,0,0,Bold"
0 !LPUB PAGE PUBLISH_URL_BACK PLACEMENT GLOBAL CENTER PAGE INSIDE OFFSET 0.0000 -0.0250
0
0 // LPUB[3D] PAGE LOGO
0 !LPUB PAGE DOCUMENT_LOGO_BACK DISPLAY GLOBAL TRUE
0 !LPUB PAGE DOCUMENT_LOGO_BACK FILE GLOBAL "/media/internal/Lego/lpub3d/instructions/logo.png"
0 !LPUB PAGE DOCUMENT_LOGO_BACK PLACEMENT CENTER PAGE INSIDE OFFSET 0.0000 0.45000
0 !LPUB PAGE DOCUMENT_LOGO_BACK SCALE GLOBAL  1.0000
0
0 // LPUB[3D] CONFIGURATION ////////////////////////////////////////////////////
0
0 // LPUB[3D] PAGE WATERMARK
0 !LPUB PAGE PUBLISH_EMAIL CONTENT GLOBAL "CONTACT // NATHANEL.TITANE@GMAIL.COM // INFO@LEGOLINUX.COM"
0 !LPUB PAGE PUBLISH_EMAIL COLOR "#666666"
0 !LPUB PAGE PUBLISH_EMAIL DISPLAY GLOBAL TRUE
0 !LPUB PAGE PUBLISH_EMAIL FONT "Noto Sans,18,-1,0,75,0,0,0,0,0,Bold"
0 !LPUB PAGE PUBLISH_EMAIL MARGINS 0.0000 0.1500
0 !LPUB PAGE PUBLISH_EMAIL PLACEMENT GLOBAL BOTTOM PAGE INSIDE OFFSET 0.0000 0.0000
0 !LPUB PAGE DOCUMENT_AUTHOR CONTENT GLOBAL "MODEL DESIGN AND INSTRUCTIONS // NATHANEL TITANE"
0 !LPUB PAGE DOCUMENT_AUTHOR COLOR "#666666"
0 !LPUB PAGE DOCUMENT_AUTHOR DISPLAY GLOBAL TRUE
0 !LPUB PAGE DOCUMENT_AUTHOR FONT "Noto Sans,18,-1,0,75,0,0,0,0,0,Bold"
0 !LPUB PAGE DOCUMENT_AUTHOR MARGINS 0.0000 0.2000
0 !LPUB PAGE DOCUMENT_AUTHOR PLACEMENT GLOBAL TOP PAGE INSIDE OFFSET 0.0000 0.0000
0
0 // LPUB[3D] STEPS HIGHLIGHT
0 !LPUB HIGHLIGHT_STEP ENABLED GLOBAL TRUE
0 !LPUB HIGHLIGHT_STEP COLOR GLOBAL "#7137C8"
0
0 // LPUB[3D] STEP FADE
0 !LPUB FADE_STEP OPACITY GLOBAL "50"
0 !LPUB FADE_STEP COLOR GLOBAL "Trans_Black"
0 !LPUB FADE_STEP ENABLED GLOBAL TRUE
0 !LPUB FINAL_MODEL_ENABLED GLOBAL TRUE
0
0 // LPUB[3D] SUBMODEL PREVIEW
0 !LPUB SUBMODEL_DISPLAY SHOW GLOBAL TRUE
0 !LPUB SUBMODEL_DISPLAY BACKGROUND COLOR "#DDDDDD"
0 !LPUB SUBMODEL_DISPLAY MARGINS 0.1500 0.7500
0 !LPUB SUBMODEL_DISPLAY BORDER SQUARE 0 Black 0.031 MARGINS 0.050 0.050
0 !LPUB SUBMODEL_DISPLAY PLACEMENT GLOBAL LEFT PAGE INSIDE
0 !LPUB SUBMODEL_DISPLAY CAMERA_ANGLES 30.0000 45.0000
0
0 // LPUB[3D] ASSEMBLIES
0 !LPUB ASSEM CAMERA_ANGLES 30.0000 45.0000
0 !LPUB ASSEM MARGINS 0.5000 0.5000
0 !LPUB ASSEM MODEL_SCALE 1.0000
0 !LPUB ASSEM PLACEMENT CENTER PAGE INSIDE OFFSET 0.0000 0.0000
0
0 // LPUB[3D] BILL OF MATERIALS
0 !LPUB BOM BACKGROUND COLOR "#DDDDDD"
0 !LPUB BOM BORDER SQUARE 0 #666666 0.025 MARGINS 0.050 0.050
0 !LPUB BOM CONSTRAIN HEIGHT 13.0000
0 !LPUB BOM CONSTRAIN SQUARE
0 !LPUB BOM PLACEMENT CENTER PAGE INSIDE OFFSET 0.0000 0.0000
0
0 // LPUB[3D] CALLOUTS
0 !LPUB CALLOUT BORDER SQUARE 0 #666666 0.025 MARGINS 0.050 0.050
0 !LPUB CALLOUT MARGINS 0.1250 0.1250
0 !LPUB CALLOUT PLACEMENT RIGHT PAGE INSIDE OFFSET 0.0000 0.0000
0
0 // LPUB[3D] PAGE
0 !LPUB PAGE DOCUMENT_COVER_IMAGE DISPLAY GLOBAL TRUE
0 !LPUB PAGE DOCUMENT_COVER_IMAGE FILE GLOBAL "../renders/flat/flat.png"
0 !LPUB PAGE DOCUMENT_COVER_IMAGE FILL GLOBAL ASPECT
0 !LPUB PAGE DOCUMENT_COVER_IMAGE MARGINS GLOBAL 0.0000 0.0000
0 !LPUB PAGE DOCUMENT_COVER_IMAGE PLACEMENT GLOBAL CENTER PAGE INSIDE OFFSET 0.0000 0.0000
0 !LPUB PAGE DOCUMENT_COVER_IMAGE SCALE GLOBAL 1.0000
0
0 // LPUB[3D] PAGE NUMBER
0 !LPUB PAGE NUMBER FONT "Noto Sans,36,-1,0,75,0,0,0,0,0,Bold"
0 !LPUB PAGE NUMBER FONT_COLOR "#666666"
0 !LPUB PAGE NUMBER MARGINS 0.1250 0.1250
0 !LPUB PAGE NUMBER PLACEMENT BOTTOM_RIGHT PAGE INSIDE OFFSET 0.0000 0.0000
0
0 // LPUB[3D] PAGE SETUP
0 !LPUB PAGE BORDER GLOBAL NONE 0 MARGINS 0.000 0.000
0 !LPUB PAGE ENABLE_TEXT_PLACEMENT GLOBAL CENTER PAGE INSIDE OFFSET 0.0000 0.0000
0 !LPUB PAGE TEXT_PLACEMENT GLOBAL TRUE
0 !LPUB PAGE PAGE_FOOTER SIZE GLOBAL 32.0000 0.5000
0 !LPUB PAGE PAGE_HEADER SIZE GLOBAL 32.0000 0.5000
0 !LPUB PAGE MARGINS GLOBAL 0.0000 0.0000
0 !LPUB PAGE ORIENTATION GLOBAL LANDSCAPE
0 !LPUB PAGE SIZE GLOBAL 16.0000 32.0000
0
0 // LPUB[3D] PAGE COLORS
0 !LPUB PAGE SUBMODEL_BACKGROUND_COLOR GLOBAL "#DDDDDD" "#FFE680" "#FFAAAA" "#C6AFE9"
0
0 // LPUB[3D] SUBMODELS
0 !LPUB PAGE SUBMODEL_INSTANCE_COUNT FONT_COLOR "#FF5555"
0 !LPUB PAGE SUBMODEL_INSTANCE_COUNT FONT "Noto Sans,72,-1,0,75,0,0,0,0,0,Bold"
0 !LPUB PAGE SUBMODEL_INSTANCE_COUNT MARGINS 0.0000 0.1250
0 !LPUB PAGE SUBMODEL_INSTANCE_COUNT PLACEMENT BOTTOM_RIGHT PAGE INSIDE OFFSET 0.0000 -0.0500
0
0 // LPUB[3D] PARTS LIST
0 !LPUB PLI BACKGROUND COLOR "#DDDDDD"
0 !LPUB PLI BORDER SQUARE 0 #666666 0.025 MARGINS 0.0500 0.050
0 !LPUB PLI CAMERA_ANGLES 30.0000 45.0000
0 !LPUB PLI CONSTRAIN HEIGHT 5.0000
0 !LPUB PLI MODEL_SCALE  1.0000
0 !LPUB PLI MARGINS 0.1500 0.7500
0 !LPUB PLI PLACEMENT TOP_RIGHT PAGE INSIDE OFFSET 0.0000 0.0000
0 !LPUB PLI INSTANCE_COUNT FONT "Noto Sans,36,-1,0,75,0,0,0,0,0,Bold"
0 !LPUB PLI INSTANCE_COUNT FONT_COLOR "#666666"
0 !LPUB PLI INSTANCE_COUNT MARGINS 0.0125 0.0125
0 !LPUB PLI INSTANCE_COUNT MARGINS 0.0125 0.3000
0
0 // LPUB[3D] STEP NUMBER
0 !LPUB STEP_NUMBER FONT "Noto Sans,72,-1,0,75,0,0,0,0,0,Bold"
0 !LPUB STEP_NUMBER FONT_COLOR "#666666"
0 !LPUB STEP_NUMBER MARGINS 0.1250 0.0000
0 !LPUB STEP_NUMBER PLACEMENT TOP_LEFT PAGE INSIDE OFFSET 0.0000 0.0000
0
0 // LPUB[3D] BEGIN INSTRUCTIONS ///////////////////////////////////////////////
0
0 STEP
0 !LPUB INSERT COVER_PAGE FRONT
0 STEP
0 !LPUB ASSEM MODEL_SCALE LOCAL 0.7500
1 0 0 0 0 1 0 0 0 1 0 0 0 1 00-model.ldr
0 STEP
0
0 // LPUB[3D] DISABLE FINAL MODEL SHOWCASE /////////////////////////////////////
0
0 !LPUB NOSTEP
0
0 // LPUB[3D] BOM PAGES
0 STEP
0 !LPUB INSERT PAGE
0 !LPUB INSERT BOM
0 STEP
0 !LPUB INSERT PAGE
0 !LPUB INSERT BOM
0 STEP
0 !LPUB INSERT PAGE
0 !LPUB INSERT BOM
0 STEP
0 !LPUB INSERT PAGE
0 !LPUB INSERT BOM
0 STEP
0 !LPUB INSERT PAGE
0 !LPUB INSERT BOM
0 STEP
0 !LPUB INSERT PAGE
0 !LPUB INSERT BOM
0 STEP
0 !LPUB INSERT PAGE
0 !LPUB INSERT BOM
0 STEP
0 !LPUB INSERT PAGE
0 !LPUB INSERT BOM
0 STEP
0 !LPUB INSERT PAGE
0 !LPUB INSERT BOM
0 STEP
0 !LPUB INSERT PAGE
0 !LPUB INSERT BOM
0 STEP
0 !LPUB INSERT PAGE
0 !LPUB INSERT BOM
0 STEP
0 !LPUB INSERT PAGE
0 !LPUB INSERT BOM
0 STEP
0
0 !LPUB NOSTEP
0
0 !LPUB INSERT COVER_PAGE BACK
0
0 // LPUB[3D] END INSTRUCTIONS /////////////////////////////////////////////////
0
0 NOFILE
0 FILE 00-model.ldr
0 Author: Nathanel Titane // nathanel.titane@gmail.com // All Rights Reserved
1 0 0 0 0 1 0 0 0 1 0 0 0 1 01-cockpit.ldr
0 STEP
1 0 -20 2 50 0 1 0 -1 0 0 0 0 1 03-01-side.ldr
0 STEP
1 0 0 22 38 1 0 0 0 0 -1 0 1 0 04-waist.ldr
0 STEP
1 0 0 -0.593 59.568 1 0 0 0 1 0 0 0 1 05-head.ldr
0 STEP
1 0 20 2 50 0 -1 0 1 0 0 0 0 1 03-02-side.ldr
0 STEP
1 0 0 -0.0005 120 1 -0.000026 0 0.000026 1 0 0 0 1 11-back.ldr
0 STEP
1 0 -41.909 -20.092 70 0.996195 0 -0.087156 0.087156 0 0.996195 0 -1 0 09-shoulder.ldr
0 STEP
1 0 -41.7347 -22.0832 114 -0.99619 -0.087208 0.000002 -0.087208 0.99619 -0.000026 0 -0.000026 -1 10-arm.ldr
0 STEP
1 0 41.909 -20.092 70 -0.996195 0 -0.087156 0.087156 0 -0.996195 0 -1 0 09-shoulder.ldr
0 STEP
1 0 41.7349 -22.0832 114 -0.996195 0.087156 -0.000002 0.087156 0.996195 -0.000026 0 -0.000026 -1 10-arm.ldr
0 STEP
0 NOFILE
0 FILE 01-cockpit.ldr
0 Author: Nathanel Titane // nathanel.titane@gmail.com // All Rights Reserved
1 0 0 8 -10 0 0 1 0 1 0 -1 0 0 60478.dat
0 STEP
1 57 0 0 -20 1 0 0 0 1 0 0 0 1 3024.dat
0 STEP
1 0 0 0 0 -1 0 0 0 1 0 0 0 -1 4081b.dat
1 71 -12 2 20 0 1 0 -1 0 0 0 0 1 4073.dat
1 71 12 2 20 0 -1 0 -1 0 0 0 0 -1 4073.dat
0 STEP
1 0 0 -8 -10 0 0 1 0 1 0 -1 0 0 3023.dat
1 135 0 -16 0 0 0 1 0 1 0 -1 0 0 4073.dat
0 STEP
1 72 0 -24 -30 1 0 0.000026 0 1 0 -0.000026 0 1 61678.dat
0 STEP
1 0 0 8 -70 1 0 0 0 1 0 0 0 1 02-nose.ldr
0 NOFILE
0 FILE 02-nose.ldr
0 Author: Nathanel Titane // nathanel.titane@gmail.com // All Rights Reserved
1 0 0 0 0 0 0 -1 0 1 0 1 0 0 63868.dat
0 STEP
1 71 0 -8 -20 0 0 1 0 1 0 -1 0 0 2431.dat
0 NOFILE
0 FILE 03-01-side.ldr
0 Author: Nathanel Titane // nathanel.titane@gmail.com // All Rights Reserved
1 0 0 0 0 0 0 -1 0 1 0 1 0 0 48336.dat
1 0 0 0 30 -1 0 0 0 1 0 0 0 -1 4085d.dat
0 STEP
1 72 0 -8 20 0.000026 0 -1 0 1 0 1 0 0.000026 3069b.dat
0 STEP
1 72 0 -16 -30 1 0 0 0 1 0 0 0 1 50950.dat
0 NOFILE
0 FILE 03-02-side.ldr
0 Author: Nathanel Titane // nathanel.titane@gmail.com // All Rights Reserved
1 0 0 0 0 0.000053 0 1 0 1 0 -1 0 0.000053 48336.dat
1 0 0 0 30 -1 0 0 0 1 0 0 0 -1 4085d.dat
0 STEP
1 72 0 -8 20 0.000026 0 -1 0 1 0 1 0 0.000026 3069b.dat
0 STEP
1 72 0 -16 -30 1 0 0 0 1 0 0 0 1 50950.dat
0 NOFILE
0 FILE 04-waist.ldr
0 Author: Nathanel Titane // nathanel.titane@gmail.com // All Rights Reserved
1 0 0 0 0 -1 0 0 0 1 0 0 0 -1 4081b.dat
1 71 -12 2 20 0 1 0 -1 0 0 0 0 1 4073.dat
1 71 12 2 20 0 -1 0 -1 0 0 0 0 -1 4073.dat
0 STEP
1 0 0 -8 0 1 0 0 0 1 0 0 0 1 2555.dat
0 STEP
1 71 0 -14 -14 0 0 1 1 0 0 0 1 0 4697b.dat
0 STEP
1 0 -23.9998 -5.3403 -9.0005 1 -0.000016 -0.000088 0.00003 -0.866043 0.49997 -0.000085 -0.49997 -0.866043 06-foreleg.ldr
0 STEP
1 0 -23.9996 46.7845 -12.0019 1 0 -0.000079 -0.000079 0 -1 0 1 0 07-shin.ldr
0 STEP
1 0 0.0004 106.7849 -7.9968 1 0.000053 0 0 0.000026 1 0.000053 -1 0.000026 13-gun-pod.ldr
0 STEP
1 0 24.0002 -5.3376 -9.0068 -1 -0.000016 0.000141 -0.000056 -0.866043 -0.49997 0.00013 -0.49997 0.866043 06-foreleg.ldr
0 STEP
1 0 24.0004 46.7845 -12.0082 1 0 -0.000079 -0.000079 0 -1 0 1 0 07-shin.ldr
0 NOFILE
0 FILE 05-head.ldr
0 Author: Nathanel Titane // nathanel.titane@gmail.com // All Rights Reserved
1 0 0 0 0 -1 0 0.000053 0 1 0 -0.000053 0 -1 4081b.dat
1 71 -12.0011 2 19.9994 0 1 -0.000053 -1 0 0 0 0.000053 1 4073.dat
1 71 11.9989 2 20.0006 0 -1 0.000053 -1 0 0 0 -0.000053 -1 4073.dat
0 STEP
1 0 0 -8 0 -1 0 0 0 1 0 0 0 -1 3024.dat
0 STEP
1 0 0 -16 10 0 0 1 0 1 0 -1 0 0 60478.dat
1 71 0 -24 10 0.000026 0 1 0 1 0 -1 0 0.000026 3069b.dat
0 STEP
1 72 0 -19.9776 -20.523 -0.000005 0.000001 1 -0.087159 -0.996194 0 0.996194 -0.087159 0.000005 2555.dat
1 72 0 -27.7722 -23.2133 1 0.000001 0.000005 0 -0.996194 0.087159 0.000005 -0.087159 -0.996194 6120.dat
0 NOFILE
0 FILE 06-foreleg.ldr
0 Author: Nathanel Titane // nathanel.titane@gmail.com // All Rights Reserved
1 72 0 0 0 0 0 -1 0 1 0 1 0 0 87087.dat
0 STEP
1 71 0 24 0 1 0 0 0 1 0 0 0 1 4073.dat
1 72 0 -8 0 0 0 1 0 1 0 -1 0 0 2555.dat
0 NOFILE
0 FILE 07-shin.ldr
0 Author: Nathanel Titane // nathanel.titane@gmail.com // All Rights Reserved
1 0 0 8 10 0 0 -1 0 1 0 1 0 0 60478.dat
0 STEP
1 0 0 0 0 1 0 0 0 1 0 0 0 1 4081b.dat
1 72 0 8 10 -1 0 0 0 1 0 0 0 -1 11477.dat
0 STEP
1 72 -12 2 -20 0 1 0 -1 0 0 0 0 1 4085d.dat
1 72 -20 2 -20 0 1 0 0 0 1 1 0 0 3070b.dat
0 STEP
1 72 12 2 -20 0 -1 0 1 0 0 0 0 1 4085d.dat
1 72 20 2 -20 0 -1 0 0 0 1 -1 0 0 3070b.dat
0 STEP
1 71 0 2 -40 -0.000037 -0.000037 -1 0.965929 0.258806 -0.000046 0.258806 -0.965929 0.000026 4697b.dat
0 STEP
1 0 -0.0003 0.0855 -56.0423 -1 0.000037 0.000037 -0.000046 -0.965929 -0.258806 0.000026 -0.258806 0.965929 08-foot.ldr
0 NOFILE
0 FILE 08-foot.ldr
0 Author: Nathanel Titane // nathanel.titane@gmail.com // All Rights Reserved
1 0 0 8 -10 0 0 -1 0 1 0 1 0 0 60478.dat
0 STEP
1 0 0 0 0 1 0 0 0 1 0 0 0 1 2555.dat
1 72 0 16 -30 1 0 0 0 1 0 0 0 1 11477.dat
0 STEP
1 0 0 20.198 14.34 0 0 -1 -0.5 0.866025 0 0.866025 0.5 0 92280.dat
1 0 0 25.197 5.68 -1 -0 0 0 0.866025 0.5 -0 0.5 -0.866025 54200.dat
0 NOFILE
0 FILE 09-shoulder.ldr
0 Author: Nathanel Titane // nathanel.titane@gmail.com // All Rights Reserved
1 72 0 0 0 0 0 -1 0 1 0 1 0 0 87087.dat
0 STEP
1 72 18 10 0 0 -1 0 0 0 -1 1 0 0 2555.dat
1 72 0 -8 0 0 0 1 0 1 0 -1 0 0 2555.dat
0 NOFILE
0 FILE 10-arm.ldr
0 Author: Nathanel Titane // nathanel.titane@gmail.com // All Rights Reserved
1 0 0 0 0 0 0 -1 0 1 0 1 0 0 60478.dat
1 0 0 0 -30 1 0 0 0 1 0 0 0 1 4085d.dat
0 STEP
1 71 0 -8 -10 0 0 1 0 1 0 -1 0 0 63864.dat
0 NOFILE
0 FILE 11-back.ldr
0 Author: Nathanel Titane // nathanel.titane@gmail.com // All Rights Reserved
1 72 0 16 10 -1 0 0.000053 0 1 0 -0.000053 0 -1 2654.dat
0 STEP
1 0 -10 8 10 0.000026 0 1 0 1 0 -1 0 0.000026 2540.dat
1 0 10 8 10 -0.000079 0 -1 0 1 0 1 0 -0.000079 2540.dat
0 STEP
1 0 0 0 0 1 0 0 0 1 0 0 0 1 2540.dat
0 STEP
1 71 0 -8 30 -1 0 0.000053 0 1 0 -0.000053 0 -1 93606.dat
1 0 0 16 50 1 0 0 0 1 0 0 0 1 3022.dat
0 STEP
1 72 -31.5525 4.2045 10 -0.965927 -0.258815 0.000008 0.258815 -0.965927 0.000006 0.000006 0.000008 1 12-01-wing.ldr
0 STEP
1 72 31.5525 4.2042 10 -0.965927 0.258815 -0.000006 -0.258815 -0.965927 -0.000008 -0.000008 -0.000006 1 12-02-wing.ldr
0 STEP
1 0 -30 10 -10 -0.499969 -0.000026 -0.866043 -0.866043 0 0.499969 -0.000013 1 -0.000023 44676.dat
0 STEP
1 0 30 10 -10 -0.49997 0.000026 0.866043 0.866043 0 0.49997 0.000013 1 -0.000023 44676.dat
0 STEP
1 0 0.0005 -18.0001 -18.0005 1 0.000026 -0.000026 0.000026 0.000026 1 0.000026 -1 0.000026 14-booster.ldr
0 NOFILE
0 FILE 12-01-wing.ldr
0 Author: Nathanel Titane // nathanel.titane@gmail.com // All Rights Reserved
1 72 0 0 0 1 0 -0 -0 1 -0 0 0 1 2555.dat
1 72 13.6605 7.9994 -3.6612 -0.866017 0.000032 0.500015 0.000003 1 -0.000058 -0.500015 -0.000048 -0.866017 51739.dat
0 NOFILE
0 FILE 12-02-wing.ldr
0 Author: Nathanel Titane // nathanel.titane@gmail.com // All Rights Reserved
1 72 0 0 0 1 -0 0 0 1 -0 -0 0 1 2555.dat
1 72 -13.6615 7.9992 -3.6596 -0.86599 -0.000058 -0.500061 -0.000049 1 -0.000032 0.500061 -0.000003 -0.86599 51739.dat
0 NOFILE
0 FILE 13-gun-pod.ldr
0 Author: Nathanel Titane // nathanel.titane@gmail.com // All Rights Reserved
1 0 0 26 20 -1 0 0 0 0 1 0 1 0 87617.dat
0 STEP
1 0 0 26 -82 -1 0 0 0 0 -1 0 -1 0 63965.dat
0 STEP
1 0 0 26 34 -0.707107 0 -0.707107 -0.707107 0 0.707107 0 1 0 4588.dat
0 STEP
1 0 0 8 0 -1 0 0 0 1 0 0 0 -1 4085d.dat
1 0 0 0 0 1 0 0 0 1 0 0 0 1 4081b.dat
0 NOFILE
0 FILE 14-booster.ldr
0 Author: Nathanel Titane // nathanel.titane@gmail.com // All Rights Reserved
1 0 0 0 0 -1 0 0.000053 0 1 0 -0.000053 0 -1 61252.dat
1 72 0.0005 21 -10 -1 -0.000053 0.000105 0.000105 -0.000026 1 -0.000053 1 0.000026 42446.dat
0 STEP
1 0 0 -8 0 1 0 0 0 1 0 0 0 1 4081b.dat
1 71 -12 -6.0003 -20 0.000026 1 0 -1 0.000026 0 0 0 1 98138.dat
1 71 12 -6.0003 -20 -0.000079 -1 0 1 -0.000079 0 0 0 1 98138.dat
0 STEP
1 0 0 -16 0 0.000026 0 1 0 1 0 -1 0 0.000026 2555.dat
1 0 -0.0004 -40.1101 -8.7192 1 -0.000034 -0.000024 -0.000035 -0.34199 -0.939704 0.000024 0.939704 -0.34199 2540.dat
0 STEP
1 71 -10.0007 -42.8457 -1.2018 1 -0.000035 -0.000025 -0.000035 -0.34199 -0.939704 0.000024 0.939704 -0.34199 4073.dat
1 71 9.9993 -42.8464 -1.2013 1 -0.000035 -0.000025 -0.000035 -0.34199 -0.939704 0.000024 0.939704 -0.34199 4073.dat
0 STEP
1 0 9.9999 -37.3745 -16.2366 0.00005 -0.000034 1 0.939704 -0.34199 -0.000059 0.34199 0.939704 0.000015 2555.dat
1 0 -10.0001 -37.3738 -16.2371 0.00005 -0.000035 1 0.939704 -0.34199 -0.000059 0.34199 0.939704 0.000015 2555.dat
0 STEP
1 71 -24.9999 -35.321 -21.8755 -0.00002 1 0.000057 -0.087124 -0.000059 0.996198 0.996197 0.000015 0.087124 4697b.dat
1 71 25.0001 -35.3239 -21.8748 -0.00002 -1 -0.000057 -0.087123 0.000059 -0.996198 0.996198 -0.000015 -0.087123 4697b.dat
0 STEP
1 71 -34.9015 -74.3058 -35.2225 -0.707122 -0.707092 -0.000057 -0.061564 0.061648 -0.996197 0.704407 -0.704429 -0.087124 15-01-pod.ldr
0 STEP
1 71 34.8975 -74.3096 -35.2214 -0.707093 0.70712 -0.000058 0.061647 0.061563 -0.996198 -0.704428 -0.704408 -0.087123 15-02-pod.ldr
0 NOFILE
0 FILE 15-01-pod.ldr
0 Author: Nathanel Titane // nathanel.titane@gmail.com // All Rights Reserved
1 72 0 0 0 1 0 0 0 1 0 0 0 1 42023.dat
1 71 0 26 -10 0.000027 1 0 1 -0.000027 -0.000053 -0.000053 0 -1 4274.dat
1 71 0 26 10 0.000027 1 0 1 -0.000027 -0.000053 -0.000053 0 -1 4274.dat
0 STEP
1 72 0 -8 -30 1 0 0 0 1 0 0 0 1 2555.dat
1 72 0 -8 -50 1 0 0 0 1 0 0 0 1 2555.dat
0 STEP
1 72 0 -8 -80.0001 0.000026 0 1 0 1 0 -1 0 0.000026 3069b.dat
0 STEP
1 0 0 -8 0 -0.000078 0 -1 0 1 0 1 0 -0.000078 32028.dat
1 0 0 -16 0 0.000132 0 1 0 1 0 -1 0 0.000132 32028.dat
0 STEP
1 0 0 -16 -10 0.000053 0 1 -0.000001 1 0 -1 -0.000001 0.000053 54200.dat
1 0 0 -16 10 0.000053 0 1 -0.000001 1 0 -1 -0.000001 0.000053 54200.dat
0 NOFILE
0 FILE 15-02-pod.ldr
0 Author: Nathanel Titane // nathanel.titane@gmail.com // All Rights Reserved
1 72 0 0 0 1 0 0 0 1 0 0 0 1 42023.dat
1 71 0 26 -10 0.000027 1 0 1 -0.000027 -0.000053 -0.000053 0 -1 4274.dat
1 71 0 26 10 0.000027 1 0 1 -0.000027 -0.000053 -0.000053 0 -1 4274.dat
0 STEP
1 72 0 -8 -30 1 0 0 0 1 0 0 0 1 2555.dat
1 72 0 -8 -50 1 0 0 0 1 0 0 0 1 2555.dat
0 STEP
1 72 0 -8 -80.0001 0.000026 0 1 0 1 0 -1 0 0.000026 3069b.dat
0 STEP
1 0 0 -8 0 0.000078 0 1 0 1 0 -1 0 0.000078 32028.dat
1 0 0 -16 0 -0.000132 0 -1 0 1 0 1 0 -0.000132 32028.dat
0 STEP
1 0 0 -16 10 -0.000053 0 -1 -0.000001 1 0 1 0.000001 -0.000053 54200.dat
1 0 0 -16 -10 -0.000053 0 -1 -0.000001 1 0 1 0.000001 -0.000053 54200.dat
0 NOFILE
