0 FILE 00-instructions.ldr
0 Name: 00-instructions.ldr
0 Author: Nathanel Titane // nathanel.titane@gmail.com // All Rights Reserved
0
0 // LPUB[3D] FRONT COVER PAGE /////////////////////////////////////////////////
0
0 !LPUB PAGE DOCUMENT_TITLE_FRONT COLOR "#666666"
0 !LPUB PAGE DOCUMENT_TITLE_FRONT CONTENT GLOBAL "MODEL // MSV-51 ALBATROS // FIGHTER"
0 !LPUB PAGE DOCUMENT_TITLE_FRONT DISPLAY GLOBAL TRUE
0 !LPUB PAGE DOCUMENT_TITLE_FRONT FONT "Noto Sans,72,-1,0,75,0,0,0,0,0,Bold"
0 !LPUB PAGE DOCUMENT_TITLE_FRONT MARGINS 0.2500 0.1000
0 !LPUB PAGE DOCUMENT_TITLE_FRONT PLACEMENT GLOBAL TOP_LEFT PAGE INSIDE OFFSET 0.0000 0.0000

0 !LPUB PAGE DOCUMENT_AUTHOR_FRONT CONTENT GLOBAL "MODEL DESIGN AND INSTRUCTIONS // NATHANEL TITANE"
0 !LPUB PAGE DOCUMENT_AUTHOR_FRONT COLOR "#666666"
0 !LPUB PAGE DOCUMENT_AUTHOR_FRONT DISPLAY GLOBAL TRUE
0 !LPUB PAGE DOCUMENT_AUTHOR_FRONT FONT "Noto Sans,18,-1,0,75,0,0,0,0,0,Bold"
0 !LPUB PAGE DOCUMENT_AUTHOR_FRONT MARGINS 0.3000 1.0000
0 !LPUB PAGE DOCUMENT_AUTHOR_FRONT PLACEMENT TOP_LEFT PAGE INSIDE OFFSET 0.0000 0.0000

0 !LPUB PAGE MODEL_PARTS COLOR "#666666"
0 !LPUB PAGE MODEL_PARTS CONTENT GLOBAL "127 PIECES"
0 !LPUB PAGE MODEL_PARTS DISPLAY GLOBAL TRUE
0 !LPUB PAGE MODEL_PARTS FONT "Noto Sans,72,-1,0,75,0,0,0,0,0,Bold"
0 !LPUB PAGE MODEL_PARTS MARGINS 0.2500 0.1000
0 !LPUB PAGE MODEL_PARTS PLACEMENT GLOBAL BOTTOM_LEFT PAGE INSIDE OFFSET 0.0000 0.0000

0 !LPUB PAGE PUBLISH_DESCRIPTION COLOR "#666666"
0 !LPUB PAGE PUBLISH_DESCRIPTION CONTENT GLOBAL "LEGO // LINUX - Where Lego and Linux Meet"
0 !LPUB PAGE PUBLISH_DESCRIPTION DISPLAY GLOBAL TRUE
0 !LPUB PAGE PUBLISH_DESCRIPTION FONT "Noto Sans,36,-1,0,75,0,0,0,0,0,Bold"
0 !LPUB PAGE PUBLISH_DESCRIPTION MARGINS 0.2000 0.2000
0 !LPUB PAGE PUBLISH_DESCRIPTION PLACEMENT GLOBAL BOTTOM_RIGHT PAGE INSIDE OFFSET 0.0000 0.0000
0
0 // LPUB[3D] BACK COVER PAGE //////////////////////////////////////////////////
0
0 // LPUB[3D] DOCUMENT DISCLAIMER
0 !LPUB PAGE LEGO_DISCLAIMER COLOR "#666666"
0 !LPUB PAGE LEGO_DISCLAIMER CONTENT GLOBAL "LEGO® // REGISTERED TRADEMARK OF THE LEGO GROUP"
0 !LPUB PAGE LEGO_DISCLAIMER DISPLAY GLOBAL TRUE
0 !LPUB PAGE LEGO_DISCLAIMER FONT "Noto Sans,36,-1,0,75,0,0,0,0,0,Bold"
0 !LPUB PAGE LEGO_DISCLAIMER PLACEMENT GLOBAL CENTER PAGE INSIDE OFFSET 0.0000 -0.2500
0
0 // LPUB[3D] PAGE DOCUMENT AUTHOR
0 !LPUB PAGE DOCUMENT_AUTHOR_BACK COLOR "#666666"
0 !LPUB PAGE DOCUMENT_AUTHOR_BACK CONTENT GLOBAL "MODEL DESIGN AND INSTRUCTIONS // NATHANEL TITANE"
0 !LPUB PAGE DOCUMENT_AUTHOR_BACK DISPLAY GLOBAL TRUE
0 !LPUB PAGE DOCUMENT_AUTHOR_BACK FONT "Noto Sans,36,-1,0,75,0,0,0,0,0,Bold"
0 !LPUB PAGE DOCUMENT_AUTHOR_BACK PLACEMENT CENTER PAGE INSIDE OFFSET 0.0000 -0.2000
0
0 // LPUB[3D] PAGE PUBLICATION COPYRIGHT
0 !LPUB PAGE PUBLISH_COPYRIGHT_BACK COLOR "#666666"
0 !LPUB PAGE PUBLISH_COPYRIGHT_BACK CONTENT GLOBAL "COPYRIGHT // ALL RIGHTS RESERVED"
0 !LPUB PAGE PUBLISH_COPYRIGHT_BACK DISPLAY GLOBAL TRUE
0 !LPUB PAGE PUBLISH_COPYRIGHT_BACK FONT "Noto Sans,36,-1,0,75,0,0,0,0,0,Bold"
0 !LPUB PAGE PUBLISH_COPYRIGHT_BACK PLACEMENT GLOBAL CENTER PAGE INSIDE OFFSET 0.0000 -0.1500
0
0 // LPUB[3D] PAGE PUBLICATION EMAIL
0 !LPUB PAGE PUBLISH_EMAIL_BACK COLOR "#666666"
0 !LPUB PAGE PUBLISH_EMAIL_BACK CONTENT GLOBAL "CONTACT // NATHANEL.TITANE@GMAIL.COM // INFO@LEGOLINUX.COM"
0 !LPUB PAGE PUBLISH_EMAIL_BACK DISPLAY GLOBAL TRUE
0 !LPUB PAGE PUBLISH_EMAIL_BACK FONT "Noto Sans,18,-1,0,75,0,0,0,0,0,Bold"
0 !LPUB PAGE PUBLISH_EMAIL_BACK PLACEMENT GLOBAL CENTER PAGE INSIDE OFFSET 0.0000 -0.0500
0
0 // LPUB[3D] PAGE PUBLICATION URL
0 !LPUB PAGE PUBLISH_URL_BACK COLOR "#666666"
0 !LPUB PAGE PUBLISH_URL_BACK CONTENT GLOBAL "WEB // HTTPS://LEGOLINUX.COM/MODELS/MICRO-VERITECHS/MSV-51-ALBATROS-FIGHTER"
0 !LPUB PAGE PUBLISH_URL_BACK DISPLAY GLOBAL TRUE
0 !LPUB PAGE PUBLISH_URL_BACK FONT "Noto Sans,18,-1,0,75,0,0,0,0,0,Bold"
0 !LPUB PAGE PUBLISH_URL_BACK PLACEMENT GLOBAL CENTER PAGE INSIDE OFFSET 0.0000 -0.0250
0
0 // LPUB[3D] PAGE LOGO
0 !LPUB PAGE DOCUMENT_LOGO_BACK DISPLAY GLOBAL TRUE
0 !LPUB PAGE DOCUMENT_LOGO_BACK FILE GLOBAL "/media/internal/Lego/lpub3d/instructions/logo.png"
0 !LPUB PAGE DOCUMENT_LOGO_BACK PLACEMENT CENTER PAGE INSIDE OFFSET 0.0000 0.45000
0 !LPUB PAGE DOCUMENT_LOGO_BACK SCALE GLOBAL  1.0000
0
0 // LPUB[3D] CONFIGURATION ////////////////////////////////////////////////////
0
0 // LPUB[3D] PAGE WATERMARK
0 !LPUB PAGE PUBLISH_EMAIL CONTENT GLOBAL "CONTACT // NATHANEL.TITANE@GMAIL.COM // INFO@LEGOLINUX.COM"
0 !LPUB PAGE PUBLISH_EMAIL COLOR "#666666"
0 !LPUB PAGE PUBLISH_EMAIL DISPLAY GLOBAL TRUE
0 !LPUB PAGE PUBLISH_EMAIL FONT "Noto Sans,18,-1,0,75,0,0,0,0,0,Bold"
0 !LPUB PAGE PUBLISH_EMAIL MARGINS 0.0000 0.1500
0 !LPUB PAGE PUBLISH_EMAIL PLACEMENT GLOBAL BOTTOM PAGE INSIDE OFFSET 0.0000 0.0000
0 !LPUB PAGE DOCUMENT_AUTHOR CONTENT GLOBAL "MODEL DESIGN AND INSTRUCTIONS // NATHANEL TITANE"
0 !LPUB PAGE DOCUMENT_AUTHOR COLOR "#666666"
0 !LPUB PAGE DOCUMENT_AUTHOR DISPLAY GLOBAL TRUE
0 !LPUB PAGE DOCUMENT_AUTHOR FONT "Noto Sans,18,-1,0,75,0,0,0,0,0,Bold"
0 !LPUB PAGE DOCUMENT_AUTHOR MARGINS 0.0000 0.2000
0 !LPUB PAGE DOCUMENT_AUTHOR PLACEMENT GLOBAL TOP PAGE INSIDE OFFSET 0.0000 0.0000
0
0 // LPUB[3D] STEPS HIGHLIGHT
0 !LPUB HIGHLIGHT_STEP ENABLED GLOBAL TRUE
0 !LPUB HIGHLIGHT_STEP COLOR GLOBAL "#7137C8"
0
0 // LPUB[3D] STEP FADE
0 !LPUB FADE_STEP OPACITY GLOBAL "50"
0 !LPUB FADE_STEP COLOR GLOBAL "Trans_Black"
0 !LPUB FADE_STEP ENABLED GLOBAL TRUE
0 !LPUB FINAL_MODEL_ENABLED GLOBAL TRUE
0
0 // LPUB[3D] SUBMODEL PREVIEW
0 !LPUB SUBMODEL_DISPLAY SHOW GLOBAL TRUE
0 !LPUB SUBMODEL_DISPLAY BACKGROUND COLOR "#DDDDDD"
0 !LPUB SUBMODEL_DISPLAY MARGINS 0.1500 0.7500
0 !LPUB SUBMODEL_DISPLAY BORDER SQUARE 0 Black 0.031 MARGINS 0.050 0.050
0 !LPUB SUBMODEL_DISPLAY PLACEMENT GLOBAL LEFT PAGE INSIDE
0 !LPUB SUBMODEL_DISPLAY CAMERA_ANGLES 30.0000 45.0000
0
0 // LPUB[3D] ASSEMBLIES
0 !LPUB ASSEM CAMERA_ANGLES 30.0000 45.0000
0 !LPUB ASSEM MARGINS 0.5000 0.5000
0 !LPUB ASSEM MODEL_SCALE 1.0000
0 !LPUB ASSEM PLACEMENT CENTER PAGE INSIDE OFFSET 0.0000 0.0000
0
0 // LPUB[3D] BILL OF MATERIALS
0 !LPUB BOM BACKGROUND COLOR "#DDDDDD"
0 !LPUB BOM BORDER SQUARE 0 #666666 0.025 MARGINS 0.050 0.050
0 !LPUB BOM CONSTRAIN HEIGHT 13.0000
0 !LPUB BOM CONSTRAIN SQUARE
0 !LPUB BOM PLACEMENT CENTER PAGE INSIDE OFFSET 0.0000 0.0000
0
0 // LPUB[3D] CALLOUTS
0 !LPUB CALLOUT BORDER SQUARE 0 #666666 0.025 MARGINS 0.050 0.050
0 !LPUB CALLOUT MARGINS 0.1250 0.1250
0 !LPUB CALLOUT PLACEMENT RIGHT PAGE INSIDE OFFSET 0.0000 0.0000
0
0 // LPUB[3D] PAGE
0 !LPUB PAGE DOCUMENT_COVER_IMAGE DISPLAY GLOBAL TRUE
0 !LPUB PAGE DOCUMENT_COVER_IMAGE FILE GLOBAL "../renders/flat/flat.png"
0 !LPUB PAGE DOCUMENT_COVER_IMAGE FILL GLOBAL ASPECT
0 !LPUB PAGE DOCUMENT_COVER_IMAGE MARGINS GLOBAL 0.0000 0.0000
0 !LPUB PAGE DOCUMENT_COVER_IMAGE PLACEMENT GLOBAL CENTER PAGE INSIDE OFFSET 0.0000 0.0000
0 !LPUB PAGE DOCUMENT_COVER_IMAGE SCALE GLOBAL 1.0000
0
0 // LPUB[3D] PAGE NUMBER
0 !LPUB PAGE NUMBER FONT "Noto Sans,36,-1,0,75,0,0,0,0,0,Bold"
0 !LPUB PAGE NUMBER FONT_COLOR "#666666"
0 !LPUB PAGE NUMBER MARGINS 0.1250 0.1250
0 !LPUB PAGE NUMBER PLACEMENT BOTTOM_RIGHT PAGE INSIDE OFFSET 0.0000 0.0000
0
0 // LPUB[3D] PAGE SETUP
0 !LPUB PAGE BORDER GLOBAL NONE 0 MARGINS 0.000 0.000
0 !LPUB PAGE ENABLE_TEXT_PLACEMENT GLOBAL CENTER PAGE INSIDE OFFSET 0.0000 0.0000
0 !LPUB PAGE TEXT_PLACEMENT GLOBAL TRUE
0 !LPUB PAGE PAGE_FOOTER SIZE GLOBAL 32.0000 0.5000
0 !LPUB PAGE PAGE_HEADER SIZE GLOBAL 32.0000 0.5000
0 !LPUB PAGE MARGINS GLOBAL 0.0000 0.0000
0 !LPUB PAGE ORIENTATION GLOBAL LANDSCAPE
0 !LPUB PAGE SIZE GLOBAL 16.0000 32.0000
0
0 // LPUB[3D] PAGE COLORS
0 !LPUB PAGE SUBMODEL_BACKGROUND_COLOR GLOBAL "#DDDDDD" "#FFE680" "#FFAAAA" "#C6AFE9"
0
0 // LPUB[3D] SUBMODELS
0 !LPUB PAGE SUBMODEL_INSTANCE_COUNT FONT_COLOR "#FF5555"
0 !LPUB PAGE SUBMODEL_INSTANCE_COUNT FONT "Noto Sans,72,-1,0,75,0,0,0,0,0,Bold"
0 !LPUB PAGE SUBMODEL_INSTANCE_COUNT MARGINS 0.0000 0.1250
0 !LPUB PAGE SUBMODEL_INSTANCE_COUNT PLACEMENT BOTTOM_RIGHT PAGE INSIDE OFFSET 0.0000 -0.0500
0
0 // LPUB[3D] PARTS LIST
0 !LPUB PLI BACKGROUND COLOR "#DDDDDD"
0 !LPUB PLI BORDER SQUARE 0 #666666 0.025 MARGINS 0.0500 0.050
0 !LPUB PLI CAMERA_ANGLES 30.0000 45.0000
0 !LPUB PLI CONSTRAIN HEIGHT 5.0000
0 !LPUB PLI MODEL_SCALE  1.0000
0 !LPUB PLI MARGINS 0.1500 0.7500
0 !LPUB PLI PLACEMENT TOP_RIGHT PAGE INSIDE OFFSET 0.0000 0.0000
0 !LPUB PLI INSTANCE_COUNT FONT "Noto Sans,36,-1,0,75,0,0,0,0,0,Bold"
0 !LPUB PLI INSTANCE_COUNT FONT_COLOR "#666666"
0 !LPUB PLI INSTANCE_COUNT MARGINS 0.0125 0.0125
0 !LPUB PLI INSTANCE_COUNT MARGINS 0.0125 0.3000
0
0 // LPUB[3D] STEP NUMBER
0 !LPUB STEP_NUMBER FONT "Noto Sans,72,-1,0,75,0,0,0,0,0,Bold"
0 !LPUB STEP_NUMBER FONT_COLOR "#666666"
0 !LPUB STEP_NUMBER MARGINS 0.1250 0.0000
0 !LPUB STEP_NUMBER PLACEMENT TOP_LEFT PAGE INSIDE OFFSET 0.0000 0.0000
0
0 // LPUB[3D] BEGIN INSTRUCTIONS ///////////////////////////////////////////////
0
0 STEP
0 !LPUB INSERT COVER_PAGE FRONT
0 STEP
0 !LPUB ASSEM MODEL_SCALE LOCAL 0.7500
1 0 0 0 0 1 0 0 0 1 0 0 0 1 00-model.ldr
0 STEP
0
0 // LPUB[3D] DISABLE FINAL MODEL SHOWCASE /////////////////////////////////////
0
0 !LPUB NOSTEP
0
0 // LPUB[3D] BOM PAGES
0 STEP
0 !LPUB INSERT PAGE
0 !LPUB INSERT BOM
0 STEP
0 !LPUB INSERT PAGE
0 !LPUB INSERT BOM
0 STEP
0 !LPUB INSERT PAGE
0 !LPUB INSERT BOM
0 STEP
0 !LPUB INSERT PAGE
0 !LPUB INSERT BOM
0 STEP
0 !LPUB INSERT PAGE
0 !LPUB INSERT BOM
0 STEP
0 !LPUB INSERT PAGE
0 !LPUB INSERT BOM
0 STEP
0 !LPUB INSERT PAGE
0 !LPUB INSERT BOM
0 STEP
0 !LPUB INSERT PAGE
0 !LPUB INSERT BOM
0 STEP
0 !LPUB INSERT PAGE
0 !LPUB INSERT BOM
0 STEP
0 !LPUB INSERT PAGE
0 !LPUB INSERT BOM
0 STEP
0 !LPUB INSERT PAGE
0 !LPUB INSERT BOM
0 STEP
0 !LPUB INSERT PAGE
0 !LPUB INSERT BOM
0 STEP
0
0 !LPUB NOSTEP
0
0 !LPUB INSERT COVER_PAGE BACK
0
0 // LPUB[3D] END INSTRUCTIONS /////////////////////////////////////////////////
0
0 NOFILE
0 FILE 00-model.ldr
0 Name: 00-model.ldr
0 Author: Nathanel Titane // nathanel.titane@gmail.com // All Rights Reserved
0 !LEOCAD PIECE PIVOT  0 2 20 1 0 0 0 1 0 0 0 1
1 0 0 0 0 1 0 0 0 1 0 0 0 1 01-cockpit.ldr
0 STEP
1 0 -20 -8 70 0.000026 1 0 -1 0.000026 0 0 0 1 02-01-side.ldr
0 STEP
0 !LEOCAD PIECE PIVOT  -0 2 20 1 0 0 0 1 0 0 0 1
1 0 0.0003 -2.4226 59.6074 -1 0.000004 0.000041 0.000009 0.992546 0.121867 -0.00004 0.121867 -0.992546 03-head.ldr
0 STEP
1 0 0.0003 1.1969 120.084 1 0.000048 -0.000067 0.000057 -0.990268 0.139171 -0.00006 -0.139171 -0.990268 04-waist.ldr
0 STEP
1 0 20 12 70 -0.000079 -1 0 1 -0.000079 0 0 0 1 02-02-side.ldr
0 STEP
1 0 -10 -18 110 -1 0 0.000053 -0.000053 -0.000079 -1 0 -1 0.000079 09-shoulder.ldr
0 STEP
1 0 -10 -20 154 -1 0 0.000053 0 1 -0.000105 -0.000053 -0.000105 -1 10-arm.ldr
0 STEP
1 0 10 -18 110 1 0 -0.000106 0.000106 -0.000079 1 0 -1 -0.000079 09-shoulder.ldr
0 STEP
1 0 10 -20 154 -1 0 0.000053 0 1 -0.000105 -0.000053 -0.000105 -1 10-arm.ldr
0 STEP
1 0 -40 0 150 1 0 0 0 1 0 0 0 1 05-01-binder.ldr
0 STEP
1 0 40 0 150 1 0 0 0 1 0 0 0 1 05-02-binder.ldr
0 NOFILE
0 FILE 01-cockpit.ldr
0 Name: 01-cockpit.ldr
0 Author: Nathanel Titane // nathanel.titane@gmail.com // All Rights Reserved
1 72 0 0 0 -1 0 -0.000053 0 1 0 0.000053 0 -1 4081b.dat
1 72 -12 2 20 0 1 -0.000026 -0.000027 0.000026 1 1 0 0.000027 4073.dat
1 72 12 2 20 0 -1 0.000079 0.000027 -0.000079 -1 1 0 0.000027 4073.dat
0 STEP
1 72 0 -8 -30 0.000027 0 -1 0 1 0 1 0 0.000027 2431.dat
1 72 0 0 -20 0.000027 0 -1 0 1 0 1 0 0.000027 4073.dat
0 NOFILE
0 FILE 02-01-side.ldr
0 Name: 02-01-side.ldr
0 Author: Nathanel Titane // nathanel.titane@gmail.com // All Rights Reserved
1 72 0 0 0 0.000026 0 -1 0 1 0 1 0 0.000026 2429.dat
1 72 0 0 0 0.000026 0 -1 0 1 0 1 0 0.000026 2430.dat
0 STEP
1 0 -10 8 -40 1 0 0 0 1 0 0 0 1 11477.dat
1 72 -10 -8 -10 1 0 0 0 1 0 0 0 1 3069b.dat
1 72 -10 -8 20 0.000026 0 1 0 1 0 -1 0 0.000026 32028.dat
0 STEP
1 0 -10 -16 20 -0.000079 0 -1 0 1 0 1 0 -0.000079 48336.dat
0 STEP
1 0 -10 -8 0 1 0 0 0 1 0 0 0 1 11477.dat
1 0 -10 -24 30 -1 0 0.000053 0 1 0 -0.000053 0 -1 4085d.dat
0 NOFILE
0 FILE 02-02-side.ldr
0 Name: 02-02-side.ldr
0 Author: Nathanel Titane // nathanel.titane@gmail.com // All Rights Reserved
1 72 -20 0 0 0.000027 0 1 0 1 0 -1 0 0.000027 2430.dat
1 72 -20 0 0 0.000027 0 1 0 1 0 -1 0 0.000027 2429.dat
0 STEP
1 0 -10 8 -40 1 0 0 0 1 0 0 0 1 11477.dat
1 72 -10 -8 -10 1 0 0 0 1 0 0 0 1 3069b.dat
1 72 -10 -8 20 -0.000079 0 -1 0 1 0 1 0 -0.000079 32028.dat
0 STEP
1 0 -10 -16 20 0.000132 0 1 0 1 0 -1 0 0.000132 48336.dat
0 STEP
1 0 -10 -8 0 1 0 0 0 1 0 0 0 1 11477.dat
1 0 -10 -24 30 -1 0 0.000053 0 1 0 -0.000053 0 -1 4085d.dat
0 NOFILE
0 FILE 03-head.ldr
0 Name: 03-head.ldr
0 Author: Nathanel Titane // nathanel.titane@gmail.com // All Rights Reserved
1 72 0.0001 16 -2 -1 0 0.000052 0 1 0 -0.000052 0 -1 6120.dat
1 40 0 8 0 1 0 -0.000079 0 1 0 0.000079 0 1 3024.dat
0 STEP
1 72 0 0 0 -1 0 -0.000053 0 1 0 0.000053 0 -1 4081b.dat
1 72 -12 2 20 0 1 -0.000026 -0.000027 0.000026 1 1 0 0.000027 4073.dat
1 72 12 2 20 0 -1 0.000079 0.000027 -0.000079 -1 1 0 0.000027 4073.dat
0 STEP
1 72 0 -8 0 0.000027 0 -1 0 1 0 1 0 0.000027 3070b.dat
0 NOFILE
0 FILE 04-waist.ldr
0 Name: 04-waist.ldr
0 Author: Nathanel Titane // nathanel.titane@gmail.com // All Rights Reserved
1 72 0 0 0 -1 0 -0.000053 0 1 0 0.000053 0 -1 4081b.dat
1 72 -12 2 20 0 1 -0.000026 -0.000027 0.000026 1 1 0 0.000027 4073.dat
1 72 12 2 20 0 -1 0.000079 0.000027 -0.000079 -1 1 0 0.000027 4073.dat
0 STEP
1 72 0 -8 0 1 0 0 0 1 0 0 0 1 4085d.dat
1 72 0 -16 0 1 0 0 0 1 0 0 0 1 4085d.dat
0 STEP
1 70 0 -8 10 -1 0 0.000053 0 1 0 -0.000053 0 -1 11477.dat
0 STEP
1 71 0 -20 -20 0.000026 0 -1 0.000002 1 0 1 -0.000002 0.000026 4697b.dat
0 STEP
1 0 -23.9971 -21.3888 -29.9025 1 0.000026 -0.000128 -0.000131 0.139197 -0.990265 -0.000008 0.990265 0.139197 06-01-foreleg.ldr
0 STEP
1 0 -0.0003 -46.3035 -20.3413 1 -0.000129 -0.000027 -0.000131 -0.990261 -0.139223 -0.000008 0.139223 -0.990261 12-gun-pod.ldr
0 STEP
1 0 24.0029 -21.3905 -29.9035 1 0.000026 -0.000128 -0.000131 0.139197 -0.990265 -0.000008 0.990265 0.139197 06-02-foreleg.ldr
0 NOFILE
0 FILE 05-01-binder.ldr
0 Name: 05-01-binder.ldr
0 Author: Nathanel Titane // nathanel.titane@gmail.com // All Rights Reserved
1 0 -10 -24 40 -1 0 0.000158 0 1 0 -0.000158 0 -1 43723.dat
1 0 0 -24 80 -1 0 0.000158 0 1 0 -0.000158 0 -1 49668.dat
0 STEP
1 0 0 -32 60 -0.000184 0 -1 0 1 0 1 0 -0.000184 63864.dat
1 70 0 -16 10 1 0 -0.000105 0 1 0 0.000105 0 1 11477.dat
0 STEP
1 72 0 -16 0 0.000131 0 1 0 1 0 -1 0 0.000131 3794b.dat
0 STEP
1 72 -10 -8 20 0.000131 0 1 0 1 0 -1 0 0.000131 2430.dat
0 STEP
1 72 0 0 0 0.000026 0 1 0 1 0 -1 0 0.000026 60478.dat
0 STEP
1 0 -10 -8 20 0.965981 0 0.258612 0 1 0 -0.258612 0 0.965981 11-01-wing.ldr
0 STEP
1 0 -113.0592 0 61.5623 0.996213 0 0.086942 0 1 0 -0.086942 0 0.996213 13-tank.ldr
0 NOFILE
0 FILE 05-02-binder.ldr
0 Name: 05-02-binder.ldr
0 Author: Nathanel Titane // nathanel.titane@gmail.com // All Rights Reserved
1 0 10 -24 40 -1 0 0.000158 0 1 0 -0.000158 0 -1 43722.dat
1 0 0 -24 80 -1 0 0.000158 0 1 0 -0.000158 0 -1 49668.dat
0 STEP
1 0 0 -32 60 -0.000184 0 -1 0 1 0 1 0 -0.000184 63864.dat
1 70 0 -16 10 1 0 -0.000105 0 1 0 0.000105 0 1 11477.dat
0 STEP
1 72 0 -16 0 0.000131 0 1 0 1 0 -1 0 0.000131 3794b.dat
0 STEP
1 72 10 -8 20 -0.000184 0 -1 0 1 0 1 0 -0.000184 2429.dat
0 STEP
1 72 0 0 0 0.000026 0 1 0 1 0 -1 0 0.000026 60478.dat
0 STEP
1 0 10 -8 20 0.965873 0 -0.259018 0 1 0 0.259018 0 0.965873 11-02-wing.ldr
0 STEP
1 0 152.907 0 65.0483 0.996177 0 -0.087361 0 1 0 0.087361 0 0.996177 13-tank.ldr
0 NOFILE
0 FILE 06-01-foreleg.ldr
0 Name: 06-01-foreleg.ldr
0 Author: Nathanel Titane // nathanel.titane@gmail.com // All Rights Reserved
1 72 0 0 0 0 0 -1 0 1 0 1 0 0 47905.dat
0 STEP
1 72 0 -8 0 0 0 1 0 1 0 -1 0 0 2555.dat
1 72 0 24 0 1 0 0 0 1 0 0 0 1 4073.dat
0 STEP
1 70 -10 0 0 0 1 0.000026 -0.000053 0.000026 -1 -1 0 0.000053 11477.dat
0 STEP
1 0 0.001 -53.9971 9.9989 1 0 -0.000026 0.000026 0.000026 1 0 -1 0.000026 07-01-shin.ldr
0 NOFILE
0 FILE 06-02-foreleg.ldr
0 Name: 06-02-foreleg.ldr
0 Author: Nathanel Titane // nathanel.titane@gmail.com // All Rights Reserved
1 72 0 0 0 0.000053 0 1 0 1 0 -1 0 0.000053 47905.dat
0 STEP
1 72 0 -8 0 0 0 1 0 1 0 -1 0 0 2555.dat
1 72 0 24 0 -1 0 0.000053 0 1 0 -0.000053 0 -1 4073.dat
0 STEP
1 70 10 0 0.0005 -0.000053 -1 -0.000026 -0.000053 0.000026 -1 1 -0.000053 -0.000053 11477.dat
0 STEP
1 0 0.001 -53.9971 9.9989 1 0 -0.000026 0.000026 0.000026 1 0 -1 0.000026 07-02-shin.ldr
0 NOFILE
0 FILE 07-01-shin.ldr
0 Name: 07-01-shin.ldr
0 Author: Nathanel Titane // nathanel.titane@gmail.com // All Rights Reserved
1 72 0 16 10 0.000053 0 1 0 1 0 -1 0 0.000053 2540.dat
1 72 -20 18 30 -0.500038 -0.000054 -0.866003 0.866003 -0.00008 -0.500038 -0.000042 -1 0.000086 44676.dat
0 STEP
1 72 0 8 10 0 0 -1 0 1 0 1 0 0 60478.dat
0 STEP
1 72 0 0 -10 0.000026 0 1 0 1 0 -1 0 0.000026 60478.dat
1 72 0 8 -20 0.000026 0 1 0 1 0 -1 0 0.000026 4073.dat
0 STEP
1 0 0 8 10 -1 0 0 0 1 0 0 0 -1 11477.dat
1 72 0 -8 -20 -0.000026 0 -1 0 1 0 1 0 -0.000026 2555.dat
0 STEP
1 72 0 8 -40 -0.000026 0 -1 0 1 0 1 0 -0.000026 2555.dat
1 72 0 16 -40 0.000026 0 1 0 1 0 -1 0 0.000026 4073.dat
0 STEP
1 0 0.0015 -28.9991 -45.981 1 0.000049 0.000013 0.000013 -0.49997 0.866043 0.000049 -0.866043 -0.49997 08-foot.ldr
0 NOFILE
0 FILE 07-02-shin.ldr
0 Name: 07-02-shin.ldr
0 Author: Nathanel Titane // nathanel.titane@gmail.com // All Rights Reserved
1 72 -0.0005 16 9.9995 -0.000106 0 -1 0 1 0 1 0 -0.000106 2540.dat
1 72 20.0005 18 30.0005 -0.499946 0 0.866056 -0.866056 0.000026 -0.499946 -0.000023 -1 -0.000013 44676.dat
0 STEP
1 72 0 8 10 0 0 -1 0 1 0 1 0 0 60478.dat
0 STEP
1 72 0 0 -10 0.000026 0 1 0 1 0 -1 0 0.000026 60478.dat
1 72 0 8 -20 0.000026 0 1 0 1 0 -1 0 0.000026 4073.dat
0 STEP
1 0 0 8 10 -1 0 0 0 1 0 0 0 -1 11477.dat
1 72 0 -8 -20 -0.000026 0 -1 0 1 0 1 0 -0.000026 2555.dat
0 STEP
1 72 0 8 -40 -0.000026 0 -1 0 1 0 1 0 -0.000026 2555.dat
1 72 0 16 -40 0.000026 0 1 0 1 0 -1 0 0.000026 4073.dat
0 STEP
1 0 0.0015 -28.9991 -45.981 1 0.000049 0.000013 0.000013 -0.49997 0.866043 0.000049 -0.866043 -0.49997 08-foot.ldr
0 NOFILE
0 FILE 08-foot.ldr
0 Name: 08-foot.ldr
0 Author: Nathanel Titane // nathanel.titane@gmail.com // All Rights Reserved
1 72 0 2 0 1 0 0 0 1 0 0 0 1 30375.dat
0 STEP
1 72 -12.0005 -47.3209 -10.0012 -0.000013 -1 -0.000023 -0.500061 0.000026 -0.86599 0.86599 0 -0.500061 4085d.dat
1 72 11.9995 -47.3212 -10.0018 -0.00004 1 -0.000023 0.499969 0.000001 -0.866043 -0.866043 -0.000046 -0.499969 4085d.dat
0 STEP
1 72 0.0004 17.5545 12.7283 -1 -0.000044 0.000071 0.000082 -0.707079 0.707135 0.000019 0.707135 0.707079 61252.dat
1 0 0.0003 18.9692 25.4562 1 -0.000044 -0.000124 -0.000119 -0.707079 -0.707135 -0.000057 0.707135 -0.707079 11477.dat
0 NOFILE
0 FILE 09-shoulder.ldr
0 Name: 09-shoulder.ldr
0 Author: Nathanel Titane // nathanel.titane@gmail.com // All Rights Reserved
1 72 0 0 0 0 0 -1 0 1 0 1 0 0 87087.dat
0 STEP
1 72 0 -8 0 0 0 1 0 1 0 -1 0 0 2555.dat
0 STEP
1 72 18 10 0 0 -1 0 0 0 1 -1 0 0 2555.dat
0 NOFILE
0 FILE 10-arm.ldr
0 Name: 10-arm.ldr
0 Author: Nathanel Titane // nathanel.titane@gmail.com // All Rights Reserved
1 72 0 0 0 0 0 -1 0 1 0 1 0 0 60478.dat
1 72 0 0 -30 1 0 0 0 1 0 0 0 1 4085d.dat
0 STEP
1 72 0 -8 -10 0 0 1 0 1 0 -1 0 0 63864.dat
0 NOFILE
0 FILE 11-01-wing.ldr
0 Name: 11-01-wing.ldr
0 Author: Nathanel Titane // nathanel.titane@gmail.com // All Rights Reserved
1 72 0 0 0 1 0 0 0 1 0 0 0 1 2429.dat
1 72 -70 0 20 0.000026 0 1 0 1 0 -1 0 0.000026 43722.dat
0 STEP
1 72 -40 -8 10 1 0 0 0 1 0 0 0 1 2431.dat
1 0 -100 8 10 0.000026 0 1 0 1 0 -1 0 0.000026 11477.dat
0 STEP
1 0 -110 8 9.9997 0.000026 0 1 0 1 0 -1 0 0.000026 4085d.dat
0 NOFILE
0 FILE 11-02-wing.ldr
0 Name: 11-02-wing.ldr
0 Author: Nathanel Titane // nathanel.titane@gmail.com // All Rights Reserved
1 72 0 0 0 1 0 0 0 1 0 0 0 1 2430.dat
1 72 70 0 20 -0.000079 0 -1 0 1 0 1 0 -0.000079 43723.dat
0 STEP
1 72 40 -8 10 1 0 0 0 1 0 0 0 1 2431.dat
1 0 100 8 9.999 -0.000079 0 -1 0 1 0 1 0 -0.000079 11477.dat
0 STEP
1 0 110 8 9.9997 -0.000079 0 -1 0 1 0 1 0 -0.000079 4085d.dat
0 NOFILE
0 FILE 12-gun-pod.ldr
0 Name: 12-gun-pod.ldr
0 Author: Nathanel Titane // nathanel.titane@gmail.com // All Rights Reserved
1 0 0 26 20 -1 0 0 0 0 1 0 1 0 87617.dat
0 STEP
1 0 0 26 -94 -1 0 0 0 0 1 0 1 0 4589.dat
1 0 0 26 -106 -1 0 0 0 0 -1 0 -1 0 63965.dat
0 STEP
1 0 0 26 34 -0.707116 0 -0.707098 -0.707098 0 0.707116 0 1 0 4588.dat
0 STEP
1 0 0 26 58 -0.000018 0.707116 -0.707098 -0.000018 0.707098 0.707116 1 0.000026 0 32062.dat
0 STEP
1 0 -0.0018 26.0018 82 -0.707116 0.000037 0.707098 -0.707098 -0.000037 -0.707116 0 -1 0.000053 4588.dat
0 STEP
1 0 -0.0021 -4 40 -1 0 0.000053 0 1 0 -0.000053 0 -1 4081b.dat
1 0 -0.0021 4 40 1 0 -0.000053 0 1 0 0.000053 0 1 4085d.dat
0 STEP
1 70 -0.0026 -4 50 1 0 -0.000106 0 1 0 0.000106 0 1 11477.dat
0 NOFILE
0 FILE 13-tank.ldr
0 Name: 13-tank.ldr
0 Author: Nathanel Titane // nathanel.titane@gmail.com // All Rights Reserved
1 0 -20 30 0 -1 0 0 0 0 1 0 1 0 87617.dat
0 STEP
1 0 -20 30 -114 -1 0 0 0 0 1 0 1 0 4589.dat
0 STEP
1 72 -20 29.9923 20 -1 0 0 0 -0.000053 1 0 1 0.000053 63965.dat
0 STEP
1 0 -20 30.0013 38 -1 0 0 0 -0.000053 -1 0 -1 0.000053 4589.dat
0 STEP
1 0 -20.0021 12 20 1 0 -0.000053 0 1 0 0.000053 0 1 4085d.dat
0 STEP
1 70 -20.0026 20 30 -1 0 0.000106 0 1 0 -0.000106 0 -1 11477.dat
0 NOFILE
