0 FILE 00-instructions.ldr
0 Name: 00-instructions.ldr
0 Author: Nathanel Titane // nathanel.titane@gmail.com // All Rights Reserved
0
0 // LPUB[3D] FRONT COVER PAGE /////////////////////////////////////////////////
0
0 !LPUB PAGE DOCUMENT_TITLE_FRONT COLOR "#666666"
0 !LPUB PAGE DOCUMENT_TITLE_FRONT CONTENT GLOBAL "MODEL // VF-19S EXCALIBUR // SUPER GERWALK"
0 !LPUB PAGE DOCUMENT_TITLE_FRONT DISPLAY GLOBAL TRUE
0 !LPUB PAGE DOCUMENT_TITLE_FRONT FONT "Noto Sans,72,-1,0,75,0,0,0,0,0,Bold"
0 !LPUB PAGE DOCUMENT_TITLE_FRONT MARGINS 0.2500 0.1000
0 !LPUB PAGE DOCUMENT_TITLE_FRONT PLACEMENT GLOBAL TOP_LEFT PAGE INSIDE OFFSET 0.0000 0.0000

0 !LPUB PAGE DOCUMENT_AUTHOR_FRONT CONTENT GLOBAL "MODEL DESIGN AND INSTRUCTIONS // NATHANEL TITANE"
0 !LPUB PAGE DOCUMENT_AUTHOR_FRONT COLOR "#666666"
0 !LPUB PAGE DOCUMENT_AUTHOR_FRONT DISPLAY GLOBAL TRUE
0 !LPUB PAGE DOCUMENT_AUTHOR_FRONT FONT "Noto Sans,18,-1,0,75,0,0,0,0,0,Bold"
0 !LPUB PAGE DOCUMENT_AUTHOR_FRONT MARGINS 0.3000 1.0000
0 !LPUB PAGE DOCUMENT_AUTHOR_FRONT PLACEMENT TOP_LEFT PAGE INSIDE OFFSET 0.0000 0.0000

0 !LPUB PAGE MODEL_PARTS COLOR "#666666"
0 !LPUB PAGE MODEL_PARTS CONTENT GLOBAL "1050 PIECES"
0 !LPUB PAGE MODEL_PARTS DISPLAY GLOBAL TRUE
0 !LPUB PAGE MODEL_PARTS FONT "Noto Sans,72,-1,0,75,0,0,0,0,0,Bold"
0 !LPUB PAGE MODEL_PARTS MARGINS 0.2500 0.1000
0 !LPUB PAGE MODEL_PARTS PLACEMENT GLOBAL BOTTOM_LEFT PAGE INSIDE OFFSET 0.0000 0.0000

0 !LPUB PAGE PUBLISH_DESCRIPTION COLOR "#666666"
0 !LPUB PAGE PUBLISH_DESCRIPTION CONTENT GLOBAL "LEGO // LINUX - Where Lego and Linux Meet"
0 !LPUB PAGE PUBLISH_DESCRIPTION DISPLAY GLOBAL TRUE
0 !LPUB PAGE PUBLISH_DESCRIPTION FONT "Noto Sans,36,-1,0,75,0,0,0,0,0,Bold"
0 !LPUB PAGE PUBLISH_DESCRIPTION MARGINS 0.2000 0.2000
0 !LPUB PAGE PUBLISH_DESCRIPTION PLACEMENT GLOBAL BOTTOM_RIGHT PAGE INSIDE OFFSET 0.0000 0.0000
0
0 // LPUB[3D] BACK COVER PAGE //////////////////////////////////////////////////
0
0 // LPUB[3D] DOCUMENT DISCLAIMER
0 !LPUB PAGE LEGO_DISCLAIMER COLOR "#666666"
0 !LPUB PAGE LEGO_DISCLAIMER CONTENT GLOBAL "LEGO® // REGISTERED TRADEMARK OF THE LEGO GROUP"
0 !LPUB PAGE LEGO_DISCLAIMER DISPLAY GLOBAL TRUE
0 !LPUB PAGE LEGO_DISCLAIMER FONT "Noto Sans,36,-1,0,75,0,0,0,0,0,Bold"
0 !LPUB PAGE LEGO_DISCLAIMER PLACEMENT GLOBAL CENTER PAGE INSIDE OFFSET 0.0000 -0.2500
0
0 // LPUB[3D] PAGE DOCUMENT AUTHOR
0 !LPUB PAGE DOCUMENT_AUTHOR_BACK COLOR "#666666"
0 !LPUB PAGE DOCUMENT_AUTHOR_BACK CONTENT GLOBAL "MODEL DESIGN AND INSTRUCTIONS // NATHANEL TITANE"
0 !LPUB PAGE DOCUMENT_AUTHOR_BACK DISPLAY GLOBAL TRUE
0 !LPUB PAGE DOCUMENT_AUTHOR_BACK FONT "Noto Sans,36,-1,0,75,0,0,0,0,0,Bold"
0 !LPUB PAGE DOCUMENT_AUTHOR_BACK PLACEMENT CENTER PAGE INSIDE OFFSET 0.0000 -0.2000
0
0 // LPUB[3D] PAGE PUBLICATION COPYRIGHT
0 !LPUB PAGE PUBLISH_COPYRIGHT_BACK COLOR "#666666"
0 !LPUB PAGE PUBLISH_COPYRIGHT_BACK CONTENT GLOBAL "COPYRIGHT // ALL RIGHTS RESERVED"
0 !LPUB PAGE PUBLISH_COPYRIGHT_BACK DISPLAY GLOBAL TRUE
0 !LPUB PAGE PUBLISH_COPYRIGHT_BACK FONT "Noto Sans,36,-1,0,75,0,0,0,0,0,Bold"
0 !LPUB PAGE PUBLISH_COPYRIGHT_BACK PLACEMENT GLOBAL CENTER PAGE INSIDE OFFSET 0.0000 -0.1500
0
0 // LPUB[3D] PAGE PUBLICATION EMAIL
0 !LPUB PAGE PUBLISH_EMAIL_BACK COLOR "#666666"
0 !LPUB PAGE PUBLISH_EMAIL_BACK CONTENT GLOBAL "CONTACT // NATHANEL.TITANE@GMAIL.COM // INFO@LEGOLINUX.COM"
0 !LPUB PAGE PUBLISH_EMAIL_BACK DISPLAY GLOBAL TRUE
0 !LPUB PAGE PUBLISH_EMAIL_BACK FONT "Noto Sans,18,-1,0,75,0,0,0,0,0,Bold"
0 !LPUB PAGE PUBLISH_EMAIL_BACK PLACEMENT GLOBAL CENTER PAGE INSIDE OFFSET 0.0000 -0.0500
0
0 // LPUB[3D] PAGE PUBLICATION URL
0 !LPUB PAGE PUBLISH_URL_BACK COLOR "#666666"
0 !LPUB PAGE PUBLISH_URL_BACK CONTENT GLOBAL "WEB // HTTPS://LEGOLINUX.COM/MODELS/VERITECHS/VF-19-EXCALIBUR-GERWALK-SUPER"
0 !LPUB PAGE PUBLISH_URL_BACK DISPLAY GLOBAL TRUE
0 !LPUB PAGE PUBLISH_URL_BACK FONT "Noto Sans,18,-1,0,75,0,0,0,0,0,Bold"
0 !LPUB PAGE PUBLISH_URL_BACK PLACEMENT GLOBAL CENTER PAGE INSIDE OFFSET 0.0000 -0.0250
0
0 // LPUB[3D] PAGE LOGO
0 !LPUB PAGE DOCUMENT_LOGO_BACK DISPLAY GLOBAL TRUE
0 !LPUB PAGE DOCUMENT_LOGO_BACK FILE GLOBAL "/media/internal/Lego/lpub3d/instructions/logo.png"
0 !LPUB PAGE DOCUMENT_LOGO_BACK PLACEMENT CENTER PAGE INSIDE OFFSET 0.0000 0.45000
0 !LPUB PAGE DOCUMENT_LOGO_BACK SCALE GLOBAL  1.0000
0
0 // LPUB[3D] CONFIGURATION ////////////////////////////////////////////////////
0
0 // LPUB[3D] PAGE WATERMARK
0 !LPUB PAGE PUBLISH_EMAIL CONTENT GLOBAL "CONTACT // NATHANEL.TITANE@GMAIL.COM // INFO@LEGOLINUX.COM"
0 !LPUB PAGE PUBLISH_EMAIL COLOR "#666666"
0 !LPUB PAGE PUBLISH_EMAIL DISPLAY GLOBAL TRUE
0 !LPUB PAGE PUBLISH_EMAIL FONT "Noto Sans,18,-1,0,75,0,0,0,0,0,Bold"
0 !LPUB PAGE PUBLISH_EMAIL MARGINS 0.0000 0.1500
0 !LPUB PAGE PUBLISH_EMAIL PLACEMENT GLOBAL BOTTOM PAGE INSIDE OFFSET 0.0000 0.0000
0 !LPUB PAGE DOCUMENT_AUTHOR CONTENT GLOBAL "MODEL DESIGN AND INSTRUCTIONS // NATHANEL TITANE"
0 !LPUB PAGE DOCUMENT_AUTHOR COLOR "#666666"
0 !LPUB PAGE DOCUMENT_AUTHOR DISPLAY GLOBAL TRUE
0 !LPUB PAGE DOCUMENT_AUTHOR FONT "Noto Sans,18,-1,0,75,0,0,0,0,0,Bold"
0 !LPUB PAGE DOCUMENT_AUTHOR MARGINS 0.0000 0.2000
0 !LPUB PAGE DOCUMENT_AUTHOR PLACEMENT GLOBAL TOP PAGE INSIDE OFFSET 0.0000 0.0000
0
0 // LPUB[3D] STEPS HIGHLIGHT
0 !LPUB HIGHLIGHT_STEP ENABLED GLOBAL TRUE
0 !LPUB HIGHLIGHT_STEP COLOR GLOBAL "#7137C8"
0
0 // LPUB[3D] STEP FADE
0 !LPUB FADE_STEP OPACITY GLOBAL "50"
0 !LPUB FADE_STEP COLOR GLOBAL "Trans_Black"
0 !LPUB FADE_STEP ENABLED GLOBAL TRUE
0 !LPUB FINAL_MODEL_ENABLED GLOBAL TRUE
0
0 // LPUB[3D] SUBMODEL PREVIEW
0 !LPUB SUBMODEL_DISPLAY SHOW GLOBAL TRUE
0 !LPUB SUBMODEL_DISPLAY BACKGROUND COLOR "#DDDDDD"
0 !LPUB SUBMODEL_DISPLAY MARGINS 0.1500 0.7500
0 !LPUB SUBMODEL_DISPLAY BORDER SQUARE 0 Black 0.031 MARGINS 0.050 0.050
0 !LPUB SUBMODEL_DISPLAY PLACEMENT GLOBAL LEFT PAGE INSIDE
0 !LPUB SUBMODEL_DISPLAY CAMERA_ANGLES 30.0000 45.0000
0
0 // LPUB[3D] ASSEMBLIES
0 !LPUB ASSEM CAMERA_ANGLES 30.0000 45.0000
0 !LPUB ASSEM MARGINS 0.5000 0.5000
0 !LPUB ASSEM MODEL_SCALE 1.0000
0 !LPUB ASSEM PLACEMENT CENTER PAGE INSIDE OFFSET 0.0000 0.0000
0
0 // LPUB[3D] BILL OF MATERIALS
0 !LPUB BOM BACKGROUND COLOR "#DDDDDD"
0 !LPUB BOM BORDER SQUARE 0 #666666 0.025 MARGINS 0.050 0.050
0 !LPUB BOM CONSTRAIN HEIGHT 13.0000
0 !LPUB BOM CONSTRAIN SQUARE
0 !LPUB BOM PLACEMENT CENTER PAGE INSIDE OFFSET 0.0000 0.0000
0
0 // LPUB[3D] CALLOUTS
0 !LPUB CALLOUT BORDER SQUARE 0 #666666 0.025 MARGINS 0.050 0.050
0 !LPUB CALLOUT MARGINS 0.1250 0.1250
0 !LPUB CALLOUT PLACEMENT RIGHT PAGE INSIDE OFFSET 0.0000 0.0000
0
0 // LPUB[3D] PAGE
0 !LPUB PAGE DOCUMENT_COVER_IMAGE DISPLAY GLOBAL TRUE
0 !LPUB PAGE DOCUMENT_COVER_IMAGE FILE GLOBAL "../renders/flat/flat.png"
0 !LPUB PAGE DOCUMENT_COVER_IMAGE FILL GLOBAL ASPECT
0 !LPUB PAGE DOCUMENT_COVER_IMAGE MARGINS GLOBAL 0.0000 0.0000
0 !LPUB PAGE DOCUMENT_COVER_IMAGE PLACEMENT GLOBAL CENTER PAGE INSIDE OFFSET 0.0000 0.0000
0 !LPUB PAGE DOCUMENT_COVER_IMAGE SCALE GLOBAL 1.0000
0
0 // LPUB[3D] PAGE NUMBER
0 !LPUB PAGE NUMBER FONT "Noto Sans,36,-1,0,75,0,0,0,0,0,Bold"
0 !LPUB PAGE NUMBER FONT_COLOR "#666666"
0 !LPUB PAGE NUMBER MARGINS 0.1250 0.1250
0 !LPUB PAGE NUMBER PLACEMENT BOTTOM_RIGHT PAGE INSIDE OFFSET 0.0000 0.0000
0
0 // LPUB[3D] PAGE SETUP
0 !LPUB PAGE BORDER GLOBAL NONE 0 MARGINS 0.000 0.000
0 !LPUB PAGE ENABLE_TEXT_PLACEMENT GLOBAL CENTER PAGE INSIDE OFFSET 0.0000 0.0000
0 !LPUB PAGE TEXT_PLACEMENT GLOBAL TRUE
0 !LPUB PAGE PAGE_FOOTER SIZE GLOBAL 32.0000 0.5000
0 !LPUB PAGE PAGE_HEADER SIZE GLOBAL 32.0000 0.5000
0 !LPUB PAGE MARGINS GLOBAL 0.0000 0.0000
0 !LPUB PAGE ORIENTATION GLOBAL LANDSCAPE
0 !LPUB PAGE SIZE GLOBAL 16.0000 32.0000
0
0 // LPUB[3D] PAGE COLORS
0 !LPUB PAGE SUBMODEL_BACKGROUND_COLOR GLOBAL "#DDDDDD" "#FFE680" "#FFAAAA" "#C6AFE9"
0
0 // LPUB[3D] SUBMODELS
0 !LPUB PAGE SUBMODEL_INSTANCE_COUNT FONT_COLOR "#FF5555"
0 !LPUB PAGE SUBMODEL_INSTANCE_COUNT FONT "Noto Sans,72,-1,0,75,0,0,0,0,0,Bold"
0 !LPUB PAGE SUBMODEL_INSTANCE_COUNT MARGINS 0.0000 0.1250
0 !LPUB PAGE SUBMODEL_INSTANCE_COUNT PLACEMENT BOTTOM_RIGHT PAGE INSIDE OFFSET 0.0000 -0.0500
0
0 // LPUB[3D] PARTS LIST
0 !LPUB PLI BACKGROUND COLOR "#DDDDDD"
0 !LPUB PLI BORDER SQUARE 0 #666666 0.025 MARGINS 0.0500 0.050
0 !LPUB PLI CAMERA_ANGLES 30.0000 45.0000
0 !LPUB PLI CONSTRAIN HEIGHT 5.0000
0 !LPUB PLI MODEL_SCALE  1.0000
0 !LPUB PLI MARGINS 0.1500 0.7500
0 !LPUB PLI PLACEMENT TOP_RIGHT PAGE INSIDE OFFSET 0.0000 0.0000
0 !LPUB PLI INSTANCE_COUNT FONT "Noto Sans,36,-1,0,75,0,0,0,0,0,Bold"
0 !LPUB PLI INSTANCE_COUNT FONT_COLOR "#666666"
0 !LPUB PLI INSTANCE_COUNT MARGINS 0.0125 0.0125
0 !LPUB PLI INSTANCE_COUNT MARGINS 0.0125 0.3000
0
0 // LPUB[3D] STEP NUMBER
0 !LPUB STEP_NUMBER FONT "Noto Sans,72,-1,0,75,0,0,0,0,0,Bold"
0 !LPUB STEP_NUMBER FONT_COLOR "#666666"
0 !LPUB STEP_NUMBER MARGINS 0.1250 0.0000
0 !LPUB STEP_NUMBER PLACEMENT TOP_LEFT PAGE INSIDE OFFSET 0.0000 0.0000
0
0 // LPUB[3D] BEGIN INSTRUCTIONS ///////////////////////////////////////////////
0
0 STEP
0 !LPUB INSERT COVER_PAGE FRONT
0 STEP
0 !LPUB ASSEM MODEL_SCALE LOCAL 0.7500
1 0 0 0 0 1 0 0 0 1 0 0 0 1 00-model.ldr
0 STEP
0
0 // LPUB[3D] DISABLE FINAL MODEL SHOWCASE /////////////////////////////////////
0
0 !LPUB NOSTEP
0
0 // LPUB[3D] BOM PAGES
0 STEP
0 !LPUB INSERT PAGE
0 !LPUB INSERT BOM
0 STEP
0 !LPUB INSERT PAGE
0 !LPUB INSERT BOM
0 STEP
0 !LPUB INSERT PAGE
0 !LPUB INSERT BOM
0 STEP
0 !LPUB INSERT PAGE
0 !LPUB INSERT BOM
0 STEP
0 !LPUB INSERT PAGE
0 !LPUB INSERT BOM
0 STEP
0 !LPUB INSERT PAGE
0 !LPUB INSERT BOM
0 STEP
0 !LPUB INSERT PAGE
0 !LPUB INSERT BOM
0 STEP
0 !LPUB INSERT PAGE
0 !LPUB INSERT BOM
0 STEP
0 !LPUB INSERT PAGE
0 !LPUB INSERT BOM
0 STEP
0 !LPUB INSERT PAGE
0 !LPUB INSERT BOM
0 STEP
0 !LPUB INSERT PAGE
0 !LPUB INSERT BOM
0 STEP
0 !LPUB INSERT PAGE
0 !LPUB INSERT BOM
0 STEP
0
0 !LPUB NOSTEP
0
0 !LPUB INSERT COVER_PAGE BACK
0
0 // LPUB[3D] END INSTRUCTIONS /////////////////////////////////////////////////
0
0 NOFILE
0 FILE 00-model.ldr
0 
0 Name: 00-model.ldr
0 Author: Nathanel Titane // nathanel.titane@gmail.com // All Rights Reserved
0 !LEOCAD PIECE PIVOT  0 -38 120 1 0 0 0 1 0 0 0 1
1 0 0 61.7635 -136.076 1 0 0 0 0.965926 -0.258819 0 0.258819 0.965926 01-cockpit.ldr
0 STEP
1 0 0 -7.969 0.5307 1 0 0 0 0.965926 -0.258819 0 0.258819 0.965926 05-hinge.ldr
0 STEP
0 !LEOCAD PIECE PIVOT  0 -54 -10 1 0 0 0 1 0 0 0 1
1 0 0 15.4579 57.7695 1 0 0 0 0.906308 -0.422618 0 0.422618 0.906308 06-back.ldr
0 STEP
0 STEP
0 NOFILE
0 FILE 01-cockpit.ldr
0 
0 Name: 01-cockpit.ldr
0 Author: Nathanel Titane // nathanel.titane@gmail.com // All Rights Reserved
1 15 0 0 60 -1 0 0 0 1 0 0 0 -1 32803.dat
1 71 -10 8 20 1 0 0 0 1 0 0 0 1 3024.dat
1 71 10 8 20 1 0 0 0 1 0 0 0 1 3024.dat
1 15 0 0 -20 1 0 0 0 1 0 0 0 1 32803.dat
0 STEP
1 0 0 0 0 -1 0 0 0 1 0 0 0 -1 3023.dat
1 0 0 -16 30 -1 0 0 0 1 0 0 0 -1 48172.dat
0 STEP
1 0 0 -24 60 0 0 1 0 1 0 -1 0 0 32802.dat
1 15 0 -24 -10 0 0 1 0 1 0 -1 0 0 4871.dat
0 STEP
1 71 0 -16 60 -1 0 0 0 1 0 0 0 -1 99781.dat
1 71 0 -6 82 -1 0 0 0 0 -1 0 -1 0 48336.dat
1 71 0 -6 90 -1 0 0 0 0 -1 0 -1 0 3069b.dat
0 STEP
0 !LEOCAD GROUP BEGIN Group #2
1 71 -10 14 80 -1 0 0 0 -0.069756 0.997564 0 0.997564 0.069756 30377.dat
1 71 0 14 80 -1 0 0 0 -0.069756 0.997564 0 0.997564 0.069756 30377.dat
1 71 10 14 80 -1 0 0 0 -0.069756 0.997564 0 0.997564 0.069756 30377.dat
0 STEP
0 !LEOCAD GROUP END
1 71 -10 -16 -30 0 0 1 0 1 0 -1 0 0 18677.dat
1 71 10 -16 -30 0 0 1 0 1 0 -1 0 0 18677.dat
1 0 0 -6 -40 -1 0 0 0 1 0 0 0 -1 2780.dat
1 0 -30 -6 -40 0 1 0 1 0 0 0 0 -1 87994.dat
0 STEP
1 0 0 -24 30 0 0 -1 0 1 0 1 0 0 3034.dat
1 0 -10 -32 110 0 0 -1 0 1 0 1 0 0 30383.dat
1 0 10 -32 110 0 0 -1 0 1 0 1 0 0 30383.dat
0 STEP
1 0 0 -24 120 -1 0 0 0 1 0 0 0 -1 32803.dat
1 0 0 -24 90 1 0 0 0 1 0 0 0 1 15068.dat
0 STEP
1 0 0 -48 0 -1 0 0 0 1 0 0 0 -1 30363.dat
1 0 0 -24 -20 -1 0 0 0 1 0 0 0 -1 85984.dat
1 0 0 -24 -40 1 0 0 0 1 0 0 0 1 85984.dat
0 STEP
1 15 -30 -48 60 -1 0 0 0 1 0 0 0 -1 4287.dat
1 15 30 -48 60 -1 0 0 0 1 0 0 0 -1 4287.dat
1 15 30 -48 0 -1 0 0 0 1 0 0 0 -1 4287.dat
1 15 -30 -48 0 -1 0 0 0 1 0 0 0 -1 4287.dat
0 STEP
1 15 -30 -32 -60 1 0 0 0 1 0 0 0 1 24201.dat
1 15 30 -32 -60 1 0 0 0 1 0 0 0 1 24201.dat
1 15 30 -48 -30 0 0 -1 0 1 0 1 0 0 3004.dat
1 15 -30 -48 -30 0 0 -1 0 1 0 1 0 0 3004.dat
0 STEP
1 4 -30 -40 -60 -1 0 0 0 1 0 0 0 -1 3024.dat
1 4 30 -40 -60 -1 0 0 0 1 0 0 0 -1 3024.dat
1 0 -30 -48 -60 0 0 -1 0 1 0 1 0 0 3024.dat
1 0 30 -48 -60 0 0 -1 0 1 0 1 0 0 3024.dat
0 STEP
1 72 0 -56 0 -1 0 0 0 1 0 0 0 -1 2540.dat
1 72 20 -54 20 0 -1 0 1 0 0 0 0 1 2335.dat
0 STEP
1 72 0 -80 0 1 0 0 0 1 0 0 0 1 3937.dat
0 !LEOCAD PIECE PIVOT  0 10 0 1 0 0 0 1 0 0 0 1
1 71 0 -75 -8.6603 -1 0 0 0 0.5 0.866025 0 0.866025 -0.5 3938.dat
1 72 0 -91 -36.3731 1 0 0 0 0.5 -0.866025 0 0.866025 0.5 2432.dat
0 STEP
1 71 -30 -56 -30 0 0 -1 0 1 0 1 0 0 2431.dat
1 71 30 -56 -30 0 0 -1 0 1 0 1 0 0 2431.dat
0 STEP
1 15 -30 -72 80 -1 0 0 0 1 0 0 0 -1 3040.dat
1 15 30 -72 80 -1 0 0 0 1 0 0 0 -1 3040.dat
1 15 -30 -72 60 1 0 0 0 1 0 0 0 1 3040.dat
1 15 30 -72 60 1 0 0 0 1 0 0 0 1 3040.dat
1 15 -30 -72 70 0 0 1 0 1 0 -1 0 0 85984.dat
1 15 30 -72 70 0 0 -1 0 1 0 1 0 0 85984.dat
0 STEP
1 38 -30 -56 20 -1 0 0 0 1 0 0 0 -1 3024.dat
1 38 30 -56 20 -1 0 0 0 1 0 0 0 -1 3024.dat
1 0 -30 -80 20 -1 0 0 0 1 0 0 0 -1 3665.dat
1 0 30 -80 20 -1 0 0 0 1 0 0 0 -1 3665.dat
0 STEP
1 0 -20 -88 20 0 0 1 0 1 0 -1 0 0 92946.dat
1 0 20 -88 20 0 0 -1 0 1 0 1 0 0 92946.dat
1 71 0 -80 30 0 0 -1 0 1 0 1 0 0 11203.dat
0 STEP
1 0 0 -88 50 0 0 -1 0 1 0 1 0 0 3022.dat
1 71 0 -88 80 -1 0 0 0 1 0 0 0 -1 32803.dat
0 STEP
1 0 10 -96 30 0 0 1 0 1 0 -1 0 0 92280.dat
1 0 -10 -96 30 0 0 1 0 1 0 -1 0 0 92280.dat
1 0 -10 -104 40 0 0 1 0 1 0 -1 0 0 28192.dat
1 0 10 -104 40 0 0 -1 0 1 0 1 0 0 28192.dat
0 STEP
1 0 -10 -96 70 0 0 1 0 1 0 -1 0 0 2540.dat
1 0 10 -96 70 0 0 -1 0 1 0 1 0 0 2540.dat
1 0 -30 -94 50 0.5 0 -0.866025 -0.866025 0 -0.5 0 1 0 44676.dat
1 0 30 -94 50 0.5 0 0.866025 0.866025 0 -0.5 0 1 0 44676.dat
0 STEP
1 0 0 -104 60 1 0 0 0 1 0 0 0 1 99563.dat
1 0 -10 -88 90 -1 0 0 0 1 0 0 0 -1 11477.dat
1 0 10 -88 90 -1 0 0 0 1 0 0 0 -1 11477.dat
0 STEP
1 47 0 -102 20 1 0 0 0 1 0 0 0 1 92579.dat
0 STEP
0 !LEOCAD PIECE PIVOT  0 -6 20 1 0 0 0 1 0 0 0 1
1 0 0 0 -80 1 0 0 0 1 0 0 0 1 02-01-nose.ldr
0 STEP
0 !LEOCAD PIECE PIVOT  0 0 10 1 0 0 0 1 0 0 0 1
1 0 -28 -6 -50 0 1 0 -1 0 0 0 0 1 03-tab.ldr
0 STEP
0 !LEOCAD PIECE PIVOT  0 0 -10 1 0 0 0 1 0 0 0 1
1 0 28 -6 -50 0 -1 0 -1 0 0 0 0 -1 03-tab.ldr
0 STEP
0 !LEOCAD PIECE PIVOT  0 -6 20 1 0 0 0 1 0 0 0 1
1 0 0 0 -160 1 0 0 0 1 0 0 0 1 02-02-nose.ldr
0 STEP
0 !LEOCAD PIECE PIVOT  0 0 10 1 0 0 0 1 0 0 0 1
1 0 -28 -6 -130 0 1 0 -1 0 0 0 0 1 03-tab.ldr
0 STEP
0 !LEOCAD PIECE PIVOT  0 0 -10 1 0 0 0 1 0 0 0 1
1 0 28 -6 -130 0 -1 0 -1 0 0 0 0 -1 03-tab.ldr
0 STEP
0 !LEOCAD PIECE PIVOT  0 2 20 1 0 0 0 1 0 0 0 1
1 0 0 -1.7748 137.1371 1 0 0 0 -0.987688 0.156434 0 -0.156434 -0.987688 04-air-brake.ldr
0 STEP
0 !LEOCAD PIECE PIVOT  0 -14 60 1 0 0 0 1 0 0 0 1
1 0 -60 36.1244 74.9616 -1 0 0 0 0.866025 -0.5 0 -0.5 -0.866025 13-01-hip.ldr
0 STEP
0 !LEOCAD PIECE PIVOT  0 -14 60 1 0 0 0 1 0 0 0 1
1 0 60 36.1244 74.9616 -1 0 0 0 0.866025 -0.5 0 -0.5 -0.866025 13-02-hip.ldr
0 NOFILE
0 FILE 02-01-nose.ldr
0 
0 Name: 02-01-nose.ldr
0 Author: Nathanel Titane // nathanel.titane@gmail.com // All Rights Reserved
1 15 0 -24 -10 0 0 1 0 1 0 -1 0 0 4871.dat
0 STEP
1 71 10 -16 10 0 0 -1 0 1 0 1 0 0 18677.dat
1 71 -10 -16 10 0 0 -1 0 1 0 1 0 0 18677.dat
1 0 0 -6 20 1 0 0 0 1 0 0 0 1 2780.dat
1 0 -30 -6 20 0 1 0 1 0 0 0 0 -1 87994.dat
0 STEP
1 71 -10 -16 -30 0 0 1 0 1 0 -1 0 0 18677.dat
1 71 10 -16 -30 0 0 1 0 1 0 -1 0 0 18677.dat
1 0 0 -6 -40 -1 0 0 0 1 0 0 0 -1 2780.dat
1 0 30 -6 -40 0 -1 0 1 0 0 0 0 1 87994.dat
0 STEP
1 71 -10 -24 0 0 0 -1 0 1 0 1 0 0 2555.dat
1 71 10 -24 0 0 0 -1 0 1 0 1 0 0 2555.dat
0 STEP
1 72 0 -24 20 1 0 0 0 1 0 0 0 1 99563.dat
1 4 0 -24 -30 1 0 0 0 1 0 0 0 1 3022.dat
0 STEP
1 72 -10 -32 -30 0 0 -1 0 1 0 1 0 0 18649.dat
1 72 10 -32 -30 0 0 -1 0 1 0 1 0 0 18649.dat
1 72 0 -32 -20 1 0 0 0 1 0 0 0 1 85984.dat
0 STEP
0 !LEOCAD PIECE PIVOT  0 -6 0 1 0 0 0 1 0 0 0 1
1 71 -10 -36 -60 0 0 -1 0 -1 0 -1 0 0 2555.dat
0 !LEOCAD PIECE PIVOT  0 -6 0 1 0 0 0 1 0 0 0 1
1 71 10 -36 -60 0 0 -1 0 -1 0 -1 0 0 2555.dat
0 STEP
1 72 0 -56 -40 -1 0 0 0 1 0 0 0 -1 3937.dat
0 !LEOCAD PIECE PIVOT  0 10 0 1 0 0 0 1 0 0 0 1
1 71 0 -51 -31.3397 1 0 0 0 0.5 0.866025 0 -0.866025 0.5 3938.dat
0 STEP
1 72 0 -55 -24.4115 1 0 0 0 0.5 0.866025 0 -0.866025 0.5 99780.dat
1 72 -10 -55 -24.4115 0 0 -1 0.866025 0.5 0 0.5 -0.866025 0 54200.dat
1 72 10 -55 -24.4115 0 0 1 -0.866025 0.5 0 -0.5 -0.866025 0 54200.dat
0 STEP
1 15 -30 -48 -20 0 0 -1 0 1 0 1 0 0 3622.dat
1 71 -30 -56 -10 0 0 -1 0 1 0 1 0 0 3069b.dat
1 71 -30 -56 -40 1 0 0 0 1 0 0 0 1 28192.dat
1 15 -30 -32 -60 1 0 0 0 1 0 0 0 1 24201.dat
0 STEP
1 15 30 -48 -20 0 0 -1 0 1 0 1 0 0 3622.dat
1 71 30 -56 -10 0 0 -1 0 1 0 1 0 0 3069b.dat
1 71 30 -56 -40 1 0 0 0 1 0 0 0 1 28192.dat
1 15 30 -32 -60 1 0 0 0 1 0 0 0 1 24201.dat
0 NOFILE
0 FILE 02-02-nose.ldr
0 
0 Name: 02-02-nose.ldr
0 Author: Nathanel Titane // nathanel.titane@gmail.com // All Rights Reserved
1 15 0 -24 -10 0 0 1 0 1 0 -1 0 0 4871.dat
1 71 10 -16 10 0 0 -1 0 1 0 1 0 0 18677.dat
1 71 -10 -16 10 0 0 -1 0 1 0 1 0 0 18677.dat
1 0 0 -6 20 1 0 0 0 1 0 0 0 1 2780.dat
1 0 -30 -6 20 0 1 0 1 0 0 0 0 -1 87994.dat
0 STEP
1 71 0 -16 -50 0 0 -1 0 1 0 1 0 0 3020.dat
1 15 0 -24 -50 1 0 0 0 1 0 0 0 1 43713.dat
0 STEP
1 72 0 -24 20 1 0 0 0 1 0 0 0 1 99563.dat
0 STEP
1 72 0 -40 -60 1 0 0 0 1 0 0 0 1 3004.dat
1 72 0 -40 0 1 0 0 0 1 0 0 0 1 3004.dat
0 STEP
1 15 -30 -32 -30 0 0 -1 0 1 0 1 0 0 3710.dat
1 15 30 -32 -30 0 0 -1 0 1 0 1 0 0 3710.dat
1 15 0 -32 -130 1 0 0 0 1 0 0 0 1 43719.dat
0 STEP
1 72 0 -48 -30 0 0 -1 0 1 0 1 0 0 3020.dat
0 STEP
1 71 -10 -56 0 0 0 1 0 1 0 -1 0 0 28192.dat
1 71 10 -56 0 0 0 -1 0 1 0 1 0 0 28192.dat
0 STEP
1 15 -10 -56 -60 0 0 1 0 1 0 -1 0 0 28192.dat
1 15 -10 -56 -40 0 0 1 0 1 0 -1 0 0 28192.dat
1 15 -10 -56 -20 0 0 1 0 1 0 -1 0 0 28192.dat
1 15 10 -56 -60 0 0 -1 0 1 0 1 0 0 28192.dat
1 15 10 -56 -40 0 0 -1 0 1 0 1 0 0 28192.dat
1 15 10 -56 -20 0 0 -1 0 1 0 1 0 0 28192.dat
0 STEP
1 15 0 -56 -110 1 0 0 0 1 0 0 0 1 47753.dat
0 NOFILE
0 FILE 03-tab.ldr
0 
0 Name: 03-tab.ldr
0 Author: Nathanel Titane // nathanel.titane@gmail.com // All Rights Reserved
1 0 0 0 0 0 0 -1 0 1 0 1 0 0 35480.dat
0 STEP
1 15 0 -8 10 -1 0 0 0 1 0 0 0 -1 24246.dat
1 15 0 -8 -10 1 0 0 0 1 0 0 0 1 24246.dat
0 NOFILE
0 FILE 04-air-brake.ldr
0 
0 Name: 04-air-brake.ldr
0 Author: Nathanel Titane // nathanel.titane@gmail.com // All Rights Reserved
1 71 0 0 0 -1 0 0 0 1 0 0 0 -1 48336.dat
1 0 0 0 -20 1 0 0 0 1 0 0 0 1 32803.dat
0 STEP
1 15 0 -24 10 1 0 0 0 1 0 0 0 1 47753.dat
0 STEP
0 NOFILE
0 FILE 05-hinge.ldr
0 
0 Name: 05-hinge.ldr
0 Author: Nathanel Titane // nathanel.titane@gmail.com // All Rights Reserved
1 0 -10 -8 0 0 0 1 0 1 0 -1 0 0 44302a.dat
1 0 10 -8 0 0 0 1 0 1 0 -1 0 0 44302a.dat
0 STEP
1 0 -10 -16 0 0 0 -1 0 1 0 1 0 0 44302a.dat
1 0 10 -16 0 0 0 -1 0 1 0 1 0 0 44302a.dat
0 STEP
1 0 0 -24 0 -1 0 0 0 1 0 0 0 -1 3068b.dat
0 STEP
1 72 -10 0 10 -1 0 0 0 1 0 0 0 -1 3024.dat
1 72 10 0 10 -1 0 0 0 1 0 0 0 -1 3024.dat
1 72 10 0 -10 -1 0 0 0 1 0 0 0 -1 3024.dat
1 72 -10 0 -10 -1 0 0 0 1 0 0 0 -1 3024.dat
0 STEP
0 NOFILE
0 FILE 06-back.ldr
0 
0 Name: 06-back.ldr
0 Author: Nathanel Titane // nathanel.titane@gmail.com // All Rights Reserved
0 !LEOCAD PIECE PIVOT  10 -6 0 1 0 0 0 1 0 0 0 1
1 0 -10 -6.3547 -1.1938 0 0 1 -0.173648 0.984808 0 -0.984808 -0.173648 0 30383.dat
0 !LEOCAD PIECE PIVOT  10 -6 0 1 0 0 0 1 0 0 0 1
1 0 10 -6.3547 -1.1938 0 0 1 -0.173648 0.984808 0 -0.984808 -0.173648 0 30383.dat
0 !LEOCAD PIECE PIVOT  0 0 20 1 0 0 0 1 0 0 0 1
1 0 -10 -34 -10 1 0 0 0 0 1 0 -1 0 30554a.dat
0 !LEOCAD PIECE PIVOT  0 0 20 1 0 0 0 1 0 0 0 1
1 0 10 -34 -10 1 0 0 0 0 1 0 -1 0 30554a.dat
0 STEP
1 0 -10 4.9968 17.1132 0 0 1 -0.173648 0.984808 0 -0.984808 -0.173648 0 32028.dat
1 0 10 4.9968 17.1132 0 0 -1 0.173648 0.984808 0 0.984808 -0.173648 0 32028.dat
0 STEP
1 0 0 -0.2127 -12.4311 1 0 0 0 0.984808 0.173648 0 -0.173648 0.984808 32803.dat
1 72 -10 14.6117 25.5721 0 0 1 -0.173648 0.984808 0 -0.984808 -0.173648 0 3024.dat
1 72 10 14.6117 25.5721 0 0 -1 0.173648 0.984808 0 0.984808 -0.173648 0 3024.dat
0 STEP
1 0 -10 4.0642 57.8947 0 0 1 -0.173648 0.984808 0 -0.984808 -0.173648 0 92593.dat
1 0 10 4.0642 57.8947 0 0 -1 0.173648 0.984808 0 0.984808 -0.173648 0 92593.dat
1 0 -10 -10.7602 19.8915 0 0 1 -0.173648 0.984808 0 -0.984808 -0.173648 0 99207.dat
1 0 10 -10.7602 19.8915 0 0 -1 0.173648 0.984808 0 0.984808 -0.173648 0 99207.dat
0 STEP
1 0 0 -18.6386 21.2807 0 0 1 -0.173648 0.984808 0 -0.984808 -0.173648 0 3068b.dat
1 0 24 -12.7298 20.2388 0 -1 0 0.173648 0 -0.984808 0.984808 0 0.173648 85984.dat
1 0 24 -32.4259 23.7118 0 -1 0 -0.173648 0 0.984808 -0.984808 0 -0.173648 85984.dat
1 0 -24 -12.7298 20.2388 0 1 0 -0.173648 0 -0.984808 -0.984808 0 0.173648 85984.dat
1 0 -24 -32.4259 23.7118 0 1 0 0.173648 0 0.984808 0.984808 0 -0.173648 85984.dat
0 STEP
1 15 0 -0.3413 78.98 0 0 -1 0.173648 0.984808 0 0.984808 -0.173648 0 4854.dat
1 15 0 13.5506 157.7646 0 0 -1 0.173648 0.984808 0 0.984808 -0.173648 0 4854.dat
0 STEP
1 0 0 -1.2738 119.7615 0 0 -1 0.173648 0.984808 0 0.984808 -0.173648 0 3003.dat
1 0 -10 24.902 176.0716 0 0 1 -0.173648 0.984808 0 -0.984808 -0.173648 0 92593.dat
1 0 10 24.902 176.0716 0 0 -1 0.173648 0.984808 0 0.984808 -0.173648 0 92593.dat
0 STEP
1 0 -10 -10.8888 111.3026 1 0 0 0 0.984808 0.173648 0 -0.173648 0.984808 28192.dat
1 0 10 -10.8888 111.3026 1 0 0 0 0.984808 0.173648 0 -0.173648 0.984808 28192.dat
1 0 -10 -7.4158 130.9988 -1 0 0 0 0.984808 -0.173648 0 -0.173648 -0.984808 28192.dat
1 0 10 -7.4158 130.9988 -1 0 0 0 0.984808 -0.173648 0 -0.173648 -0.984808 28192.dat
0 STEP
1 0 0 33.5844 225.312 -1 0 0 0 0.984808 -0.173648 0 -0.173648 -0.984808 32803.dat
1 0 10 23.9695 216.8531 0 0 -1 0.173648 0.984808 0 0.984808 -0.173648 0 99207.dat
1 0 -10 23.9695 216.8531 0 0 1 -0.173648 0.984808 0 -0.984808 -0.173648 0 99207.dat
0 STEP
1 0 24 21.9998 217.2004 0 -1 0 0.173648 0 -0.984808 0.984808 0 0.173648 85984.dat
1 0 24 2.3037 220.6734 0 -1 0 -0.173648 0 0.984808 -0.984808 0 -0.173648 85984.dat
1 0 -24 21.9998 217.2004 0 1 0 -0.173648 0 -0.984808 -0.984808 0 0.173648 85984.dat
1 0 -24 2.3037 220.6734 0 1 0 0.173648 0 0.984808 0.984808 0 -0.173648 85984.dat
0 STEP
1 38 0 17.8275 228.0904 1 0 0 0 0.984808 0.173648 0 -0.173648 0.984808 3023.dat
1 0 0 28.375 195.7678 1 0 0 0 0.984808 0.173648 0 -0.173648 0.984808 15068.dat
0 STEP
1 0 -30 -4.7468 100.0653 0 0 1 -0.173648 0.984808 0 -0.984808 -0.173648 0 3666.dat
1 0 30 -4.7468 100.0653 0 0 1 -0.173648 0.984808 0 -0.984808 -0.173648 0 3666.dat
1 4 -30 -12.6252 101.4545 0 0 1 -0.173648 0.984808 0 -0.984808 -0.173648 0 3666.dat
1 4 30 -12.6252 101.4545 0 0 1 -0.173648 0.984808 0 -0.984808 -0.173648 0 3666.dat
0 STEP
1 15 -30 -19.5712 62.0622 0 0 -1 0.173648 0.984808 0 0.984808 -0.173648 0 85984.dat
1 15 30 -19.5712 62.0622 0 0 1 -0.173648 0.984808 0 -0.984808 -0.173648 0 85984.dat
1 15 -30 -12.6252 101.4545 0 0 -1 0.173648 0.984808 0 0.984808 -0.173648 0 85984.dat
1 15 30 -12.6252 101.4545 0 0 1 -0.173648 0.984808 0 -0.984808 -0.173648 0 85984.dat
1 15 -30 -5.6793 140.8468 0 0 -1 0.173648 0.984808 0 0.984808 -0.173648 0 85984.dat
1 15 30 -5.6793 140.8468 0 0 1 -0.173648 0.984808 0 -0.984808 -0.173648 0 85984.dat
0 STEP
1 15 -30 -6.6119 181.6283 0 0 -1 0.173648 0.984808 0 0.984808 -0.173648 0 32000.dat
1 15 30 -6.6119 181.6283 0 0 1 -0.173648 0.984808 0 -0.984808 -0.173648 0 32000.dat
1 15 -30 -6.6119 181.6283 0 0 -1 0.173648 0.984808 0 0.984808 -0.173648 0 85984.dat
1 15 30 -6.6119 181.6283 0 0 1 -0.173648 0.984808 0 -0.984808 -0.173648 0 85984.dat
0 STEP
0 !LEOCAD PIECE PIVOT  0 10 0 1 0 0 0 1 0 0 0 1
1 0 0 -5.8079 232.2579 1 0 0 0 0.984808 0.173648 0 -0.173648 0.984808 3937.dat
0 !LEOCAD GROUP BEGIN Group #2
0 !LEOCAD PIECE PIVOT  0 10 0 1 0 0 0 1 0 0 0 1
1 71 0 2.3037 220.6734 1 0 0 0 0.173648 -0.984808 0 0.984808 0.173648 3938.dat
0 STEP
0 !LEOCAD PIECE PIVOT  0 10 0 1 0 0 0 1 0 0 0 1
1 0 0 -1.8639 197.038 -1 0 0 0 0.173648 0.984808 0 0.984808 -0.173648 3937.dat
0 !LEOCAD GROUP END
0 !LEOCAD GROUP BEGIN Group #1
0 !LEOCAD PIECE PIVOT  0 10 0 1 0 0 0 1 0 0 0 1
1 71 0 -1.8639 197.038 1 0 0 0 0.173648 -0.984808 0 0.984808 0.173648 3938.dat
0 STEP
0 !LEOCAD PIECE PIVOT  0 10 0 1 0 0 0 1 0 0 0 1
1 15 -10 -6.0314 173.4026 0 0 1 0.984808 0.173648 0 -0.173648 0.984808 0 4070.dat
0 !LEOCAD PIECE PIVOT  0 10 0 1 0 0 0 1 0 0 0 1
1 15 10 -6.0314 173.4026 0 0 -1 -0.984808 0.173648 0 0.173648 0.984808 0 4070.dat
0 !LEOCAD PIECE PIVOT  0 10 0 1 0 0 0 1 0 0 0 1
1 15 0 -6.0314 173.4026 -1 0 0 0 0.173648 0.984808 0 0.984808 -0.173648 85984.dat
0 STEP
0 !LEOCAD GROUP END
1 0 -40 4.9727 189.7399 1 0 0 0 0.984808 0.173648 0 -0.173648 0.984808 2780.dat
1 0 40 4.9727 189.7399 -1 0 0 0 0.984808 -0.173648 0 -0.173648 -0.984808 2780.dat
0 STEP
1 0 -50 -6.6119 181.6283 1 0 0 0 0.984808 0.173648 0 -0.173648 0.984808 07-01-torso.ldr
0 STEP
0 !LEOCAD PIECE PIVOT  0 -22 30 1 0 0 0 1 0 0 0 1
1 0 0 -79.2305 11.6562 -1 0 0 0 -0.984808 0.173648 0 0.173648 0.984808 07-03-chestplate.ldr
0 STEP
1 0 50 -6.6119 181.6283 1 0 0 0 0.984808 0.173648 0 -0.173648 0.984808 07-02-torso.ldr
0 STEP
0 NOFILE
0 FILE 07-01-torso.ldr
0 
0 Name: 07-01-torso.ldr
0 Author: Nathanel Titane // nathanel.titane@gmail.com // All Rights Reserved
1 15 0 0 0 0 0 1 0 1 0 -1 0 0 32000.dat
1 15 0 0 -120 0 0 1 0 1 0 -1 0 0 3660.dat
1 15 0 0 -60 0 0 1 0 1 0 -1 0 0 3010.dat
0 STEP
1 15 0 24 -30 -1 0 0 0 1 0 0 0 -1 4287.dat
1 15 0 24 -90 1 0 0 0 1 0 0 0 1 4287.dat
0 STEP
1 71 0 24 -60 0 0 1 0 1 0 -1 0 0 3023.dat
1 72 0 32 -50 0 0 1 0 1 0 -1 0 0 3024.dat
1 72 0 32 -70 0 0 1 0 1 0 -1 0 0 3024.dat
0 STEP
1 0 0 -8 -60 0 0 1 0 1 0 -1 0 0 3666.dat
1 0 0 0 0 -1 0 0 0 1 0 0 0 -1 11477.dat
0 STEP
1 0 0 -16 -60 0 0 -1 0 1 0 1 0 0 2431.dat
1 72 0 -16 -110 0 0 -1 0 1 0 1 0 0 36840.dat
0 STEP
1 0 0 -24 -100 -1 0 0 0 1 0 0 0 -1 15672.dat
1 15 -20 -24 -130 1 0 0 0 1 0 0 0 1 2357.dat
0 STEP
1 15 -10 -48 -160 0 0 -1 0 1 0 1 0 0 2456.dat
1 71 -10 -24 -150 1 0 0 0 1 0 0 0 1 14418.dat
1 71 -10 -24 -190 0 0 -1 0 1 0 1 0 0 3021.dat
0 STEP
1 4 -10 -16 -180 0 0 -1 0 1 0 1 0 0 3020.dat
1 72 0 -8 -190 0 0 -1 0 1 0 1 0 0 3024.dat
1 72 -20 -8 -190 0 0 -1 0 1 0 1 0 0 3024.dat
0 STEP
1 0 -10 -8 -160 0 0 -1 0 1 0 1 0 0 11203.dat
1 0 -10 -16 -230 1 0 0 0 1 0 0 0 1 32803.dat
0 STEP
1 0 -10 -40 -230 1 0 0 0 1 0 0 0 1 3937.dat
1 71 -10 -40 -230 1 0 0 0 1 0 0 0 1 3938.dat
1 0 -10 -48 -240 0 0 1 0 1 0 -1 0 0 24299.dat
0 STEP
1 72 -30 -56 -100 -1 0 0 0 1 0 0 0 -1 2429.dat
1 72 -10 -56 -160 0 0 -1 0 1 0 1 0 0 3020.dat
0 !LEOCAD GROUP BEGIN Group #1
1 72 -30 -56 -100 -0.573577 0 -0.819152 0 1 0 0.819152 0 -0.573577 2430.dat
0 STEP
0 !LEOCAD GROUP END
1 0 -10 -64 -160 0 0 -1 0 1 0 1 0 0 3022.dat
1 0 -10 -64 -120 1 0 0 0 1 0 0 0 1 3068b.dat
0 STEP
1 0 -10 -72 -150 1 0 0 0 1 0 0 0 1 99563.dat
1 0 -10 -72 -200 1 0 0 0 1 0 0 0 1 93606.dat
0 STEP
0 !LEOCAD GROUP BEGIN Group #1
1 0 -66.0461 -56 -100.8243 0.573577 0 0.819152 0 1 0 -0.819152 0 0.573577 32803.dat
1 71 -57.8546 -64 -95.0885 0.573577 0 0.819152 0 1 0 -0.819152 0 0.573577 3022.dat
0 STEP
1 71 -49.6631 -72 -89.3529 -0.573577 0 -0.819152 0 1 0 0.819152 0 -0.573577 3023.dat
1 71 -66.0462 -72 -100.8243 0.573577 0 0.819152 0 1 0 -0.819152 0 0.573577 14704.dat
0 STEP
1 0 -66.0462 -88 -100.8243 0.573577 0 0.819152 0 1 0 -0.819152 0 0.573577 99206.dat
0 STEP
1 0 -25.0885 -72 -72.1454 -0.573577 0 -0.819152 0 1 0 0.819152 0 -0.573577 43719.dat
1 15 -41.4715 -96 -83.617 -0.573577 0 -0.819152 0 1 0 0.819152 0 -0.573577 47753.dat
0 STEP
0 !LEOCAD GROUP END
0 !LEOCAD PIECE PIVOT  0 10 -10 1 0 0 0 1 0 0 0 1
1 0 -86.7189 -74.8736 -123.8869 0.375733 -0.404712 -0.833686 -0.851451 0.204397 -0.482963 0.365864 0.891308 -0.267794 15-01-shoulder.ldr
0 STEP
0 NOFILE
0 FILE 07-02-torso.ldr
0 
0 Name: 07-02-torso.ldr
0 Author: Nathanel Titane // nathanel.titane@gmail.com // All Rights Reserved
1 15 0 0 0 0 0 1 0 1 0 -1 0 0 32000.dat
1 15 0 0 -120 0 0 -1 0 1 0 1 0 0 3660.dat
1 15 0 0 -60 0 0 1 0 1 0 -1 0 0 3010.dat
0 STEP
1 15 0 24 -30 -1 0 0 0 1 0 0 0 -1 4287.dat
1 15 0 24 -90 1 0 0 0 1 0 0 0 1 4287.dat
0 STEP
1 71 0 24 -60 0 0 1 0 1 0 -1 0 0 3023.dat
1 72 0 32 -50 0 0 1 0 1 0 -1 0 0 3024.dat
1 72 0 32 -70 0 0 1 0 1 0 -1 0 0 3024.dat
0 STEP
1 0 0 -8 -60 0 0 1 0 1 0 -1 0 0 3666.dat
1 0 0 0 0 -1 0 0 0 1 0 0 0 -1 11477.dat
0 STEP
1 0 0 -16 -60 0 0 -1 0 1 0 1 0 0 2431.dat
1 72 0 -16 -110 0 0 1 0 1 0 -1 0 0 36840.dat
0 STEP
1 0 0 -24 -100 -1 0 0 0 1 0 0 0 -1 15672.dat
1 15 20 -24 -130 0 0 -1 0 1 0 1 0 0 2357.dat
0 STEP
1 15 10 -48 -160 0 0 -1 0 1 0 1 0 0 2456.dat
1 71 10 -24 -150 -1 0 0 0 1 0 0 0 -1 14418.dat
1 71 10 -24 -190 0 0 -1 0 1 0 1 0 0 3021.dat
0 STEP
1 4 10 -16 -180 0 0 -1 0 1 0 1 0 0 3020.dat
1 72 20 -8 -190 0 0 -1 0 1 0 1 0 0 3024.dat
1 72 0 -8 -190 0 0 -1 0 1 0 1 0 0 3024.dat
0 STEP
1 0 10 -8 -160 0 0 -1 0 1 0 1 0 0 11203.dat
1 0 10 -16 -230 1 0 0 0 1 0 0 0 1 32803.dat
0 STEP
1 0 10 -40 -230 1 0 0 0 1 0 0 0 1 3937.dat
1 71 10 -40 -230 1 0 0 0 1 0 0 0 1 3938.dat
1 0 10 -48 -240 0 0 -1 0 1 0 1 0 0 24307.dat
0 STEP
1 72 30 -56 -100 -1 0 0 0 1 0 0 0 -1 2430.dat
1 72 10 -56 -160 0 0 -1 0 1 0 1 0 0 3020.dat
0 !LEOCAD GROUP BEGIN Group #1
1 72 30 -56 -100 -0.573577 0 0.819152 0 1 0 -0.819152 0 -0.573577 2429.dat
0 STEP
0 !LEOCAD GROUP END
1 0 10 -64 -160 0 0 -1 0 1 0 1 0 0 3022.dat
1 0 10 -64 -120 1 0 0 0 1 0 0 0 1 3068b.dat
0 STEP
1 0 10 -72 -150 1 0 0 0 1 0 0 0 1 99563.dat
1 0 10 -72 -200 1 0 0 0 1 0 0 0 1 93606.dat
0 STEP
0 !LEOCAD GROUP BEGIN Group #1
1 0 66.0461 -56 -100.8243 0.573577 0 -0.819152 0 1 0 0.819152 0 0.573577 32803.dat
1 71 57.8546 -64 -95.0885 0.573577 0 -0.819152 0 1 0 0.819152 0 0.573577 3022.dat
0 STEP
1 71 49.6631 -72 -89.3529 -0.573577 0 0.819152 0 1 0 -0.819152 0 -0.573577 3023.dat
1 71 66.0462 -72 -100.8243 0.573577 0 -0.819152 0 1 0 0.819152 0 0.573577 14704.dat
0 STEP
1 0 66.0462 -88 -100.8243 0.573577 0 -0.819152 0 1 0 0.819152 0 0.573577 99206.dat
0 STEP
1 0 25.0885 -72 -72.1454 -0.573577 0 0.819152 0 1 0 -0.819152 0 -0.573577 43719.dat
1 15 41.4715 -96 -83.617 -0.573577 0 0.819152 0 1 0 -0.819152 0 -0.573577 47753.dat
0 STEP
0 !LEOCAD GROUP END
0 !LEOCAD PIECE PIVOT  0 10 50 1 0 0 0 1 0 0 0 1
1 0 120.0665 -94.1921 -134.5987 -0.375733 0.404712 -0.833686 -0.851451 0.204397 0.482963 0.365864 0.891308 0.267794 15-02-shoulder.ldr
0 STEP
0 NOFILE
0 FILE 07-03-chestplate.ldr
0 
0 Name: 07-03-chestplate.ldr
0 Author: Nathanel Titane // nathanel.titane@gmail.com // All Rights Reserved
1 15 0 0 0 1 0 0 0 1 0 0 0 1 43713.dat
1 71 0 16 -50 1 0 0 0 1 0 0 0 1 85984.dat
1 71 0 16 -30 1 0 0 0 1 0 0 0 1 85984.dat
1 71 0 16 -10 1 0 0 0 1 0 0 0 1 85984.dat
0 STEP
1 71 0 -8 -90 1 0 0 0 1 0 0 0 1 99563.dat
1 71 0 -8 -70 1 0 0 0 1 0 0 0 1 99563.dat
1 15 -30 -8 0 0 0 1 0 1 0 -1 0 0 99563.dat
1 15 30 -8 0 0 0 1 0 1 0 -1 0 0 99563.dat
0 STEP
1 72 0 -8 20 0 0 -1 0 1 0 1 0 0 92013.dat
1 71 -10 16 30 0 0 -1 0 1 0 1 0 0 3024.dat
1 71 10 16 30 0 0 -1 0 1 0 1 0 0 3024.dat
0 STEP
1 72 -10 -16 20 0 0 -1 0 1 0 1 0 0 11458.dat
1 72 10 -16 20 0 0 -1 0 1 0 1 0 0 11458.dat
1 72 0 -16 10 1 0 0 0 1 0 0 0 1 85984.dat
0 STEP
1 0 -20 -22 30 1 0 0 0 1 0 0 0 1 6628.dat
1 0 20 -22 30 -1 0 0 0 1 0 0 0 -1 6628.dat
0 STEP
0 !LEOCAD PIECE PIVOT  0 -76 -30 1 0 0 0 1 0 0 0 1
1 0 0 49.648 125.6458 -1 0 0 0 0.258819 0.965926 0 0.965926 -0.258819 14-head.ldr
0 NOFILE
0 FILE 08-heel.ldr
0 
0 Name: 08-heel.ldr
0 Author: Nathanel Titane // nathanel.titane@gmail.com // All Rights Reserved
1 0 -10 24 10 0 0 -1 0 1 0 1 0 0 3024.dat
1 0 10 24 10 0 0 -1 0 1 0 1 0 0 3024.dat
0 STEP
1 0 0 0 0 0 0 -1 0 1 0 1 0 0 92013.dat
0 STEP
1 0 0 16 -30 1 0 0 0 1 0 0 0 1 32803.dat
1 0 -10 -8 -10 1 0 0 0 1 0 0 0 1 28192.dat
1 0 10 -8 -10 1 0 0 0 1 0 0 0 1 28192.dat
0 STEP
1 0 0 -8 10 -1 0 0 0 1 0 0 0 -1 3069b.dat
0 NOFILE
0 FILE 09-toe.ldr
0 
0 Name: 09-toe.ldr
0 Author: Nathanel Titane // nathanel.titane@gmail.com // All Rights Reserved
1 0 -10 24 10 0 0 -1 0 1 0 1 0 0 3024.dat
1 0 10 24 10 0 0 -1 0 1 0 1 0 0 3024.dat
1 0 0 24 -20 0 0 -1 0 1 0 1 0 0 11203.dat
0 STEP
1 0 0 0 0 0 0 -1 0 1 0 1 0 0 92013.dat
1 0 0 0 -40 0 0 -1 0 1 0 1 0 0 3003.dat
0 STEP
1 0 0 16 -70 1 0 0 0 1 0 0 0 1 32803.dat
1 0 -10 -8 -50 1 0 0 0 1 0 0 0 1 28192.dat
1 0 10 -8 -50 1 0 0 0 1 0 0 0 1 28192.dat
0 STEP
1 0 0 -8 -10 0 0 -1 0 1 0 1 0 0 26603.dat
0 NOFILE
0 FILE 10-01-shin.ldr
0 
0 Name: 10-01-shin.ldr
0 Author: Nathanel Titane // nathanel.titane@gmail.com // All Rights Reserved
1 15 0 -6.4712 -9.1537 0 0 1 -0.258819 0.965926 0 -0.965926 -0.258819 0 3795.dat
0 STEP
1 15 0 6.4326 8.0943 0 0 1 -0.258819 0.965926 0 -0.965926 -0.258819 0 11203.dat
1 15 0 11.6462 58.4612 -1 0 0 0 0.965926 -0.258819 0 -0.258819 -0.965926 32803.dat
1 15 0 -24.5885 -76.7685 1 0 0 0 0.965926 0.258819 0 -0.258819 0.965926 32803.dat
0 STEP
1 71 -10 -3.9202 -30.5427 0 0 1 -0.258819 0.965926 0 -0.965926 -0.258819 0 6134.dat
0 !LEOCAD GROUP BEGIN Group #6
0 !LEOCAD PIECE PIVOT  0 10 0 1 0 0 0 1 0 0 0 1
1 15 -12.5882 -3.5911 -30.6309 0 0.258818 -0.965926 0.258819 0.933013 0.249999 0.965926 -0.25 -0.066987 3937.dat
1 72 -6.3766 18.8013 -36.6308 0 0.258818 0.965926 -0.258819 0.933013 -0.249999 -0.965926 -0.25 0.066987 14417.dat
1 71 -4.306 23.6771 -48.2903 0 0.258818 -0.965926 0.258819 0.933013 0.249999 0.965926 -0.25 -0.066987 3024.dat
1 71 -4.306 28.8535 -28.9716 0 0.258818 -0.965926 0.258819 0.933013 0.249999 0.965926 -0.25 -0.066987 3024.dat
0 STEP
0 !LEOCAD GROUP END
1 71 -10 -32.2416 -12.6013 0 0 1 -0.258819 0.965926 0 -0.965926 -0.258819 0 4070.dat
1 71 10 -32.2416 -12.6013 0 0 -1 0.258819 0.965926 0 0.965926 -0.258819 0 4070.dat
1 71 -10 -37.418 -31.9198 0 0 1 -0.258819 0.965926 0 -0.965926 -0.258819 0 4070.dat
1 71 10 -37.418 -31.9198 0 0 -1 0.258819 0.965926 0 0.965926 -0.258819 0 4070.dat
0 STEP
1 72 -24 -25.1705 -24.8487 0 1 0 -0.258819 0 -0.965926 -0.965926 0 0.258819 3023.dat
1 72 24 -25.1705 -24.8487 0 -1 0 0.258819 0 -0.965926 0.965926 0 0.258819 3023.dat
1 15 24 -25.1705 -24.8487 0 -1 0 0.258819 0 -0.965926 0.965926 0 0.258819 85984.dat
0 STEP
1 15 0 -19.3006 35.6951 0 0 -1 0.258819 0.965926 0 0.965926 -0.258819 0 4854.dat
1 15 0 -45.1826 -60.8976 0 0 -1 0.258819 0.965926 0 0.965926 -0.258819 0 4871.dat
1 15 0 -11.5732 33.6245 0 0 -1 0.258819 0.965926 0 0.965926 -0.258819 0 87079.dat
0 STEP
1 72 0 -50.3218 -49.1678 -1 0 0 0 0.965926 -0.258819 0 -0.258819 -0.965926 32064.dat
1 72 0 -55.4982 -68.4863 -1 0 0 0 0.965926 -0.258819 0 -0.258819 -0.965926 32064.dat
0 STEP
1 72 0 -58.012 -16.0489 0 0 -1 0.258819 0.965926 0 0.965926 -0.258819 0 48171.dat
1 0 0 -38 20 0 -1 0 0 0 -1 1 0 0 47455.dat
0 STEP
1 72 0 -73.504 -42.9561 -1 0 0 0 0.965926 -0.258819 0 -0.258819 -0.965926 32000.dat
1 72 0 -78.6804 -62.2746 -1 0 0 0 0.965926 -0.258819 0 -0.258819 -0.965926 32000.dat
0 STEP
1 72 0 -70.8787 -2.2485 -1 0 0 0 0.965926 -0.258819 0 -0.258819 -0.965926 99206.dat
1 72 0 -78.6432 -31.2263 -1 0 0 0 0.965926 -0.258819 0 -0.258819 -0.965926 3022.dat
0 STEP
1 72 0 -101.8626 -56.063 -1 0 0 0 0.965926 -0.258819 0 -0.258819 -0.965926 32064.dat
0 STEP
1 72 0 -94.0609 3.9632 -1 0 0 0 0.965926 -0.258819 0 -0.258819 -0.965926 32000.dat
1 72 0 -101.8255 -25.0146 -1 0 0 0 0.965926 -0.258819 0 -0.258819 -0.965926 3003.dat
0 STEP
1 0 0 -45.8389 -71.0745 0 0 -1 0.258819 0.965926 0 0.965926 -0.258819 0 4519.dat
1 0 0 -51.0153 -90.393 0 0 1 0.965926 0.258819 0 -0.258819 0.965926 0 32474.dat
0 STEP
1 0 0 -94.7916 -68.3104 0 0 -1 0.258819 0.965926 0 0.965926 -0.258819 0 32062.dat
1 0 0 -97.3797 -77.9697 0 0 -1 -0.965926 0.258819 0 0.258819 0.965926 0 32474.dat
0 STEP
0 !LEOCAD PIECE PIVOT  0 10 0 1 0 0 0 1 0 0 0 1
1 71 0 -81.8134 11.0342 -1 0 0 0 0.258819 0.965926 0 0.965926 -0.258819 3938.dat
0 !LEOCAD GROUP BEGIN Group #5
0 !LEOCAD PIECE PIVOT  0 10 0 1 0 0 0 1 0 0 0 1
1 15 0 -81.8134 11.0342 -1 0 0 0 0.258819 0.965926 0 0.965926 -0.258819 3937.dat
0 !LEOCAD PIECE PIVOT  0 10 0 1 0 0 0 1 0 0 0 1
1 71 0 -75.6018 34.2165 -1 0 0 0 0.258819 0.965926 0 0.965926 -0.258819 3938.dat
0 !LEOCAD GROUP END
0 !LEOCAD GROUP BEGIN Group #4
0 !LEOCAD PIECE PIVOT  0 10 0 1 0 0 0 1 0 0 0 1
1 15 0 -75.6018 34.2165 -1 0 0 0 0.258819 0.965926 0 0.965926 -0.258819 3937.dat
0 !LEOCAD PIECE PIVOT  0 10 0 1 0 0 0 1 0 0 0 1
1 71 0 -69.3901 57.3987 -1 0 0 0 0.258819 0.965926 0 0.965926 -0.258819 3938.dat
0 !LEOCAD GROUP END
0 !LEOCAD GROUP BEGIN Group #3
0 !LEOCAD PIECE PIVOT  0 10 0 1 0 0 0 1 0 0 0 1
1 15 0 -61.8019 58.3977 -1 0 0 0 -0.5 0.866025 0 0.866025 0.5 3937.dat
0 !LEOCAD PIECE PIVOT  0 10 0 1 0 0 0 1 0 0 0 1
1 71 0 -73.8019 79.1823 -1 0 0 0 -0.5 0.866025 0 0.866025 0.5 3938.dat
0 !LEOCAD GROUP END
0 !LEOCAD GROUP BEGIN Group #2
0 !LEOCAD PIECE PIVOT  0 10 0 1 0 0 0 1 0 0 0 1
1 15 0 -69.1427 85.2543 -1 0 0 0 -0.965926 0.258819 0 0.258819 0.965926 3937.dat
0 STEP
0 !LEOCAD GROUP END
1 15 -30 -32.1301 80.5438 0 0 -1 0.258819 0.965926 0 0.965926 -0.258819 0 3009.dat
1 15 -30 -55.3123 86.7554 0 0 -1 0.258819 0.965926 0 0.965926 -0.258819 0 3009.dat
1 71 -30 -6.3597 83.9914 0 0 -1 0.258819 0.965926 0 0.965926 -0.258819 0 3024.dat
1 71 -30 -1.1833 103.3099 0 0 -1 0.258819 0.965926 0 0.965926 -0.258819 0 3024.dat
1 0 -30 1.3677 81.9208 0 0 -1 0.258819 0.965926 0 0.965926 -0.258819 0 4073.dat
1 0 -30 6.5441 101.2393 0 0 -1 0.258819 0.965926 0 0.965926 -0.258819 0 4073.dat
0 STEP
1 15 -30 1.442 144.0175 -1 0 0 0 0.965926 -0.258819 0 -0.258819 -0.965926 24201.dat
1 34 -30 -6.2854 146.088 0 0 1 -0.258819 0.965926 0 -0.965926 -0.258819 0 3024.dat
1 15 -30 -29.4676 152.2997 -1 0 0 0 0.965926 -0.258819 0 -0.258819 -0.965926 4070.dat
1 15 -30 -32.0558 142.6404 -1 0 0 0 0.965926 -0.258819 0 -0.258819 -0.965926 11477.dat
0 STEP
1 0 -30 -42.5572 -20.19 0 0 -1 0.258819 0.965926 0 0.965926 -0.258819 0 3710.dat
1 72 -30 -58.0492 -47.0972 0 0 -1 0.258819 0.965926 0 0.965926 -0.258819 0 3024.dat
1 15 -30 -57.9749 14.9995 1 0 0 0 0.965926 0.258819 0 -0.258819 0.965926 4286.dat
0 STEP
1 72 -30 -65.7023 17.07 0 0 -1 0.258819 0.965926 0 0.965926 -0.258819 0 3024.dat
1 15 -30 -81.2314 -40.8855 -1 0 0 0 0.965926 -0.258819 0 -0.258819 -0.965926 4287.dat
1 4 -30 -86.3706 -29.1557 0 0 1 -0.258819 0.965926 0 -0.965926 -0.258819 0 2540.dat
1 0 -30 -76.0179 9.4813 0 0 1 -0.258819 0.965926 0 -0.965926 -0.258819 0 2540.dat
0 STEP
1 0 -50.0001 -68.9097 28.2822 -0.5 0 -0.866026 0.836516 -0.258819 -0.482963 -0.224144 -0.965926 0.129409 44676.dat
1 4 -50.0001 -89.6152 -48.9919 0.5 0 -0.866026 -0.836516 0.258819 -0.482963 0.224144 0.965926 0.129409 44676.dat
0 STEP
1 15 -30 -70.953 -64.3452 0 0 -1 0.258819 0.965926 0 0.965926 -0.258819 0 3005.dat
1 15 -30 -96.7234 -67.7928 0 0 -1 0.258819 0.965926 0 0.965926 -0.258819 0 3004.dat
0 STEP
1 15 -30 -73.5783 -105.0528 1 0 0 0 0.965926 0.258819 0 -0.258819 0.965926 24201.dat
1 72 -30 -76.1294 -83.6637 0 0 -1 0.258819 0.965926 0 0.965926 -0.258819 0 3024.dat
1 71 -30 -68.402 -85.7343 0 0 -1 0.258819 0.965926 0 0.965926 -0.258819 0 3024.dat
1 15 -30 -96.7606 -98.8411 1 0 0 0 0.965926 0.258819 0 -0.258819 0.965926 4070.dat
1 15 -30 -94.1724 -89.1818 1 0 0 0 0.965926 0.258819 0 -0.258819 0.965926 11477.dat
0 STEP
1 15 30 -52.8356 3.2697 0 0 -1 0.258819 0.965926 0 0.965926 -0.258819 0 3008.dat
1 15 30 -81.1943 -9.8372 0 0 -1 0.258819 0.965926 0 0.965926 -0.258819 0 3008.dat
0 STEP
1 4 30 -42.4457 72.9551 0 0 1 -0.258819 0.965926 0 -0.965926 -0.258819 0 3024.dat
1 0 30 -50.1731 75.0256 0 0 1 -0.258819 0.965926 0 -0.965926 -0.258819 0 3024.dat
