0 FILE 00-instructions.ldr
0 Name: 00-instructions.ldr
0 Author: Nathanel Titane // nathanel.titane@gmail.com // All Rights Reserved
0
0 // LPUB[3D] FRONT COVER PAGE /////////////////////////////////////////////////
0
0 !LPUB PAGE DOCUMENT_TITLE_FRONT COLOR "#666666"
0 !LPUB PAGE DOCUMENT_TITLE_FRONT CONTENT GLOBAL "MODEL // GAT-X252 FORBIDDEN"
0 !LPUB PAGE DOCUMENT_TITLE_FRONT DISPLAY GLOBAL TRUE
0 !LPUB PAGE DOCUMENT_TITLE_FRONT FONT "Noto Sans,72,-1,0,75,0,0,0,0,0,Bold"
0 !LPUB PAGE DOCUMENT_TITLE_FRONT MARGINS 0.2500 0.1000
0 !LPUB PAGE DOCUMENT_TITLE_FRONT PLACEMENT GLOBAL TOP_LEFT PAGE INSIDE OFFSET 0.0000 0.0000

0 !LPUB PAGE DOCUMENT_AUTHOR_FRONT CONTENT GLOBAL "MODEL DESIGN AND INSTRUCTIONS // NATHANEL TITANE"
0 !LPUB PAGE DOCUMENT_AUTHOR_FRONT COLOR "#666666"
0 !LPUB PAGE DOCUMENT_AUTHOR_FRONT DISPLAY GLOBAL TRUE
0 !LPUB PAGE DOCUMENT_AUTHOR_FRONT FONT "Noto Sans,18,-1,0,75,0,0,0,0,0,Bold"
0 !LPUB PAGE DOCUMENT_AUTHOR_FRONT MARGINS 0.3000 1.0000
0 !LPUB PAGE DOCUMENT_AUTHOR_FRONT PLACEMENT TOP_LEFT PAGE INSIDE OFFSET 0.0000 0.0000

0 !LPUB PAGE MODEL_PARTS COLOR "#666666"
0 !LPUB PAGE MODEL_PARTS CONTENT GLOBAL "1345 PIECES"
0 !LPUB PAGE MODEL_PARTS DISPLAY GLOBAL TRUE
0 !LPUB PAGE MODEL_PARTS FONT "Noto Sans,72,-1,0,75,0,0,0,0,0,Bold"
0 !LPUB PAGE MODEL_PARTS MARGINS 0.2500 0.1000
0 !LPUB PAGE MODEL_PARTS PLACEMENT GLOBAL BOTTOM_LEFT PAGE INSIDE OFFSET 0.0000 0.0000

0 !LPUB PAGE PUBLISH_DESCRIPTION COLOR "#666666"
0 !LPUB PAGE PUBLISH_DESCRIPTION CONTENT GLOBAL "LEGO // LINUX - Where Lego and Linux Meet"
0 !LPUB PAGE PUBLISH_DESCRIPTION DISPLAY GLOBAL TRUE
0 !LPUB PAGE PUBLISH_DESCRIPTION FONT "Noto Sans,36,-1,0,75,0,0,0,0,0,Bold"
0 !LPUB PAGE PUBLISH_DESCRIPTION MARGINS 0.2000 0.2000
0 !LPUB PAGE PUBLISH_DESCRIPTION PLACEMENT GLOBAL BOTTOM_RIGHT PAGE INSIDE OFFSET 0.0000 0.0000
0
0 // LPUB[3D] BACK COVER PAGE //////////////////////////////////////////////////
0
0 // LPUB[3D] DOCUMENT DISCLAIMER
0 !LPUB PAGE LEGO_DISCLAIMER COLOR "#666666"
0 !LPUB PAGE LEGO_DISCLAIMER CONTENT GLOBAL "LEGO® // REGISTERED TRADEMARK OF THE LEGO GROUP"
0 !LPUB PAGE LEGO_DISCLAIMER DISPLAY GLOBAL TRUE
0 !LPUB PAGE LEGO_DISCLAIMER FONT "Noto Sans,36,-1,0,75,0,0,0,0,0,Bold"
0 !LPUB PAGE LEGO_DISCLAIMER PLACEMENT GLOBAL CENTER PAGE INSIDE OFFSET 0.0000 -0.2500
0
0 // LPUB[3D] PAGE DOCUMENT AUTHOR
0 !LPUB PAGE DOCUMENT_AUTHOR_BACK COLOR "#666666"
0 !LPUB PAGE DOCUMENT_AUTHOR_BACK CONTENT GLOBAL "MODEL DESIGN AND INSTRUCTIONS // NATHANEL TITANE"
0 !LPUB PAGE DOCUMENT_AUTHOR_BACK DISPLAY GLOBAL TRUE
0 !LPUB PAGE DOCUMENT_AUTHOR_BACK FONT "Noto Sans,36,-1,0,75,0,0,0,0,0,Bold"
0 !LPUB PAGE DOCUMENT_AUTHOR_BACK PLACEMENT CENTER PAGE INSIDE OFFSET 0.0000 -0.2000
0
0 // LPUB[3D] PAGE PUBLICATION COPYRIGHT
0 !LPUB PAGE PUBLISH_COPYRIGHT_BACK COLOR "#666666"
0 !LPUB PAGE PUBLISH_COPYRIGHT_BACK CONTENT GLOBAL "COPYRIGHT // ALL RIGHTS RESERVED"
0 !LPUB PAGE PUBLISH_COPYRIGHT_BACK DISPLAY GLOBAL TRUE
0 !LPUB PAGE PUBLISH_COPYRIGHT_BACK FONT "Noto Sans,36,-1,0,75,0,0,0,0,0,Bold"
0 !LPUB PAGE PUBLISH_COPYRIGHT_BACK PLACEMENT GLOBAL CENTER PAGE INSIDE OFFSET 0.0000 -0.1500
0
0 // LPUB[3D] PAGE PUBLICATION EMAIL
0 !LPUB PAGE PUBLISH_EMAIL_BACK COLOR "#666666"
0 !LPUB PAGE PUBLISH_EMAIL_BACK CONTENT GLOBAL "CONTACT // NATHANEL.TITANE@GMAIL.COM // INFO@LEGOLINUX.COM"
0 !LPUB PAGE PUBLISH_EMAIL_BACK DISPLAY GLOBAL TRUE
0 !LPUB PAGE PUBLISH_EMAIL_BACK FONT "Noto Sans,18,-1,0,75,0,0,0,0,0,Bold"
0 !LPUB PAGE PUBLISH_EMAIL_BACK PLACEMENT GLOBAL CENTER PAGE INSIDE OFFSET 0.0000 -0.0500
0
0 // LPUB[3D] PAGE PUBLICATION URL
0 !LPUB PAGE PUBLISH_URL_BACK COLOR "#666666"
0 !LPUB PAGE PUBLISH_URL_BACK CONTENT GLOBAL "WEB // HTTPS://LEGOLINUX.COM/MODELS/MOBILE-SUITS/GAT-X252-FORBIDDEN"
0 !LPUB PAGE PUBLISH_URL_BACK DISPLAY GLOBAL TRUE
0 !LPUB PAGE PUBLISH_URL_BACK FONT "Noto Sans,18,-1,0,75,0,0,0,0,0,Bold"
0 !LPUB PAGE PUBLISH_URL_BACK PLACEMENT GLOBAL CENTER PAGE INSIDE OFFSET 0.0000 -0.0250
0
0 // LPUB[3D] PAGE LOGO
0 !LPUB PAGE DOCUMENT_LOGO_BACK DISPLAY GLOBAL TRUE
0 !LPUB PAGE DOCUMENT_LOGO_BACK FILE GLOBAL "/media/internal/Lego/lpub3d/instructions/logo.png"
0 !LPUB PAGE DOCUMENT_LOGO_BACK PLACEMENT CENTER PAGE INSIDE OFFSET 0.0000 0.45000
0 !LPUB PAGE DOCUMENT_LOGO_BACK SCALE GLOBAL  1.0000
0
0 // LPUB[3D] CONFIGURATION ////////////////////////////////////////////////////
0
0 // LPUB[3D] PAGE WATERMARK
0 !LPUB PAGE PUBLISH_EMAIL CONTENT GLOBAL "CONTACT // NATHANEL.TITANE@GMAIL.COM // INFO@LEGOLINUX.COM"
0 !LPUB PAGE PUBLISH_EMAIL COLOR "#666666"
0 !LPUB PAGE PUBLISH_EMAIL DISPLAY GLOBAL TRUE
0 !LPUB PAGE PUBLISH_EMAIL FONT "Noto Sans,18,-1,0,75,0,0,0,0,0,Bold"
0 !LPUB PAGE PUBLISH_EMAIL MARGINS 0.0000 0.1500
0 !LPUB PAGE PUBLISH_EMAIL PLACEMENT GLOBAL BOTTOM PAGE INSIDE OFFSET 0.0000 0.0000
0 !LPUB PAGE DOCUMENT_AUTHOR CONTENT GLOBAL "MODEL DESIGN AND INSTRUCTIONS // NATHANEL TITANE"
0 !LPUB PAGE DOCUMENT_AUTHOR COLOR "#666666"
0 !LPUB PAGE DOCUMENT_AUTHOR DISPLAY GLOBAL TRUE
0 !LPUB PAGE DOCUMENT_AUTHOR FONT "Noto Sans,18,-1,0,75,0,0,0,0,0,Bold"
0 !LPUB PAGE DOCUMENT_AUTHOR MARGINS 0.0000 0.2000
0 !LPUB PAGE DOCUMENT_AUTHOR PLACEMENT GLOBAL TOP PAGE INSIDE OFFSET 0.0000 0.0000
0
0 // LPUB[3D] STEPS HIGHLIGHT
0 !LPUB HIGHLIGHT_STEP ENABLED GLOBAL TRUE
0 !LPUB HIGHLIGHT_STEP COLOR GLOBAL "#7137C8"
0
0 // LPUB[3D] STEP FADE
0 !LPUB FADE_STEP OPACITY GLOBAL "50"
0 !LPUB FADE_STEP COLOR GLOBAL "Trans_Black"
0 !LPUB FADE_STEP ENABLED GLOBAL TRUE
0 !LPUB FINAL_MODEL_ENABLED GLOBAL TRUE
0
0 // LPUB[3D] SUBMODEL PREVIEW
0 !LPUB SUBMODEL_DISPLAY SHOW GLOBAL TRUE
0 !LPUB SUBMODEL_DISPLAY BACKGROUND COLOR "#DDDDDD"
0 !LPUB SUBMODEL_DISPLAY MARGINS 0.1500 0.7500
0 !LPUB SUBMODEL_DISPLAY BORDER SQUARE 0 Black 0.031 MARGINS 0.050 0.050
0 !LPUB SUBMODEL_DISPLAY PLACEMENT GLOBAL LEFT PAGE INSIDE
0 !LPUB SUBMODEL_DISPLAY CAMERA_ANGLES 30.0000 45.0000
0
0 // LPUB[3D] ASSEMBLIES
0 !LPUB ASSEM CAMERA_ANGLES 30.0000 45.0000
0 !LPUB ASSEM MARGINS 0.5000 0.5000
0 !LPUB ASSEM MODEL_SCALE 1.0000
0 !LPUB ASSEM PLACEMENT CENTER PAGE INSIDE OFFSET 0.0000 0.0000
0
0 // LPUB[3D] BILL OF MATERIALS
0 !LPUB BOM BACKGROUND COLOR "#DDDDDD"
0 !LPUB BOM BORDER SQUARE 0 #666666 0.025 MARGINS 0.050 0.050
0 !LPUB BOM CONSTRAIN HEIGHT 13.0000
0 !LPUB BOM CONSTRAIN SQUARE
0 !LPUB BOM PLACEMENT CENTER PAGE INSIDE OFFSET 0.0000 0.0000
0
0 // LPUB[3D] CALLOUTS
0 !LPUB CALLOUT BORDER SQUARE 0 #666666 0.025 MARGINS 0.050 0.050
0 !LPUB CALLOUT MARGINS 0.1250 0.1250
0 !LPUB CALLOUT PLACEMENT RIGHT PAGE INSIDE OFFSET 0.0000 0.0000
0
0 // LPUB[3D] PAGE
0 !LPUB PAGE DOCUMENT_COVER_IMAGE DISPLAY GLOBAL TRUE
0 !LPUB PAGE DOCUMENT_COVER_IMAGE FILE GLOBAL "../renders/flat/flat.png"
0 !LPUB PAGE DOCUMENT_COVER_IMAGE FILL GLOBAL ASPECT
0 !LPUB PAGE DOCUMENT_COVER_IMAGE MARGINS GLOBAL 0.0000 0.0000
0 !LPUB PAGE DOCUMENT_COVER_IMAGE PLACEMENT GLOBAL CENTER PAGE INSIDE OFFSET 0.0000 0.0000
0 !LPUB PAGE DOCUMENT_COVER_IMAGE SCALE GLOBAL 1.0000
0
0 // LPUB[3D] PAGE NUMBER
0 !LPUB PAGE NUMBER FONT "Noto Sans,36,-1,0,75,0,0,0,0,0,Bold"
0 !LPUB PAGE NUMBER FONT_COLOR "#666666"
0 !LPUB PAGE NUMBER MARGINS 0.1250 0.1250
0 !LPUB PAGE NUMBER PLACEMENT BOTTOM_RIGHT PAGE INSIDE OFFSET 0.0000 0.0000
0
0 // LPUB[3D] PAGE SETUP
0 !LPUB PAGE BORDER GLOBAL NONE 0 MARGINS 0.000 0.000
0 !LPUB PAGE ENABLE_TEXT_PLACEMENT GLOBAL CENTER PAGE INSIDE OFFSET 0.0000 0.0000
0 !LPUB PAGE TEXT_PLACEMENT GLOBAL TRUE
0 !LPUB PAGE PAGE_FOOTER SIZE GLOBAL 32.0000 0.5000
0 !LPUB PAGE PAGE_HEADER SIZE GLOBAL 32.0000 0.5000
0 !LPUB PAGE MARGINS GLOBAL 0.0000 0.0000
0 !LPUB PAGE ORIENTATION GLOBAL LANDSCAPE
0 !LPUB PAGE SIZE GLOBAL 16.0000 32.0000
0
0 // LPUB[3D] PAGE COLORS
0 !LPUB PAGE SUBMODEL_BACKGROUND_COLOR GLOBAL "#DDDDDD" "#FFE680" "#FFAAAA" "#C6AFE9"
0
0 // LPUB[3D] SUBMODELS
0 !LPUB PAGE SUBMODEL_INSTANCE_COUNT FONT_COLOR "#FF5555"
0 !LPUB PAGE SUBMODEL_INSTANCE_COUNT FONT "Noto Sans,72,-1,0,75,0,0,0,0,0,Bold"
0 !LPUB PAGE SUBMODEL_INSTANCE_COUNT MARGINS 0.0000 0.1250
0 !LPUB PAGE SUBMODEL_INSTANCE_COUNT PLACEMENT BOTTOM_RIGHT PAGE INSIDE OFFSET 0.0000 -0.0500
0
0 // LPUB[3D] PARTS LIST
0 !LPUB PLI BACKGROUND COLOR "#DDDDDD"
0 !LPUB PLI BORDER SQUARE 0 #666666 0.025 MARGINS 0.0500 0.050
0 !LPUB PLI CAMERA_ANGLES 30.0000 45.0000
0 !LPUB PLI CONSTRAIN HEIGHT 5.0000
0 !LPUB PLI MODEL_SCALE  1.0000
0 !LPUB PLI MARGINS 0.1500 0.7500
0 !LPUB PLI PLACEMENT TOP_RIGHT PAGE INSIDE OFFSET 0.0000 0.0000
0 !LPUB PLI INSTANCE_COUNT FONT "Noto Sans,36,-1,0,75,0,0,0,0,0,Bold"
0 !LPUB PLI INSTANCE_COUNT FONT_COLOR "#666666"
0 !LPUB PLI INSTANCE_COUNT MARGINS 0.0125 0.0125
0 !LPUB PLI INSTANCE_COUNT MARGINS 0.0125 0.3000
0
0 // LPUB[3D] STEP NUMBER
0 !LPUB STEP_NUMBER FONT "Noto Sans,72,-1,0,75,0,0,0,0,0,Bold"
0 !LPUB STEP_NUMBER FONT_COLOR "#666666"
0 !LPUB STEP_NUMBER MARGINS 0.1250 0.0000
0 !LPUB STEP_NUMBER PLACEMENT TOP_LEFT PAGE INSIDE OFFSET 0.0000 0.0000
0
0 // LPUB[3D] BEGIN INSTRUCTIONS ///////////////////////////////////////////////
0
0 STEP
0 !LPUB INSERT COVER_PAGE FRONT
0 STEP
0 !LPUB ASSEM MODEL_SCALE LOCAL 0.7500
1 0 0 0 0 1 0 0 0 1 0 0 0 1 00-model.ldr
0 STEP
0
0 // LPUB[3D] DISABLE FINAL MODEL SHOWCASE /////////////////////////////////////
0
0 !LPUB NOSTEP
0
0 // LPUB[3D] BOM PAGES
0 STEP
0 !LPUB INSERT PAGE
0 !LPUB INSERT BOM
0 STEP
0 !LPUB INSERT PAGE
0 !LPUB INSERT BOM
0 STEP
0 !LPUB INSERT PAGE
0 !LPUB INSERT BOM
0 STEP
0 !LPUB INSERT PAGE
0 !LPUB INSERT BOM
0 STEP
0 !LPUB INSERT PAGE
0 !LPUB INSERT BOM
0 STEP
0 !LPUB INSERT PAGE
0 !LPUB INSERT BOM
0 STEP
0 !LPUB INSERT PAGE
0 !LPUB INSERT BOM
0 STEP
0 !LPUB INSERT PAGE
0 !LPUB INSERT BOM
0 STEP
0 !LPUB INSERT PAGE
0 !LPUB INSERT BOM
0 STEP
0 !LPUB INSERT PAGE
0 !LPUB INSERT BOM
0 STEP
0 !LPUB INSERT PAGE
0 !LPUB INSERT BOM
0 STEP
0 !LPUB INSERT PAGE
0 !LPUB INSERT BOM
0 STEP
0
0 !LPUB NOSTEP
0
0 !LPUB INSERT COVER_PAGE BACK
0
0 // LPUB[3D] END INSTRUCTIONS /////////////////////////////////////////////////
0
0 NOFILE
0 FILE 00-model.ldr
0 
0 Name: 00-model.ldr
0 Author: Nathanel Titane // nathanel.titane@gmail.com // All Rights Reserved
1 0 0 0 0 1 0 0 0 0 -1 0 1 0 05-waist.ldr
0 STEP
1 0 0 -80 0 1 0 0 0 0 -1 0 1 0 08-torso.ldr
0 STEP
0 STEP
0 NOFILE
0 FILE 01-foot.ldr
0 
0 Name: 01-foot.ldr
0 Author: Nathanel Titane // nathanel.titane@gmail.com // All Rights Reserved
1 72 0 56 10 1 0 0 0 1 0 0 0 1 3023.dat
1 0 0 56 -20 1 0 0 0 1 0 0 0 1 3003.dat
1 0 0 64 -20 1 0 0 0 1 0 0 0 1 4871.dat
1 72 0 56 -50 1 0 0 0 1 0 0 0 1 3023.dat
0 STEP
1 72 -10 32 0 0 0 1 0 1 0 -1 0 0 32000.dat
1 72 10 32 0 0 0 1 0 1 0 -1 0 0 32000.dat
1 0 0 42 10 1 0 0 0 1 0 0 0 1 2780.dat
0 STEP
1 0 0 32 -50 -1 0 0 0 1 0 0 0 -1 3039.dat
1 0 0 32 -50 1 0 0 0 1 0 0 0 1 85984.dat
0 STEP
1 72 -10 24 0 0 0 1 0 1 0 -1 0 0 44301a.dat
1 72 10 24 0 0 0 1 0 1 0 -1 0 0 44301a.dat
0 STEP
1 72 0 0 0 0 0 -1 0 1 0 1 0 0 92013.dat
1 72 0 -24 0 1 0 0 0 1 0 0 0 1 3043.dat
0 STEP
1 72 -10 16 -30.0003 -1 0 0 0 0 -1 0 -1 0 30553.dat
1 1 -10 -4 -30.0008 0 0 -1 1 0 0 0 -1 0 43093.dat
1 72 10 16 -30.0003 -1 0 0 0 0 -1 0 -1 0 30553.dat
1 1 10 -4 -30.0008 0 0 -1 1 0 0 0 -1 0 43093.dat
0 STEP
1 0 0 -30 -30 -1 0 0 0 1 0 0 0 -1 3660.dat
1 72 0 -78 -30 -1 0 0 0 1 0 0 0 -1 3678b.dat
0 STEP
1 0 0 -126 -50 -1 0 0 0 1 0 0 0 -1 3678b.dat
1 0 0 -126 -50 -1 0 0 0 1 0 0 0 -1 85984.dat
0 STEP
1 0 -10 -76 -50 0 0 1 -1 0 0 0 -1 0 2780.dat
1 0 10 -76 -50 0 0 1 -1 0 0 0 -1 0 2780.dat
1 0 0 -26 -50 1 0 0 0 -1 0 0 0 -1 3245b.dat
1 0 0 -26 -50 -1 0 0 0 -1 0 0 0 1 85984.dat
0 STEP
1 72 -30 46.9998 -1.3397 0 0 1 -0.866036 -0.499981 0 0.499981 -0.866036 0 47905.dat
1 72 30 46.9998 -1.3397 0 0 1 -0.866036 -0.499981 0 0.499981 -0.866036 0 47905.dat
0 STEP
1 378 -30 17.6791 -12.1246 -1 0 0 0 -0.499981 -0.866036 0 -0.866036 0.499981 3665.dat
1 378 30 17.6791 -12.1246 -1 0 0 0 -0.499981 -0.866036 0 -0.866036 0.499981 3665.dat
1 72 -30 29.6792 8.6598 1 0 0 0 -0.499981 0.866036 0 -0.866036 -0.499981 6541.dat
1 72 30 29.6792 8.6598 1 0 0 0 -0.499981 0.866036 0 -0.866036 -0.499981 6541.dat
0 STEP
1 72 -30 16.0191 4.9993 0 0 1 0.499981 -0.866036 0 0.866036 0.499981 0 3024.dat
1 72 30 16.0191 4.9993 0 0 1 0.499981 -0.866036 0 0.866036 0.499981 0 3024.dat
0 STEP
1 378 -30 70.9988 40.2303 1 0 0 0 -0.499981 0.866036 0 -0.866036 -0.499981 60481.dat
1 378 -30 70.9988 40.2303 0 0 1 -0.866036 -0.499981 0 0.499981 -0.866036 0 54200.dat
1 378 30 70.9988 40.2303 1 0 0 0 -0.499981 0.866036 0 -0.866036 -0.499981 60481.dat
1 378 30 70.9988 40.2303 0 0 -1 0.866036 -0.499981 0 -0.499981 -0.866036 0 54200.dat
0 STEP
1 378 -30 6.0195 -12.3214 0 0 1 0.499981 -0.866036 0 0.866036 0.499981 0 3070b.dat
1 378 -30 4.0896 0.3396 0 0 -1 -0.499981 -0.866036 0 -0.866036 0.499981 0 3004.dat
1 378 30 6.0195 -12.3214 0 0 1 0.499981 -0.866036 0 0.866036 0.499981 0 3070b.dat
1 378 30 4.0896 0.3396 0 0 -1 -0.499981 -0.866036 0 -0.866036 0.499981 0 3004.dat
0 STEP
1 71 30 -16.6958 12.3395 0 0 -1 -0.499981 -0.866036 0 -0.866036 0.499981 0 3023.dat
1 71 -30 -16.6958 12.3395 0 0 -1 -0.499981 -0.866036 0 -0.866036 0.499981 0 3023.dat
0 STEP
1 378 0 -23.6241 16.3393 0 0 -1 -0.499981 -0.866036 0 -0.866036 0.499981 0 4871.dat
1 72 0 -30.5525 20.3393 0 0 -1 -0.499981 -0.866036 0 -0.866036 0.499981 0 3068b.dat
0 STEP
1 378 -48 19.6795 -8.6607 0 1 0 -0.499981 0 -0.866036 -0.866036 0 0.499981 43723.dat
1 378 48 19.6795 -8.6607 0 -1 0 0.499981 0 -0.866036 0.866036 0 0.499981 43722.dat
0 STEP
1 378 -56 24.6793 -0.0004 0 1 0 -0.866036 0 0.499981 0.499981 0 0.866036 63864.dat
1 378 56 24.6793 -0.0004 0 -1 0 -0.866036 0 -0.499981 0.499981 0 -0.866036 63864.dat
0 NOFILE
0 FILE 02-shin.ldr
0 
0 Name: 02-shin.ldr
0 Author: Nathanel Titane // nathanel.titane@gmail.com // All Rights Reserved
1 72 0 24 90 0 0 1 0 1 0 -1 0 0 3832.dat
1 72 0 16 70 0 0 1 0 1 0 -1 0 0 3020.dat
1 72 0 16 140 0 0 1 0 1 0 -1 0 0 3021.dat
0 STEP
1 72 0 32 170 1 0 0 0 1 0 0 0 1 3022.dat
1 71 0 40 180 -1 0 0 0 1 0 0 0 -1 6134.dat
0 STEP
1 72 -10 32 120 -1 0 0 0 1 0 0 0 -1 3665.dat
1 72 10 32 120 -1 0 0 0 1 0 0 0 -1 3665.dat
0 STEP
1 378 -10 32 90 1 0 0 0 1 0 0 0 1 42023.dat
1 378 10 32 90 1 0 0 0 1 0 0 0 1 42023.dat
1 378 0 40 90 0 0 -1 0 1 0 1 0 0 4871.dat
1 378 -30 32 90 0 0 1 0 1 0 -1 0 0 3069b.dat
1 378 30 32 90 0 0 1 0 1 0 -1 0 0 3069b.dat
0 STEP
1 72 0 42.929 187.071 1 0 0 0 0.707107 0.707107 0 -0.707107 0.707107 3937.dat
1 72 0 65.5559 164.4441 -1 0 0 0 0.707107 -0.707107 0 -0.707107 -0.707107 48336.dat
1 72 0 59.899 170.101 1 0 0 0 0.707107 0.707107 0 -0.707107 0.707107 2540.dat
1 71 9.9997 78.284 165.8585 0 0 -1 0.707107 0.707107 0 0.707107 -0.707107 0 92280.dat
1 71 -10.0003 78.2836 165.8582 0 0 -1 0.707107 0.707107 0 0.707107 -0.707107 0 92280.dat
0 STEP
1 72 -19.999 47.1688 154.5454 0 1 0 0.707163 0 0.707051 0.707051 0 -0.707163 2335.dat
1 72 -9.9992 76.8698 153.1306 -1 0 0 0 0.707107 -0.707107 0 -0.707107 -0.707107 3665.dat
1 72 10.0008 76.8698 153.1306 -1 0 0 0 0.707107 -0.707107 0 -0.707107 -0.707107 3665.dat
0 STEP
1 72 0 0 0 1 0 0 0 1 0 0 0 1 32064.dat
1 72 0 0 20 1 0 0 0 1 0 0 0 1 32064.dat
1 72 0 0 180 1 0 0 0 1 0 0 0 1 32000.dat
0 STEP
1 0 10 10 190 0 0 1 0 1 0 -1 0 0 2780.dat
1 0 -10 10 190 0 0 1 0 1 0 -1 0 0 2780.dat
0 STEP
1 0 -10 -8 150 0 0 1 0 1 0 -1 0 0 11211.dat
1 0 -10 -8 110 0 0 1 0 1 0 -1 0 0 11211.dat
1 0 -10 -8 70 0 0 1 0 1 0 -1 0 0 11211.dat
1 0 -10 -8 40 0 0 1 0 1 0 -1 0 0 87087.dat
1 0 10 -8 150 0 0 -1 0 1 0 1 0 0 11211.dat
1 0 10 -8 110 0 0 -1 0 1 0 1 0 0 11211.dat
1 0 10 -8 70 0 0 -1 0 1 0 1 0 0 11211.dat
1 0 10 -8 40 0 0 -1 0 1 0 1 0 0 87087.dat
0 STEP
1 72 0 -8 180 -1 0 0 0 1 0 0 0 -1 3023.dat
1 72 0 -8 10 -1 0 0 0 1 0 0 0 -1 3022.dat
0 STEP
1 72 0 0 200 1 0 0 0 1 0 0 0 1 32000.dat
1 72 -10 24 200 -1 0 0 0 1 0 0 0 -1 3665.dat
1 72 10 24 200 -1 0 0 0 1 0 0 0 -1 3665.dat
0 STEP
1 72 0 0 220 -1 0 0 0 1 0 0 0 -1 85943.dat
1 72 0 -8 210 -1 0 0 0 1 0 0 0 -1 3068b.dat
0 STEP
1 0 0 10 250 -1 0 0 0 1 0 0 0 -1 3705.dat
1 0 0 10 250 0 1 0 1 0 0 0 0 -1 53585.dat
0 STEP
1 72 -19.9997 9.9997 250 0 -1 0 -1 0 0 0 0 -1 15535.dat
1 72 -27.9997 10 250 0 -1 0 -1 0 0 0 0 -1 4032.dat
1 72 -35.9997 10.0002 250 0 -1 0 -1 0 0 0 0 -1 2654.dat
0 STEP
1 72 20.0003 9.9966 250 0 1 0 1 0 0 0 0 -1 15535.dat
1 72 28.0003 9.9959 250 0 1 0 1 0 0 0 0 -1 4032.dat
1 72 36.0003 9.9953 250 0 1 0 1 0 0 0 0 -1 2654.dat
0 STEP
1 0 0 10 -20 1 0 0 0 0 -1 0 1 0 32474.dat
1 0 0 10 0 0 0 -1 0 1 0 1 0 0 4519.dat
0 STEP
1 72 0 -32 180 1 0 0 0 1 0 0 0 1 3298.dat
1 72 0 -32 180 1 0 0 0 1 0 0 0 1 85984.dat
0 STEP
1 378 0 -8 0 1 0 0 0 1 0 0 0 1 85984.dat
1 378 0 -32 30 -1 0 0 0 1 0 0 0 -1 44126.dat
1 378 10.0003 -32 30 0 0 -1 0 1 0 1 0 0 85984.dat
1 378 -9.9997 -32 30 0 0 1 0 1 0 -1 0 0 85984.dat
0 STEP
1 72 -28 12 150 0 1 0 0 0 -1 -1 0 0 3022.dat
1 72 -28 12 190 0 1 0 1 0 0 0 0 -1 3176.dat
1 72 -28 12 220 0 -1 0 -1 0 0 0 0 -1 4073.dat
1 72 -28 12 90 0 1 0 0 0 -1 -1 0 0 87079.dat
0 STEP
1 0 -52 2 170 0 1 0 0 0 1 1 0 0 30414.dat
1 0 -52 22 150 0 1 0 0 0 -1 -1 0 0 32000.dat
1 0 -52 22 190 0 1 0 0 0 -1 -1 0 0 32000.dat
0 STEP
1 0 -42 32 170 0 0 1 0 1 0 -1 0 0 30414.dat
1 0 -42 56 160 1 0 0 0 1 0 0 0 1 3665.dat
1 0 -42 56 180 -1 0 0 0 1 0 0 0 -1 3665.dat
0 STEP
1 72 -41 -16 170 0 0 -1 0 1 0 1 0 0 32028.dat
1 0 -41 -24 170 0 0 1 0 1 0 -1 0 0 99563.dat
1 0 -41 -8 140 1 0 0 0 1 0 0 0 1 54200.dat
1 0 -41 -8 200 -1 0 0 0 1 0 0 0 -1 54200.dat
0 STEP
1 0 -60 12 190 0 1 0 0 0 -1 -1 0 0 35787.dat
1 0 -60 12 190 0 1 0 0 0 1 1 0 0 35787.dat
1 0 -60 12 150 0 1 0 -1 0 0 0 0 1 35787.dat
1 0 -60 12 150 0 1 0 1 0 0 0 0 -1 35787.dat
1 0 -60 42 170 0 1 0 0 0 1 1 0 0 2431.dat
0 STEP
1 72 -28 12 30 0 1 0 -1 0 0 0 0 1 3176.dat
1 72 -28 12 0 0 -1 0 -1 0 0 0 0 -1 4073.dat
0 STEP
1 378 -52 22 30 0 1 0 1 0 0 0 0 -1 41747.dat
1 378 -60 22 30 0 1 0 0 0 1 1 0 0 99563.dat
0 STEP
1 72 28 12 150 0 -1 0 0 0 -1 1 0 0 3022.dat
1 72 28 12 190 0 -1 0 -1 0 0 0 0 -1 3176.dat
1 72 28 12 220.0001 0 1 0 1 0 0 0 0 -1 4073.dat
1 72 28 12 89.9999 0 -1 0 0 0 1 -1 0 0 87079.dat
0 STEP
1 0 52 2 170 0 -1 0 0 0 1 -1 0 0 30414.dat
1 0 52 22 150 0 -1 0 0 0 -1 1 0 0 32000.dat
1 0 52 22 190 0 -1 0 0 0 -1 1 0 0 32000.dat
0 STEP
1 0 42 32 170 0 0 -1 0 1 0 1 0 0 30414.dat
1 0 42 56 180 -1 0 0 0 1 0 0 0 -1 3665.dat
1 0 42 56 160 1 0 0 0 1 0 0 0 1 3665.dat
0 STEP
1 72 41 -16 170 0 0 1 0 1 0 -1 0 0 32028.dat
1 0 41 -24 170 0 0 -1 0 1 0 1 0 0 99563.dat
1 0 41 -8 200 -1 0 0 0 1 0 0 0 -1 54200.dat
1 0 41 -8 140 1 0 0 0 1 0 0 0 1 54200.dat
0 STEP
1 0 60 12 190 0 -1 0 -1 0 0 0 0 -1 35787.dat
1 0 60 12 190 0 -1 0 1 0 0 0 0 1 35787.dat
1 0 60 12 150 0 -1 0 0 0 -1 1 0 0 35787.dat
1 0 60 12 150 0 -1 0 0 0 1 -1 0 0 35787.dat
1 0 60 42 170 0 -1 0 0 0 1 -1 0 0 2431.dat
0 STEP
1 72 28 12 -0.0001 0 1 0 1 0 0 0 0 -1 4073.dat
1 72 28 12 29.9999 0 -1 0 1 0 0 0 0 1 3176.dat
0 STEP
1 378 52 22 29.9999 0 -1 0 -1 0 0 0 0 -1 41748.dat
1 378 60 22 29.9999 0 -1 0 0 0 -1 1 0 0 99563.dat
0 STEP
1 0 0 10.6933 -61.2252 1 0 0 0 0.965927 -0.258815 0 0.258815 0.965927 01-foot.ldr
0 NOFILE
0 FILE 04-01-foreleg.ldr
0 
0 Name: 04-01-foreleg.ldr
0 Author: Nathanel Titane // nathanel.titane@gmail.com // All Rights Reserved
1 378 0 24 10 0 0 -1 0 1 0 1 0 0 3020.dat
1 378 -10 24 0 1 0 0 0 1 0 0 0 1 13547.dat
1 378 10 24 0 1 0 0 0 1 0 0 0 1 13547.dat
1 71 0 40 0 1 0 0 0 1 0 0 0 1 3023.dat
0 STEP
1 71 0 24 60 1 0 0 0 1 0 0 0 1 3023.dat
1 378 -10 32 20 -1 0 0 0 1 0 0 0 -1 4287.dat
1 378 10 32 20 -1 0 0 0 1 0 0 0 -1 4287.dat
1 72 -10 48 0 1 0 0 0 1 0 0 0 1 3024.dat
1 72 10 48 0 1 0 0 0 1 0 0 0 1 3024.dat
0 STEP
1 72 0 0 50 0 0 -1 0 1 0 1 0 0 48170.dat
1 72 0 0 0 0 0 -1 0 1 0 1 0 0 3002.dat
1 72 0 0 -40 -1 0 0 0 1 0 0 0 -1 32064.dat
1 72 0 0 -60 -1 0 0 0 1 0 0 0 -1 32064.dat
0 STEP
1 378 0 -24 0 -1 0 0 0 1 0 0 0 -1 30363.dat
1 378 0 -24 -20 1 0 0 0 1 0 0 0 1 3298.dat
1 378 -10 -24 -10 0 0 1 0 1 0 -1 0 0 85984.dat
1 378 10 -24 -10 0 0 -1 0 1 0 1 0 0 85984.dat
0 STEP
1 0 0 10 -90 0 -1 0 0 0 -1 1 0 0 32174.dat
1 0 0 10 -60 0 0 -1 0 1 0 1 0 0 4519.dat
0 STEP
1 72 0 -20 -120 -1 0 0 0 1 0 0 0 -1 85943.dat
1 0 0 -10 -90 1 0 0 0 0 -1 0 1 0 32062.dat
1 0 0 -10 -130 0 0 -1 0 1 0 1 0 0 2780.dat
0 STEP
1 72 0 -20 -140 1 0 0 0 1 0 0 0 1 3700.dat
1 72 0 4 -130 1 0 0 0 1 0 0 0 1 11203.dat
0 STEP
1 378 -10 -28 -130 1 0 0 0 1 0 0 0 1 92946.dat
1 378 10 -28 -130 1 0 0 0 1 0 0 0 1 92946.dat
1 72 -10 -36 -120 0 0 1 0 1 0 -1 0 0 2555.dat
1 72 10 -36 -120 0 0 1 0 1 0 -1 0 0 2555.dat
0 STEP
1 71 0.0001 -49.1082 -101.1991 1 0 0 0 0.965927 -0.258815 0 0.258815 0.965927 48336.dat
1 378 0.0003 -64.6 -74.2918 -1 0 0 0 0.965927 0.258815 0 0.258815 -0.965927 93606.dat
1 72 0.0005 -46.5941 -48.7617 1 0 0 0 0.965927 -0.258815 0 0.258815 0.965927 3022.dat
1 72 -9.9998 -43.9689 -89.4692 0 0 1 0.258815 0.965927 0 -0.965927 0.258815 0 44728.dat
1 72 10.0002 -43.9689 -89.4694 0 0 -1 -0.258815 0.965927 0 0.965927 0.258815 0 44728.dat
0 STEP
1 378 32.0005 -24.6495 -84.2945 0 -1 0 -0.258815 0 -0.965927 0.965927 0 -0.258815 51739.dat
1 378 32.0008 -14.9901 -81.7066 0 -1 0 -0.258815 0 -0.965927 0.965927 0 -0.258815 85984.dat
1 378 32.0003 -34.3088 -86.8824 0 -1 0 0.258866 0 0.965913 -0.965913 0 0.258866 85984.dat
1 378 -31.9995 -24.6457 -84.3019 0 1 0 0.258815 0 -0.965927 -0.965927 0 -0.258815 51739.dat
1 378 -31.9992 -14.9865 -81.7135 0 1 0 0.258815 0 -0.965927 -0.965927 0 -0.258815 85984.dat
1 378 -31.9997 -34.3049 -86.8903 0 1 0 -0.258764 0 0.965941 0.965941 0 0.258764 85984.dat
0 STEP
1 0 0 20 -340 1 0 0 0 1 0 0 0 1 02-shin.ldr
0 NOFILE
0 FILE 04-02-foreleg.ldr
0 
0 Name: 04-02-foreleg.ldr
0 Author: Nathanel Titane // nathanel.titane@gmail.com // All Rights Reserved
1 378 0 24 10 0 0 -1 0 1 0 1 0 0 3020.dat
1 378 -10 24 0 1 0 0 0 1 0 0 0 1 13547.dat
1 378 10 24 0 1 0 0 0 1 0 0 0 1 13547.dat
1 71 0 40 0 1 0 0 0 1 0 0 0 1 3023.dat
0 STEP
1 71 0 24 60 1 0 0 0 1 0 0 0 1 3023.dat
1 378 -10 32 20 -1 0 0 0 1 0 0 0 -1 4287.dat
1 378 10 32 20 -1 0 0 0 1 0 0 0 -1 4287.dat
1 72 -10 48 0 1 0 0 0 1 0 0 0 1 3024.dat
1 72 10 48 0 1 0 0 0 1 0 0 0 1 3024.dat
0 STEP
1 72 0 0 50 0 0 -1 0 1 0 1 0 0 48170.dat
1 72 0 0 0 0 0 -1 0 1 0 1 0 0 3002.dat
1 72 0 0 -40 -1 0 0 0 1 0 0 0 -1 32064.dat
1 72 0 0 -60 -1 0 0 0 1 0 0 0 -1 32064.dat
0 STEP
1 378 0 -24 0 -1 0 0 0 1 0 0 0 -1 30363.dat
1 378 0 -24 -20 1 0 0 0 1 0 0 0 1 3298.dat
1 378 -10 -24 -10 0 0 1 0 1 0 -1 0 0 85984.dat
1 378 10 -24 -10 0 0 -1 0 1 0 1 0 0 85984.dat
0 STEP
1 0 0 10 -90 0 -1 0 0 0 -1 1 0 0 32174.dat
1 0 0 10 -60 0 0 -1 0 1 0 1 0 0 4519.dat
0 STEP
1 72 0 -20 -120 -1 0 0 0 1 0 0 0 -1 85943.dat
1 0 0 -10 -90 1 0 0 0 0 -1 0 1 0 32062.dat
1 0 0 -10 -130 0 0 -1 0 1 0 1 0 0 2780.dat
0 STEP
1 72 0 -20 -140 1 0 0 0 1 0 0 0 1 3700.dat
1 72 0 4 -130 1 0 0 0 1 0 0 0 1 11203.dat
0 STEP
1 378 -10 -28 -130 1 0 0 0 1 0 0 0 1 92946.dat
1 378 10 -28 -130 1 0 0 0 1 0 0 0 1 92946.dat
1 72 -10 -36 -120 0 0 1 0 1 0 -1 0 0 2555.dat
1 72 10 -36 -120 0 0 1 0 1 0 -1 0 0 2555.dat
0 STEP
1 71 0.0001 -49.1082 -101.1991 1 0 0 0 0.965927 -0.258815 0 0.258815 0.965927 48336.dat
1 378 0.0003 -64.6 -74.2918 -1 0 0 0 0.965927 0.258815 0 0.258815 -0.965927 93606.dat
1 72 0.0005 -46.5941 -48.7617 1 0 0 0 0.965927 -0.258815 0 0.258815 0.965927 3022.dat
1 72 -9.9998 -43.9689 -89.4692 0 0 1 0.258815 0.965927 0 -0.965927 0.258815 0 44728.dat
1 72 10.0002 -43.9689 -89.4694 0 0 -1 -0.258815 0.965927 0 0.965927 0.258815 0 44728.dat
0 STEP
1 378 32.0005 -24.6495 -84.2945 0 -1 0 -0.258815 0 -0.965927 0.965927 0 -0.258815 51739.dat
1 378 32.0008 -14.9901 -81.7066 0 -1 0 -0.258815 0 -0.965927 0.965927 0 -0.258815 85984.dat
1 378 32.0003 -34.3088 -86.8824 0 -1 0 0.258866 0 0.965913 -0.965913 0 0.258866 85984.dat
1 378 -31.9995 -24.6457 -84.3019 0 1 0 0.258815 0 -0.965927 -0.965927 0 -0.258815 51739.dat
1 378 -31.9992 -14.9865 -81.7135 0 1 0 0.258815 0 -0.965927 -0.965927 0 -0.258815 85984.dat
1 378 -31.9997 -34.3049 -86.8903 0 1 0 -0.258764 0 0.965941 0.965941 0 0.258764 85984.dat
0 STEP
1 0 0 20 -340 1 0 0 0 1 0 0 0 1 02-shin.ldr
0 NOFILE
0 FILE 05-waist.ldr
0 
0 Name: 05-waist.ldr
0 Author: Nathanel Titane // nathanel.titane@gmail.com // All Rights Reserved
1 71 0 56 59.9984 -1 0 0 0 1 0 0 0 -1 6134.dat
0 STEP
1 378 10 32 50 0 0 1 0 1 0 -1 0 0 32000.dat
1 378 -10 32 50 0 0 1 0 1 0 -1 0 0 32000.dat
0 STEP
1 378 -10 32 20 1 0 0 0 1 0 0 0 1 3665.dat
1 378 10 32 20 1 0 0 0 1 0 0 0 1 3665.dat
1 378 0 24 30 0 0 1 0 1 0 -1 0 0 3020.dat
0 STEP
1 71 -0.0001 60.9998 68.6602 1 0 0 0 0.500015 0.866017 0 -0.866017 0.500015 3937.dat
1 71 0.0002 73.0002 47.8758 -1 0 0 -0.00015 0.500015 -0.866017 0 -0.866017 -0.500015 3004.dat
0 STEP
1 0 -20.0004 95.0003 9.7707 0 1 0 -0.866017 0 -0.500015 -0.500015 0 0.866017 4595.dat
1 0 20.0019 95.0021 9.7724 0 -1 0 0.866017 0 -0.500015 0.500015 0 0.866017 4595.dat
1 378 44.0023 100.0055 1.1151 0 -1 0 0.500038 0 0.866004 -0.866004 0 0.500038 3622.dat
1 378 -44.0005 99.995 1.1077 0 1 0 0.499993 0.00014 -0.86603 -0.86603 0 -0.499993 3622.dat
0 STEP
1 378 -44 79.9953 35.7489 0 1 0 0.86599 0 0.500061 0.500061 0 -0.86599 3665.dat
1 378 68.0024 100.0019 1.1141 0 -1 0 -0.865937 0 0.500152 -0.500152 0 -0.865937 60477.dat
1 378 44 80.0037 35.7524 0 -1 0 -0.865991 0 0.50006 -0.50006 0 -0.865991 3665.dat
1 378 -68.0006 99.9919 1.1063 0 1 0 0.866043 0 0.499969 0.499969 0 -0.866043 60477.dat
0 STEP
1 378 -20.0014 134.9979 -59.5127 0 1 0 0.499993 0.00014 -0.86603 -0.86603 0 -0.499993 3710.dat
1 378 -44.0011 119.994 -33.5339 0 1 0 -0.866017 0.00014 -0.500015 -0.500015 0 0.866017 60477.dat
0 STEP
1 378 20.005 135.0052 -59.5079 0 -1 0 0.500038 0 0.866004 -0.866004 0 0.500038 3710.dat
1 378 12.005 135.0046 -59.5086 0 -1 0 0.500038 0 0.866004 -0.866004 0 0.500038 3010.dat
1 378 44.0039 120.0064 -33.5254 0 -1 0 0.866017 0 -0.500015 0.500015 0 0.866017 60477.dat
0 STEP
1 378 -68.0008 109.9903 -16.2151 0 1 0 -0.866069 0 -0.499924 -0.499924 0 0.86607 3040.dat
1 378 68.0031 110.0058 -16.2041 0 -1 0 0.865911 0 -0.500198 0.500198 0 0.865911 3040.dat
1 378 68.0027 105.005 -7.5443 0 -1 0 -0.500084 0 -0.865977 0.865977 0 -0.500084 85984.dat
1 378 -68.0007 104.989 -7.5555 0 1 0 0.499901 0.00014 -0.866083 -0.866083 0 -0.499901 85984.dat
0 STEP
1 378 0.0098 89.4112 -16.55 0 0 1 0.499993 0.86603 0 -0.86603 0.499993 0 87079.dat
0 STEP
1 72 -20.0097 125.5889 -7.207 -1 0 0 0 -0.866004 -0.500038 0 -0.500038 0.866004 43723.dat
1 72 19.9903 125.5933 -7.2087 -1 0 0 0 -0.866004 -0.500038 0 -0.500038 0.866004 43722.dat
1 72 -0.0051 100.5892 36.0924 -1 0 0 0 -0.866004 -0.500038 0 -0.500038 0.866004 3020.dat
0 STEP
1 378 -0.006 116.3728 56.7535 1 0 -0.00025 0.00019 -0.866003 0.500038 0 -0.500038 -0.866003 47759.dat
1 72 -0.0023 85.5881 62.0725 1 0 0 0 -0.866003 0.500038 0 -0.500038 -0.866003 32028.dat
1 72 -0.0029 92.5161 66.0728 1 0 0 0 -0.866003 0.500038 0 -0.500038 -0.866003 32028.dat
0 STEP
1 378 -0.0109 126.3736 39.4334 -1 0 0 0 -0.866004 -0.500038 0 -0.500038 0.866004 6069.dat
1 378 -0.0096 128.3012 52.0938 -1 0 0 0 -0.866004 -0.500038 0 -0.500038 0.866004 3068b.dat
0 STEP
1 0 20 42 59.9995 -1 0 0 0 1 0 0 0 -1 2780.dat
1 0 -20 42 59.9995 -1 0 0 0 1 0 0 0 -1 2780.dat
0 STEP
0 STEP
1 0 0 42 40 -1 0 0 0 1 0 0 0 -1 3706.dat
1 0 -29.9995 42.0011 39.9995 0 -1 0 1 0 0 0 0 1 60483.dat
1 0 30 42.0011 39.9995 0 -1 0 1 0 0 0 0 1 60483.dat
0 STEP
1 0 0 0 60 1 0 0 0 1 0 0 0 1 3700.dat
1 0 0 10 60 0 0 1 0 1 0 -1 0 0 6558.dat
0 STEP
1 0 0 0 30 -1 0 0 0 1 0 0 0 -1 48172.dat
1 0 0 0 0 1 0 0 0 1 0 0 0 1 32000.dat
1 72 -10 10 -10 1 0 0 0 0 1 0 -1 0 4073.dat
1 72 10 10 -10 1 0 0 0 0 1 0 -1 0 4073.dat
0 STEP
1 0 -60 10 30 1 0 0 0 1 0 0 0 1 47455.dat
1 0 60 10 30 -1 0 0 0 1 0 0 0 -1 47455.dat
0 STEP
1 378 0 -8 30 0 0 1 0 1 0 -1 0 0 3020.dat
1 378 -10 -32 50 0 0 1 0 1 0 -1 0 0 32000.dat
1 378 10 -32 50 0 0 1 0 1 0 -1 0 0 32000.dat
1 0 -20 -22 59.9995 -1 0 0 0 1 0 0 0 -1 2780.dat
1 0 20 -22 59.9995 -1 0 0 0 1 0 0 0 -1 2780.dat
0 STEP
1 0 0 -22 40 -1 0 0 0 1 0 0 0 -1 3706.dat
1 0 30 -21.9989 39.9995 0 -1 0 1 0 0 0 0 1 60483.dat
1 0 -29.9995 -21.9989 39.9995 0 -1 0 1 0 0 0 0 1 60483.dat
0 STEP
1 0 -49.9995 42.0011 39.9995 1 0 0 0 0 -1 0 1 0 6536.dat
1 1 -49.9995 32.0011 59.9995 0 0 -1 -1 0 0 0 1 0 43093.dat
1 0 -49.9995 10.0011 59.9995 0 0 1 1 0 0 0 1 0 32174.dat
1 1 -49.9995 -11.9989 59.9995 0 0 -1 1 0 0 0 -1 0 43093.dat
1 0 -49.9995 -21.9989 39.9995 1 0 0 0 0 -1 0 1 0 6536.dat
0 STEP
1 0 50 42.0011 39.9995 1 0 0 0 0 -1 0 1 0 6536.dat
1 1 50 32.0011 59.9995 0 0 -1 -1 0 0 0 1 0 43093.dat
1 0 50 10.0011 59.9995 0 0 -1 -1 0 0 0 1 0 32174.dat
1 1 50 -11.9989 59.9995 0 0 -1 1 0 0 0 -1 0 43093.dat
1 0 50 -21.9989 39.9995 1 0 0 0 0 -1 0 1 0 6536.dat
0 STEP
1 378 0 -32 20 1 0 0 0 1 0 0 0 1 3039.dat
1 378 10 -56 50 0 0 -1 0 1 0 1 0 0 3700.dat
1 378 -10 -56 50 0 0 -1 0 1 0 1 0 0 3700.dat
1 378 0 -56 20 1 0 0 0 1 0 0 0 1 32000.dat
0 STEP
1 0 -20 -46 49.9984 1 0 0 0 1 0 0 0 1 6628.dat
1 0 20 -46 49.9984 -1 0 0 0 1 0 0 0 -1 6628.dat
0 STEP
1 72 0 -45.9985 10 1 0 0 0 0 1 0 -1 0 3039.dat
1 72 0 -55.9991 -13.9997 1 0 0 0 0 1 0 -1 0 3003.dat
1 72 10 -45.9992 -38 1 0 0 0 0 1 0 -1 0 3665.dat
1 72 -10 -45.9992 -38 1 0 0 0 0 1 0 -1 0 3665.dat
0 STEP
1 72 -10 -64 50 0 0 1 0 1 0 -1 0 0 99780.dat
1 72 10 -64 50 0 0 -1 0 1 0 1 0 0 99780.dat
0 STEP
1 0 0 -88 50 -1 0 0 0 1 0 0 0 -1 3003.dat
1 0 0 -112 40 -1 0 0 0 1 0 0 0 -1 3039.dat
0 STEP
1 378 0 -80 20 1 0 0 0 1 0 0 0 1 3660.dat
1 378 0 -104 20 1 0 0 0 1 0 0 0 1 3039.dat
0 STEP
1 0 -10 -112 40 0 0 1 0 1 0 -1 0 0 54200.dat
1 0 10 -112 40 0 0 -1 0 1 0 1 0 0 54200.dat
1 378 -10 -104 20 0 0 1 0 1 0 -1 0 0 54200.dat
1 378 10 -104 20 0 0 -1 0 1 0 1 0 0 54200.dat
0 STEP
1 0 -83.294 0 -56.933 0.965926 0 0.258819 0 1 0 -0.258819 0 0.965926 04-01-foreleg.ldr
0 STEP
1 0 83.294 0 -56.933 0.965926 0 -0.258819 0 1 0 0.258819 0 0.965926 04-02-foreleg.ldr
0 STEP
0 !LEOCAD PIECE PIVOT  20 10 0 1 0 0 0 1 0 0 0 1
1 0 -89.3237 0.0007 65.1773 0.965934 0 0.25879 0 1 0 -0.25879 0 0.965934 06-01-side-skirt.ldr
0 STEP
0 !LEOCAD PIECE PIVOT  -20 10 0 1 0 0 0 1 0 0 0 1
1 0 89.3176 0.0007 65.1753 0.965934 0 -0.25879 0 1 0 0.25879 0 0.965934 06-02-side-skirt.ldr
0 STEP
1 0 -50 -50 49.9984 1 0 0 0 1 0 0 0 1 07-01-front-skirt.ldr
0 STEP
1 0 50 -50 49.9984 1 0 0 0 1 0 0 0 1 07-02-front-skirt.ldr
0 NOFILE
0 FILE 06-01-side-skirt.ldr
0 
0 Name: 06-01-side-skirt.ldr
0 Author: Nathanel Titane // nathanel.titane@gmail.com // All Rights Reserved
1 378 0 0 0 0 0 1 -0 1 -0 -1 0 0 32064.dat
1 378 0.0005 23.9998 -10.0007 -1 0 -0 0 1 0 0 0 -1 3676.dat
0 STEP
1 378 -19.9973 -0.0005 -20.0011 -0 0 -1 0 1 0 1 0 -0 3010.dat
0 STEP
1 378 0.0079 23.999 -40.0007 0 0 1 -0 1 -0 -1 0 0 3660.dat
1 378 0.0234 47.9987 -50.0013 -1 0 -0 0 1 0 0 0 -1 4287.dat
0 STEP
1 378 0.01 -0.0013 -50 1 0 0 -0 1 -0 -0 0 1 60477.dat
1 378 0.0037 -0.0007 -29.999 -0 0 -1 0 1 0 1 0 -0 4070.dat
0 STEP
1 4 -9.9982 -7.9997 9.9996 0 0 1 -0 1 -0 -1 0 0 92946.dat
1 4 -9.9971 -8.0003 -10.0004 0 0 1 -0 1 -0 -1 0 0 92946.dat
1 4 -9.9961 -8.0008 -30.0004 0 0 1 -0 1 -0 -1 0 0 92946.dat
1 4 -9.995 -8.0013 -50.0004 0 0 1 -0 1 -0 -1 0 0 92946.dat
0 STEP
1 0 0.0032 -32.0005 -19.9992 -0 0 -1 0 1 0 1 0 -0 3010.dat
1 0 0.0032 -40.0005 -19.999 -0 0 -1 0 1 0 1 0 -0 2431.dat
0 STEP
1 378 0.0174 23.9976 -90.0006 0 0 1 -0 1 -0 -1 0 0 3622.dat
1 378 0.0282 47.9982 -70.0013 1 0 0 -0 1 -0 -0 0 1 4287.dat
0 STEP
1 0 10 10 0.0002 -1 0 -0 0 1 0 0 0 -1 32062.dat
1 0 20 10 0.0008 0 -1 0 -0 0 1 -1 -0 0 32474.dat
0 NOFILE
0 FILE 06-02-side-skirt.ldr
0 
0 Name: 06-02-side-skirt.ldr
0 Author: Nathanel Titane // nathanel.titane@gmail.com // All Rights Reserved
1 378 0 0 0 0 0 -1 0 1 0 1 0 0 32064.dat
1 378 0.0005 23.9998 -10.0007 0 0 -1 0 1 0 1 0 0 3676.dat
0 STEP
1 378 20.0027 -0.0005 -20.0011 0 0 -1 0 1 0 1 0 0 3010.dat
0 STEP
1 378 0.0079 23.999 -40.0007 0 0 -1 0 1 0 1 0 0 3660.dat
1 378 0.0234 47.9987 -50.0013 -1 0 0 0 1 0 0 0 -1 4287.dat
0 STEP
1 378 0.01 -0.0013 -50 1 0 0 0 1 0 0 0 1 60477.dat
1 378 0.0037 -0.0007 -29.999 0 0 1 0 1 0 -1 0 0 4070.dat
0 STEP
1 4 10.0018 -7.9997 9.9996 0 0 -1 0 1 0 1 0 0 92946.dat
1 4 10.0029 -8.0003 -10.0004 0 0 -1 0 1 0 1 0 0 92946.dat
1 4 10.0039 -8.0008 -30.0004 0 0 -1 0 1 0 1 0 0 92946.dat
1 4 10.005 -8.0013 -50.0004 0 0 -1 0 1 0 1 0 0 92946.dat
0 STEP
1 0 0.0032 -32.0005 -19.9992 0 0 -1 0 1 0 1 0 0 3010.dat
1 0 0.0032 -40.0005 -19.999 0 0 -1 0 1 0 1 0 0 2431.dat
0 STEP
1 378 0.0174 23.9976 -90.0006 0 0 1 0 1 0 -1 0 0 3622.dat
1 378 0.0282 47.9982 -70.0013 1 0 0 0 1 0 0 0 1 4287.dat
0 STEP
1 0 -10 10 -0.0002 1 0 0 0 1 0 0 0 1 32062.dat
1 0 -20 10 -0.0008 0 1 0 0 0 1 1 0 0 32474.dat
0 NOFILE
0 FILE 07-01-front-skirt.ldr
0 
0 Name: 07-01-front-skirt.ldr
0 Author: Nathanel Titane // nathanel.titane@gmail.com // All Rights Reserved
1 71 0 0 0 0 0 -1 0 1 0 1 0 0 14704.dat
0 STEP
1 378 -26.0008 -14.0004 -0.003 0 1 0 0 0 1 1 0 0 85984.dat
0 STEP
1 378 9.9991 -14.0031 -59.9963 0 -1 0 0 0 -1 1 0 0 3010.dat
1 378 17.9955 -14.0003 -39.9949 0 -1 0 0 0 -1 1 0 0 6636.dat
0 STEP
1 378 -14.0009 -14.005 -60.0008 0 -1 0 0 0 -1 1 0 0 3710.dat
1 378 -22.0064 -14.0077 -30.0022 0 -1 0 -1 0 0 0 0 -1 3005.dat
1 378 -22.0027 -14.0082 -50.0022 0 -1 0 1 0 0 0 0 1 4287.dat
0 STEP
1 71 0.0005 -24 0 0 0 1 0 1 0 -1 0 0 52107.dat
1 72 -18.0008 -14.0002 0 0 1 0 0 0 -1 -1 0 0 32028.dat
1 72 -26.0008 -14.0004 -0.003 0 1 0 0 0 -1 -1 0 0 32028.dat
1 72 -9.9997 -32 0 -1 0 0 0 1 0 0 0 -1 3022.dat
1 72 -9.9892 -32 -50 1 0 0 0 1 0 0 0 1 43722.dat
1 378 0.0029 -40 -19.9979 0 0 1 0 1 0 -1 0 0 2431.dat
0 STEP
1 378 0.0171 -24 -79.9979 1 0 0 0 1 0 0 0 1 11477.dat
1 378 -10.0019 -32 -0.0003 0 0 1 0 1 0 -1 0 0 15068.dat
0 NOFILE
0 FILE 07-02-front-skirt.ldr
0 
0 Name: 07-02-front-skirt.ldr
0 Author: Nathanel Titane // nathanel.titane@gmail.com // All Rights Reserved
1 71 0.001 0 0 0 0 1 0 1 0 -1 0 0 14704.dat
1 71 0.0005 -24 0 0 0 -1 0 1 0 1 0 0 52107.dat
0 STEP
1 72 18.0019 -14.0002 0.0024 0 -1 0 0 0 -1 1 0 0 32028.dat
1 72 26.0019 -14.0004 0.0043 0 -1 0 0 0 -1 1 0 0 32028.dat
1 378 26.0019 -14.0004 0.0043 0 -1 0 0 0 1 -1 0 0 85984.dat
0 STEP
1 378 -9.9729 -13.9956 -60.0041 0 1 0 0 0 1 1 0 0 3010.dat
1 378 -17.9776 -13.9961 -40.0061 0 1 0 0 0 1 1 0 0 6636.dat
0 STEP
1 378 14.0271 -13.9975 -59.9985 0 1 0 0 0 1 1 0 0 3710.dat
1 378 22.02 -13.9946 -29.9966 0 1 0 1 0 0 0 0 -1 3005.dat
1 378 22.0248 -13.995 -49.9966 0 1 0 -1 0 0 0 0 1 4287.dat
0 STEP
1 72 10.0008 -32 0.0005 1 0 0 0 1 0 0 0 1 3022.dat
1 72 10.014 -32 -49.9995 1 0 0 0 1 0 0 0 1 43723.dat
1 378 0.0066 -40 -20.0021 0 0 1 0 1 0 -1 0 0 2431.dat
0 STEP
1 378 0.0208 -24 -80.0022 1 0 0 0 1 0 0 0 1 11477.dat
1 378 10.0029 -32 0.0008 -0.00029 0 -1 0 1 0 1 0 -0.00029 15068.dat
0 NOFILE
0 FILE 08-torso.ldr
0 
0 Name: 08-torso.ldr
0 Author: Nathanel Titane // nathanel.titane@gmail.com // All Rights Reserved
1 0 0 48 90 0 0 1 0 1 0 -1 0 0 3020.dat
1 72 -40 48 110 1 0 0 0 1 0 0 0 1 11203.dat
1 72 40 48 110 1 0 0 0 1 0 0 0 1 11203.dat
0 STEP
1 0 0 24 110 1 0 0 0 1 0 0 0 1 2456.dat
1 72 0 0 110 1 0 0 0 1 0 0 0 1 3001.dat
0 STEP
1 0 0 0 50 0 0 1 0 1 0 -1 0 0 6061.dat
0 STEP
1 0 -50.0005 0 130.0005 0 0 1 0 1 0 -1 0 0 3701.dat
1 0 49.9995 0 130.0005 0 0 1 0 1 0 -1 0 0 3701.dat
1 0 50 24 140 -1 0 0 0 1 0 0 0 -1 3665.dat
1 0 -50 24 140 -1 0 0 0 1 0 0 0 -1 3665.dat
0 STEP
1 72 -20 20 70 0 -1 0 0 0 1 -1 0 0 87580.dat
1 378 -28 20 70 0 -1 0 0 0 1 -1 0 0 3022.dat
1 378 -36 30 80 0 -1 0 0 0 1 -1 0 0 3676.dat
1 72 20 20 70 0 1 0 -1 0 0 0 0 1 87580.dat
1 378 28 20 70 0 1 0 -1 0 0 0 0 1 3022.dat
1 378 36 30 80 0 1 0 -1 0 0 0 0 1 3676.dat
0 STEP
1 72 0 48 40 1 0 0 0 1 0 0 0 1 3747b.dat
1 72 0 56 40 0 0 1 0 1 0 -1 0 0 32802.dat
0 STEP
1 72 -30 32 40 1 0 0 0 1 0 0 0 1 3665.dat
1 72 -30 8 40 1 0 0 0 1 0 0 0 1 3040.dat
1 71 -30 0 40 1 0 0 0 1 0 0 0 1 3024.dat
1 72 30 32 40 1 0 0 0 1 0 0 0 1 3665.dat
1 72 30 8 40 1 0 0 0 1 0 0 0 1 3040.dat
1 71 30 0 40 1 0 0 0 1 0 0 0 1 3024.dat
0 STEP
1 72 0 0 0 1 0 0 0 1 0 0 0 1 3700.dat
1 72 10 24 0 0 0 -1 0 1 0 1 0 0 3665.dat
1 72 -10 24 0 0 0 1 0 1 0 -1 0 0 3665.dat
0 STEP
1 72 -10 -24 20 0 0 1 0 1 0 -1 0 0 3038.dat
1 72 10 -24 20 0 0 -1 0 1 0 1 0 0 3038.dat
1 72 30 0 0 -1 0 0 0 1 0 0 0 -1 3665.dat
1 72 -30 0 0 -1 0 0 0 1 0 0 0 -1 3665.dat
0 STEP
1 378 -10 -24 60 0 0 1 0 1 0 -1 0 0 3040.dat
1 378 10 -24 60 0 0 -1 0 1 0 1 0 0 3040.dat
0 STEP
1 0 0.0003 -32 50 0 0 1 0 1 0 -1 0 0 3020.dat
1 0 0 -24 90 1 0 0 0 1 0 0 0 1 3001.dat
0 STEP
1 0 20 -72 120 -1 0 0 0 1 0 0 0 -1 2362b.dat
1 0 -20 -72 120 -1 0 0 0 1 0 0 0 -1 2362b.dat
0 STEP
1 4 -10 -48 100 -1 0 0 0 1 0 0 0 -1 4070.dat
1 4 10 -48 100 -1 0 0 0 1 0 0 0 -1 4070.dat
1 4 0 -56 80 1 0 0 0 1 0 0 0 1 30363.dat
0 STEP
1 0 -30 -48 100.0011 1 0 0 0 1 0 0 0 1 3040.dat
1 0 30 -48 100.0011 1 0 0 0 1 0 0 0 1 3040.dat
1 0 -10 -72 100.0005 0 0 1 0 1 0 -1 0 0 3040.dat
1 0 10 -72 100.0026 0 0 -1 0 1 0 1 0 0 3040.dat
0 STEP
1 0 0 -24 0 1 0 0 0 1 0 0 0 1 85984.dat
1 0 0 -56 80 1 0 0 0 1 0 0 0 1 85984.dat
1 0 0 -72 100.0026 1 0 0 0 1 0 0 0 1 85984.dat
0 STEP
1 0 -40 -72 140 -1 0 0 0 1 0 0 0 -1 3684a.dat
1 0 40 -72 140.0003 -1 0 0 0 1 0 0 0 -1 3684a.dat
0 STEP
1 0 -50 -72 120 1 0 0 0 1 0 0 0 1 4460b.dat
1 0 50 -72 120 1 0 0 0 1 0 0 0 1 4460b.dat
1 0 -10 -96 129.9984 0 0 1 0 1 0 -1 0 0 3298.dat
1 0 9.9995 -96 129.999 0 0 -1 0 1 0 1 0 0 3298.dat
0 STEP
1 0 -0.0005 -96 119.999 1 0 0 0 1 0 0 0 1 85984.dat
1 0 -0.0005 -96 139.999 -1 0 0 0 1 0 0 0 -1 85984.dat
0 STEP
1 0 0 -72 140 1 0 0 0 1 0 0 0 1 2362b.dat
1 71 0 0 140 -1 0 0 0 1 0 0 0 -1 11211.dat
0 STEP
1 71 -10 9.9997 158 0 0 1 -1 0 0 0 -1 0 2555.dat
1 71 10 9.9997 158 0 0 1 -1 0 0 0 -1 0 2555.dat
1 71 0 10 164 0 0 -1 -1 0 0 0 1 0 4697b.dat
0 STEP
1 71 0 24 140 -1 0 0 0 1 0 0 0 -1 3678b.dat
0 STEP
1 72 -30.0003 0 150 0 0 -1 0 1 0 1 0 0 3245b.dat
1 72 30 0 150 0 0 -1 0 1 0 1 0 0 3245b.dat
1 72 30 48 150 0 0 -1 0 1 0 1 0 0 3023.dat
1 72 -30 48 150 0 0 -1 0 1 0 1 0 0 3023.dat
0 STEP
1 0 0 56 150 0 0 1 0 1 0 -1 0 0 4871.dat
1 0 -10 80 140 -1 0 0 0 1 0 0 0 -1 3665.dat
1 0 10 80 140 -1 0 0 0 1 0 0 0 -1 3665.dat
0 STEP
1 1 -60 10 150 -1 0 0 0 -0.25879 0.965934 0 0.965934 0.25879 43093.dat
1 1 60 9.9843 149.9958 1 0 0 0 -0.25879 -0.965934 0 0.965934 -0.25879 43093.dat
0 STEP
1 72 -70.0005 12.5879 140.3407 0 0 -1 -0.965934 -0.25879 0 -0.25879 0.965934 0 32064.dat
1 72 70.0005 12.5717 140.3363 0 0 1 0.965934 -0.25879 0 0.25879 0.965934 0 32064.dat
0 STEP
1 4 -70.0008 -3.2793 160.936 0 0 -1 -0.965934 -0.25879 0 -0.25879 0.965934 0 3623.dat
1 71 -70.0008 -5.3496 168.6635 -1 0 0 0 -0.25879 0.965934 0 0.965934 0.25879 2341.dat
1 4 69.9992 -3.2935 160.9322 0 0 -1 -0.965934 -0.25879 0 -0.25879 0.965934 0 3623.dat
1 71 69.9992 -5.3638 168.6597 -1 0 0 0 -0.25879 0.965934 0 0.965934 0.25879 2341.dat
0 STEP
1 0 -90.0008 -3.2793 160.936 -1 0 0 0 -0.25879 0.965934 0 0.965934 0.25879 2341.dat
1 0 -80.0024 -16.3878 132.5776 -1 0 0 0 -0.25879 0.965934 0 0.965934 0.25879 3747b.dat
1 0 89.9992 -3.2966 160.9314 -1 0 0 0 -0.25879 0.965934 0 0.965934 0.25879 2341.dat
1 0 79.9976 -16.404 132.5732 -1 0 0 0 -0.25879 0.965934 0 0.965934 0.25879 3747b.dat
0 STEP
1 72 -90 12.5879 140.3407 0 0 1 0.965934 -0.25879 0 0.25879 0.965934 0 32064.dat
1 72 90 12.5706 140.336 0 0 -1 -0.965934 -0.25879 0 -0.25879 0.965934 0 32064.dat
1 0 79.9966 -10.1931 109.3908 0 0 1 0.965934 -0.25879 0 0.25879 0.965934 0 3002.dat
1 0 -80.0034 -10.1768 109.3952 0 0 1 0.965934 -0.25879 0 0.25879 0.965934 0 3002.dat
0 STEP
1 0 -79.9971 28.4605 119.7468 1 0 0 0 -0.25879 -0.965934 0 0.965934 -0.25879 3747b.dat
1 0 80.0029 28.4443 119.7424 1 0 0 0 -0.25879 -0.965934 0 0.965934 -0.25879 3747b.dat
1 0 -79.9987 25.0121 93.9765 0 0 1 0.965934 -0.25879 0 0.25879 0.965934 0 3001.dat
1 0 -79.9906 73.3088 106.9159 -1 0 0 0 -0.25879 0.965934 0 0.965934 0.25879 32000.dat
1 0 80.0013 24.9959 93.9721 0 0 1 0.965934 -0.25879 0 0.25879 0.965934 0 3001.dat
1 0 80.0092 73.2926 106.9116 -1 0 0 0 -0.25879 0.965934 0 0.965934 0.25879 32000.dat
0 STEP
