0 FILE 00-instructions.ldr
0 Name: 00-instructions.ldr
0 Author: Nathanel Titane // nathanel.titane@gmail.com // All Rights Reserved
0
0 // LPUB[3D] FRONT COVER PAGE /////////////////////////////////////////////////
0
0 !LPUB PAGE DOCUMENT_TITLE_FRONT COLOR "#666666"
0 !LPUB PAGE DOCUMENT_TITLE_FRONT CONTENT GLOBAL "MODEL // RX-78-2 GUNDAM"
0 !LPUB PAGE DOCUMENT_TITLE_FRONT DISPLAY GLOBAL TRUE
0 !LPUB PAGE DOCUMENT_TITLE_FRONT FONT "Noto Sans,72,-1,0,75,0,0,0,0,0,Bold"
0 !LPUB PAGE DOCUMENT_TITLE_FRONT MARGINS 0.2500 0.1000
0 !LPUB PAGE DOCUMENT_TITLE_FRONT PLACEMENT GLOBAL TOP_LEFT PAGE INSIDE OFFSET 0.0000 0.0000

0 !LPUB PAGE DOCUMENT_AUTHOR_FRONT CONTENT GLOBAL "MODEL DESIGN AND INSTRUCTIONS // NATHANEL TITANE"
0 !LPUB PAGE DOCUMENT_AUTHOR_FRONT COLOR "#666666"
0 !LPUB PAGE DOCUMENT_AUTHOR_FRONT DISPLAY GLOBAL TRUE
0 !LPUB PAGE DOCUMENT_AUTHOR_FRONT FONT "Noto Sans,18,-1,0,75,0,0,0,0,0,Bold"
0 !LPUB PAGE DOCUMENT_AUTHOR_FRONT MARGINS 0.3000 1.0000
0 !LPUB PAGE DOCUMENT_AUTHOR_FRONT PLACEMENT TOP_LEFT PAGE INSIDE OFFSET 0.0000 0.0000

0 !LPUB PAGE MODEL_PARTS COLOR "#666666"
0 !LPUB PAGE MODEL_PARTS CONTENT GLOBAL "878 PIECES"
0 !LPUB PAGE MODEL_PARTS DISPLAY GLOBAL TRUE
0 !LPUB PAGE MODEL_PARTS FONT "Noto Sans,72,-1,0,75,0,0,0,0,0,Bold"
0 !LPUB PAGE MODEL_PARTS MARGINS 0.2500 0.1000
0 !LPUB PAGE MODEL_PARTS PLACEMENT GLOBAL BOTTOM_LEFT PAGE INSIDE OFFSET 0.0000 0.0000

0 !LPUB PAGE PUBLISH_DESCRIPTION COLOR "#666666"
0 !LPUB PAGE PUBLISH_DESCRIPTION CONTENT GLOBAL "LEGO // LINUX - Where Lego and Linux Meet"
0 !LPUB PAGE PUBLISH_DESCRIPTION DISPLAY GLOBAL TRUE
0 !LPUB PAGE PUBLISH_DESCRIPTION FONT "Noto Sans,36,-1,0,75,0,0,0,0,0,Bold"
0 !LPUB PAGE PUBLISH_DESCRIPTION MARGINS 0.2000 0.2000
0 !LPUB PAGE PUBLISH_DESCRIPTION PLACEMENT GLOBAL BOTTOM_RIGHT PAGE INSIDE OFFSET 0.0000 0.0000
0
0 // LPUB[3D] BACK COVER PAGE //////////////////////////////////////////////////
0
0 // LPUB[3D] DOCUMENT DISCLAIMER
0 !LPUB PAGE LEGO_DISCLAIMER COLOR "#666666"
0 !LPUB PAGE LEGO_DISCLAIMER CONTENT GLOBAL "LEGO® // REGISTERED TRADEMARK OF THE LEGO GROUP"
0 !LPUB PAGE LEGO_DISCLAIMER DISPLAY GLOBAL TRUE
0 !LPUB PAGE LEGO_DISCLAIMER FONT "Noto Sans,36,-1,0,75,0,0,0,0,0,Bold"
0 !LPUB PAGE LEGO_DISCLAIMER PLACEMENT GLOBAL CENTER PAGE INSIDE OFFSET 0.0000 -0.2500
0
0 // LPUB[3D] PAGE DOCUMENT AUTHOR
0 !LPUB PAGE DOCUMENT_AUTHOR_BACK COLOR "#666666"
0 !LPUB PAGE DOCUMENT_AUTHOR_BACK CONTENT GLOBAL "MODEL DESIGN AND INSTRUCTIONS // NATHANEL TITANE"
0 !LPUB PAGE DOCUMENT_AUTHOR_BACK DISPLAY GLOBAL TRUE
0 !LPUB PAGE DOCUMENT_AUTHOR_BACK FONT "Noto Sans,36,-1,0,75,0,0,0,0,0,Bold"
0 !LPUB PAGE DOCUMENT_AUTHOR_BACK PLACEMENT CENTER PAGE INSIDE OFFSET 0.0000 -0.2000
0
0 // LPUB[3D] PAGE PUBLICATION COPYRIGHT
0 !LPUB PAGE PUBLISH_COPYRIGHT_BACK COLOR "#666666"
0 !LPUB PAGE PUBLISH_COPYRIGHT_BACK CONTENT GLOBAL "COPYRIGHT // ALL RIGHTS RESERVED"
0 !LPUB PAGE PUBLISH_COPYRIGHT_BACK DISPLAY GLOBAL TRUE
0 !LPUB PAGE PUBLISH_COPYRIGHT_BACK FONT "Noto Sans,36,-1,0,75,0,0,0,0,0,Bold"
0 !LPUB PAGE PUBLISH_COPYRIGHT_BACK PLACEMENT GLOBAL CENTER PAGE INSIDE OFFSET 0.0000 -0.1500
0
0 // LPUB[3D] PAGE PUBLICATION EMAIL
0 !LPUB PAGE PUBLISH_EMAIL_BACK COLOR "#666666"
0 !LPUB PAGE PUBLISH_EMAIL_BACK CONTENT GLOBAL "CONTACT // NATHANEL.TITANE@GMAIL.COM // INFO@LEGOLINUX.COM"
0 !LPUB PAGE PUBLISH_EMAIL_BACK DISPLAY GLOBAL TRUE
0 !LPUB PAGE PUBLISH_EMAIL_BACK FONT "Noto Sans,18,-1,0,75,0,0,0,0,0,Bold"
0 !LPUB PAGE PUBLISH_EMAIL_BACK PLACEMENT GLOBAL CENTER PAGE INSIDE OFFSET 0.0000 -0.0500
0
0 // LPUB[3D] PAGE PUBLICATION URL
0 !LPUB PAGE PUBLISH_URL_BACK COLOR "#666666"
0 !LPUB PAGE PUBLISH_URL_BACK CONTENT GLOBAL "WEB // HTTPS://LEGOLINUX.COM/MODELS/MECHANICORE-SYSTEM/RX-78-2-GUNDAM"
0 !LPUB PAGE PUBLISH_URL_BACK DISPLAY GLOBAL TRUE
0 !LPUB PAGE PUBLISH_URL_BACK FONT "Noto Sans,18,-1,0,75,0,0,0,0,0,Bold"
0 !LPUB PAGE PUBLISH_URL_BACK PLACEMENT GLOBAL CENTER PAGE INSIDE OFFSET 0.0000 -0.0250
0
0 // LPUB[3D] PAGE LOGO
0 !LPUB PAGE DOCUMENT_LOGO_BACK DISPLAY GLOBAL TRUE
0 !LPUB PAGE DOCUMENT_LOGO_BACK FILE GLOBAL "/media/internal/Lego/lpub3d/instructions/logo.png"
0 !LPUB PAGE DOCUMENT_LOGO_BACK PLACEMENT CENTER PAGE INSIDE OFFSET 0.0000 0.45000
0 !LPUB PAGE DOCUMENT_LOGO_BACK SCALE GLOBAL  1.0000
0
0 // LPUB[3D] CONFIGURATION ////////////////////////////////////////////////////
0
0 // LPUB[3D] PAGE WATERMARK
0 !LPUB PAGE PUBLISH_EMAIL CONTENT GLOBAL "CONTACT // NATHANEL.TITANE@GMAIL.COM // INFO@LEGOLINUX.COM"
0 !LPUB PAGE PUBLISH_EMAIL COLOR "#666666"
0 !LPUB PAGE PUBLISH_EMAIL DISPLAY GLOBAL TRUE
0 !LPUB PAGE PUBLISH_EMAIL FONT "Noto Sans,18,-1,0,75,0,0,0,0,0,Bold"
0 !LPUB PAGE PUBLISH_EMAIL MARGINS 0.0000 0.1500
0 !LPUB PAGE PUBLISH_EMAIL PLACEMENT GLOBAL BOTTOM PAGE INSIDE OFFSET 0.0000 0.0000
0 !LPUB PAGE DOCUMENT_AUTHOR CONTENT GLOBAL "MODEL DESIGN AND INSTRUCTIONS // NATHANEL TITANE"
0 !LPUB PAGE DOCUMENT_AUTHOR COLOR "#666666"
0 !LPUB PAGE DOCUMENT_AUTHOR DISPLAY GLOBAL TRUE
0 !LPUB PAGE DOCUMENT_AUTHOR FONT "Noto Sans,18,-1,0,75,0,0,0,0,0,Bold"
0 !LPUB PAGE DOCUMENT_AUTHOR MARGINS 0.0000 0.2000
0 !LPUB PAGE DOCUMENT_AUTHOR PLACEMENT GLOBAL TOP PAGE INSIDE OFFSET 0.0000 0.0000
0
0 // LPUB[3D] STEPS HIGHLIGHT
0 !LPUB HIGHLIGHT_STEP ENABLED GLOBAL TRUE
0 !LPUB HIGHLIGHT_STEP COLOR GLOBAL "#7137C8"
0
0 // LPUB[3D] STEP FADE
0 !LPUB FADE_STEP OPACITY GLOBAL "50"
0 !LPUB FADE_STEP COLOR GLOBAL "Trans_Black"
0 !LPUB FADE_STEP ENABLED GLOBAL TRUE
0 !LPUB FINAL_MODEL_ENABLED GLOBAL TRUE
0
0 // LPUB[3D] SUBMODEL PREVIEW
0 !LPUB SUBMODEL_DISPLAY SHOW GLOBAL TRUE
0 !LPUB SUBMODEL_DISPLAY BACKGROUND COLOR "#DDDDDD"
0 !LPUB SUBMODEL_DISPLAY MARGINS 0.1500 0.7500
0 !LPUB SUBMODEL_DISPLAY BORDER SQUARE 0 Black 0.031 MARGINS 0.050 0.050
0 !LPUB SUBMODEL_DISPLAY PLACEMENT GLOBAL LEFT PAGE INSIDE
0 !LPUB SUBMODEL_DISPLAY CAMERA_ANGLES 30.0000 45.0000
0
0 // LPUB[3D] ASSEMBLIES
0 !LPUB ASSEM CAMERA_ANGLES 30.0000 45.0000
0 !LPUB ASSEM MARGINS 0.5000 0.5000
0 !LPUB ASSEM MODEL_SCALE 1.0000
0 !LPUB ASSEM PLACEMENT CENTER PAGE INSIDE OFFSET 0.0000 0.0000
0
0 // LPUB[3D] BILL OF MATERIALS
0 !LPUB BOM BACKGROUND COLOR "#DDDDDD"
0 !LPUB BOM BORDER SQUARE 0 #666666 0.025 MARGINS 0.050 0.050
0 !LPUB BOM CONSTRAIN HEIGHT 13.0000
0 !LPUB BOM CONSTRAIN SQUARE
0 !LPUB BOM PLACEMENT CENTER PAGE INSIDE OFFSET 0.0000 0.0000
0
0 // LPUB[3D] CALLOUTS
0 !LPUB CALLOUT BORDER SQUARE 0 #666666 0.025 MARGINS 0.050 0.050
0 !LPUB CALLOUT MARGINS 0.1250 0.1250
0 !LPUB CALLOUT PLACEMENT RIGHT PAGE INSIDE OFFSET 0.0000 0.0000
0
0 // LPUB[3D] PAGE
0 !LPUB PAGE DOCUMENT_COVER_IMAGE DISPLAY GLOBAL TRUE
0 !LPUB PAGE DOCUMENT_COVER_IMAGE FILE GLOBAL "../renders/flat/flat.png"
0 !LPUB PAGE DOCUMENT_COVER_IMAGE FILL GLOBAL ASPECT
0 !LPUB PAGE DOCUMENT_COVER_IMAGE MARGINS GLOBAL 0.0000 0.0000
0 !LPUB PAGE DOCUMENT_COVER_IMAGE PLACEMENT GLOBAL CENTER PAGE INSIDE OFFSET 0.0000 0.0000
0 !LPUB PAGE DOCUMENT_COVER_IMAGE SCALE GLOBAL 1.0000
0
0 // LPUB[3D] PAGE NUMBER
0 !LPUB PAGE NUMBER FONT "Noto Sans,36,-1,0,75,0,0,0,0,0,Bold"
0 !LPUB PAGE NUMBER FONT_COLOR "#666666"
0 !LPUB PAGE NUMBER MARGINS 0.1250 0.1250
0 !LPUB PAGE NUMBER PLACEMENT BOTTOM_RIGHT PAGE INSIDE OFFSET 0.0000 0.0000
0
0 // LPUB[3D] PAGE SETUP
0 !LPUB PAGE BORDER GLOBAL NONE 0 MARGINS 0.000 0.000
0 !LPUB PAGE ENABLE_TEXT_PLACEMENT GLOBAL CENTER PAGE INSIDE OFFSET 0.0000 0.0000
0 !LPUB PAGE TEXT_PLACEMENT GLOBAL TRUE
0 !LPUB PAGE PAGE_FOOTER SIZE GLOBAL 32.0000 0.5000
0 !LPUB PAGE PAGE_HEADER SIZE GLOBAL 32.0000 0.5000
0 !LPUB PAGE MARGINS GLOBAL 0.0000 0.0000
0 !LPUB PAGE ORIENTATION GLOBAL LANDSCAPE
0 !LPUB PAGE SIZE GLOBAL 16.0000 32.0000
0
0 // LPUB[3D] PAGE COLORS
0 !LPUB PAGE SUBMODEL_BACKGROUND_COLOR GLOBAL "#DDDDDD" "#FFE680" "#FFAAAA" "#C6AFE9"
0
0 // LPUB[3D] SUBMODELS
0 !LPUB PAGE SUBMODEL_INSTANCE_COUNT FONT_COLOR "#FF5555"
0 !LPUB PAGE SUBMODEL_INSTANCE_COUNT FONT "Noto Sans,72,-1,0,75,0,0,0,0,0,Bold"
0 !LPUB PAGE SUBMODEL_INSTANCE_COUNT MARGINS 0.0000 0.1250
0 !LPUB PAGE SUBMODEL_INSTANCE_COUNT PLACEMENT BOTTOM_RIGHT PAGE INSIDE OFFSET 0.0000 -0.0500
0
0 // LPUB[3D] PARTS LIST
0 !LPUB PLI BACKGROUND COLOR "#DDDDDD"
0 !LPUB PLI BORDER SQUARE 0 #666666 0.025 MARGINS 0.0500 0.050
0 !LPUB PLI CAMERA_ANGLES 30.0000 45.0000
0 !LPUB PLI CONSTRAIN HEIGHT 5.0000
0 !LPUB PLI MODEL_SCALE  1.0000
0 !LPUB PLI MARGINS 0.1500 0.7500
0 !LPUB PLI PLACEMENT TOP_RIGHT PAGE INSIDE OFFSET 0.0000 0.0000
0 !LPUB PLI INSTANCE_COUNT FONT "Noto Sans,36,-1,0,75,0,0,0,0,0,Bold"
0 !LPUB PLI INSTANCE_COUNT FONT_COLOR "#666666"
0 !LPUB PLI INSTANCE_COUNT MARGINS 0.0125 0.0125
0 !LPUB PLI INSTANCE_COUNT MARGINS 0.0125 0.3000
0
0 // LPUB[3D] STEP NUMBER
0 !LPUB STEP_NUMBER FONT "Noto Sans,72,-1,0,75,0,0,0,0,0,Bold"
0 !LPUB STEP_NUMBER FONT_COLOR "#666666"
0 !LPUB STEP_NUMBER MARGINS 0.1250 0.0000
0 !LPUB STEP_NUMBER PLACEMENT TOP_LEFT PAGE INSIDE OFFSET 0.0000 0.0000
0
0 // LPUB[3D] BEGIN INSTRUCTIONS ///////////////////////////////////////////////
0
0 STEP
0 !LPUB INSERT COVER_PAGE FRONT
0 STEP
0 !LPUB ASSEM MODEL_SCALE LOCAL 0.7500
1 0 0 0 0 1 0 0 0 1 0 0 0 1 00-model.ldr
0 STEP
0
0 // LPUB[3D] DISABLE FINAL MODEL SHOWCASE /////////////////////////////////////
0
0 !LPUB NOSTEP
0
0 // LPUB[3D] BOM PAGES
0 STEP
0 !LPUB INSERT PAGE
0 !LPUB INSERT BOM
0 STEP
0 !LPUB INSERT PAGE
0 !LPUB INSERT BOM
0 STEP
0 !LPUB INSERT PAGE
0 !LPUB INSERT BOM
0 STEP
0 !LPUB INSERT PAGE
0 !LPUB INSERT BOM
0 STEP
0 !LPUB INSERT PAGE
0 !LPUB INSERT BOM
0 STEP
0 !LPUB INSERT PAGE
0 !LPUB INSERT BOM
0 STEP
0 !LPUB INSERT PAGE
0 !LPUB INSERT BOM
0 STEP
0 !LPUB INSERT PAGE
0 !LPUB INSERT BOM
0 STEP
0 !LPUB INSERT PAGE
0 !LPUB INSERT BOM
0 STEP
0 !LPUB INSERT PAGE
0 !LPUB INSERT BOM
0 STEP
0 !LPUB INSERT PAGE
0 !LPUB INSERT BOM
0 STEP
0 !LPUB INSERT PAGE
0 !LPUB INSERT BOM
0 STEP
0
0 !LPUB NOSTEP
0
0 !LPUB INSERT COVER_PAGE BACK
0
0 // LPUB[3D] END INSTRUCTIONS /////////////////////////////////////////////////
0
0 NOFILE
0 FILE 00-model.ldr
0 Author: Nathanel Titane // nathanel.titane@gmail.com // All Rights Reserved
1 0 0 0 0 1 0 0 0 0 -1 0 1 0 04-waist.ldr
0 STEP
1 0 0 -66 10 1 0 0 0 1 0 0 0 1 07-cockpit.ldr
0 STEP
1 0 -25.4334 -37.0881 -20.8588 0.91704 0.271669 -0.291949 -0.369439 0.854402 -0.365393 0.150176 0.442937 0.883886 10-01-actuator.ldr
1 0 25.4334 -37.0881 -20.8588 0.91704 -0.271669 0.291949 0.369439 0.854402 -0.365393 -0.150176 0.442937 0.883886 10-02-actuator.ldr
0 NOFILE
0 FILE 01-foot.ldr
0 Author: Nathanel Titane // nathanel.titane@gmail.com // All Rights Reserved
1 71 0 0 0 1 0 0 0 1 0 0 0 1 14704.dat
1 71 0 0 20 -1 0 0 0 1 0 0 0 -1 32028.dat
0 STEP
1 72 0 -8 20 -1 0 0 0 1 0 0 0 -1 32028.dat
1 72 0 -16 20 -1 0 0 0 1 0 0 0 -1 32028.dat
1 72 0 -24 20 -1 0 0 0 1 0 0 0 -1 32028.dat
1 72 0 -32 20 -1 0 0 0 1 0 0 0 -1 32028.dat
1 72 0 -40 20 -1 0 0 0 1 0 0 0 -1 32028.dat
0 STEP
1 4 0 -24 0 -1 0 0 0 1 0 0 0 -1 3004.dat
1 4 -10 -48 20 1 0 0 0 1 0 0 0 1 28192.dat
1 4 10 -48 20 1 0 0 0 1 0 0 0 1 28192.dat
0 STEP
1 0 0 22 22 -1 0 0 0 0 1 0 1 0 99207.dat
1 0 0 22 14 1 0 0 0 0 -1 0 1 0 48336.dat
1 0 -10 22 30 -1 0 0 0 0 1 0 1 0 3024.dat
1 0 10 22 30 -1 0 0 0 0 1 0 1 0 3024.dat
0 STEP
1 15 0 22 -10 1 0 0 0 0 -1 0 1 0 3937.dat
1 71 0 32 0 1 0 0 0 -1 0 0 0 -1 3938.dat
1 15 0 40 0 -1 0 0 0 -1 0 0 0 1 3023.dat
1 15 0 40 0 -1 0 0 0 -1 0 0 0 1 85984.dat
0 STEP
1 0 -10 42 22 0 0 1 1 0 0 0 1 0 2555.dat
1 0 10 42 22 0 0 1 1 0 0 0 1 0 2555.dat
1 0 0 42 30 1 0 0 0 0 -1 0 1 0 99780.dat
0 STEP
1 4 -10 80 28 -1 0 0 0 -1 0 0 0 1 4070.dat
1 4 10 80 28 -1 0 0 0 -1 0 0 0 1 4070.dat
1 4 0 80 28 1 0 0 0 -1 0 0 0 -1 85984.dat
1 4 0 70 22 1 0 0 0 0 -1 0 1 0 85984.dat
0 STEP
0 NOFILE
0 FILE 02-shin.ldr
0 Author: Nathanel Titane // nathanel.titane@gmail.com // All Rights Reserved
1 72 0 0 0 -1 0 0 0 1 0 0 0 -1 85943.dat
0 STEP
1 0 0 10 30 0 1 0 0 0 1 1 0 0 53585.dat
1 0 0 10 30 -1 0 0 0 0 1 0 1 0 3705.dat
0 STEP
1 72 -20 10 30 0 -1 0 0 0 1 -1 0 0 15535.dat
1 72 -28 10 30 0 -1 0 0 0 1 -1 0 0 4032.dat
1 72 -36 10 30 0 -1 0 0 0 1 -1 0 0 2654.dat
0 STEP
1 72 20 10 30 0 1 0 0 0 1 1 0 0 15535.dat
1 72 28 10 30 0 1 0 0 0 1 1 0 0 4032.dat
1 72 36 10 30 0 1 0 0 0 1 1 0 0 2654.dat
0 STEP
1 0 0 -10 30 0 1 0 0 0 -1 -1 0 0 32174.dat
1 0 0 -48.7938 23.1596 -1 0 0 0 0.939693 0.34202 0 0.34202 -0.939693 92907.dat
1 0 0 -52.2141 32.5565 0 1 0 -0.34202 0 0.939693 0.939693 0 0.34202 2780.dat
1 0 0 -36.8404 48.7938 1 0 0 0 -0.939693 0.34202 0 -0.34202 -0.939693 6536.dat
1 0 -30 -30 30 0 1 0 0.34202 0 -0.939693 -0.939693 0 -0.34202 87994.dat
1 0 -30 -36.8404 48.7939 0 1 0 -0.939693 0 -0.34202 -0.34202 0 0.939693 87994.dat
0 STEP
1 0 -28 -33.4202 39.3969 0 1 0 0.34202 0 -0.939693 -0.939693 0 -0.34202 35480.dat
1 15 -36 -30 30 0 1 0 -0.939693 0 -0.34202 -0.34202 0 0.939693 24246.dat
1 15 -36 -36.8404 48.7939 0 1 0 0.939693 0 0.34202 0.34202 0 -0.939693 24246.dat
0 STEP
1 0 28 -33.4202 39.3969 0 -1 0 -0.34202 0 -0.939693 0.939693 0 -0.34202 35480.dat
1 15 36 -30 30 0 -1 0 0.939693 0 -0.34202 0.34202 0 0.939693 24246.dat
1 15 36 -36.8404 48.7939 0 -1 0 -0.939693 0 0.34202 -0.34202 0 -0.939693 24246.dat
0 STEP
1 0 0 -10 60 0 0 -1 0 1 0 1 0 0 4519.dat
0 STEP
1 0 0 24 0 1 0 0 0 1 0 0 0 1 11476.dat
1 0 0 24 -50 0 0 -1 0 1 0 1 0 0 60478.dat
1 0 0 24 -90 0 0 1 0 1 0 -1 0 0 60478.dat
1 0 0 24 -140 -1 0 0 0 1 0 0 0 -1 11476.dat
0 STEP
1 72 0 16 -70 0 0 1 0 1 0 -1 0 0 3710.dat
0 STEP
1 0 0 -8 -30 0 0 1 0 1 0 -1 0 0 52107.dat
1 15 0 -8 -90 0 0 -1 0 1 0 1 0 0 3010.dat
0 STEP
1 72 0 0 -140 -1 0 0 0 1 0 0 0 -1 85943.dat
1 0 0 10 -150 0 0 -1 0 1 0 1 0 0 6628.dat
0 STEP
1 0 0 -8 0 1 0 0 0 1 0 0 0 1 3794b.dat
1 0 0 -8 -140 1 0 0 0 1 0 0 0 1 3794b.dat
0 STEP
1 0 0 -16 0 1 0 0 0 1 0 0 0 1 4073.dat
1 0 0 -16 -30 0 0 -1 0 1 0 1 0 0 92280.dat
1 0 0 -16 -130 0 0 1 0 1 0 -1 0 0 92280.dat
0 STEP
1 15 0 -32 -60 1 0 0 0 1 0 0 0 1 50950.dat
1 15 0 -8 -110 -1 0 0 0 1 0 0 0 -1 11477.dat
0 STEP
1 0 0 -24 0 1 0 0 0 1 0 0 0 1 26047.dat
1 15 0 -48 0 1 0 0 0 1 0 0 0 1 3005.dat
1 15 0 -72 20 1 0 0 0 1 0 0 0 1 28192.dat
0 STEP
1 0 0 -29.1083 -158.8009 -1 0 0 0 0.965926 -0.258819 0 -0.258819 -0.965926 48336.dat
1 15 0 -29.1083 -158.8009 -1 0 0 0 0.965926 -0.258819 0 -0.258819 -0.965926 85984.dat
0 STEP
1 15 -10 32 0 0 0 1 0 1 0 -1 0 0 3665.dat
1 15 10 32 0 0 0 -1 0 1 0 1 0 0 3665.dat
1 15 -30 8 0 0 0 1 0 1 0 -1 0 0 3005.dat
1 15 30 8 0 0 0 -1 0 1 0 1 0 0 3005.dat
1 15 -30 8 0 0 0 1 0 1 0 -1 0 0 54200.dat
1 15 30 8 0 0 0 -1 0 1 0 1 0 0 54200.dat
0 STEP
1 71 0 32 -50 0 0 1 0 1 0 -1 0 0 3023.dat
1 15 0 40 -20 1 0 0 0 1 0 0 0 1 4287.dat
0 STEP
1 71 0 32 -100 0 0 1 0 1 0 -1 0 0 3024.dat
1 15 0 32 -80 -1 0 0 0 1 0 0 0 -1 24201.dat
0 STEP
1 15 0 16 -140 0 0 1 0 1 0 -1 0 0 32802.dat
1 15 -30 -8 -140 0 0 1 0 1 0 -1 0 0 3005.dat
1 15 30 -8 -140 0 0 -1 0 1 0 1 0 0 3005.dat
1 15 -30 -8 -140 0 0 1 0 1 0 -1 0 0 54200.dat
1 15 30 -8 -140 0 0 -1 0 1 0 1 0 0 54200.dat
0 STEP
1 0 -18 12 -20 0 1 0 -1 0 0 0 0 1 3023.dat
1 15 -34 12 -40 0 1 0 -1 0 0 0 0 1 64225.dat
0 STEP
1 0 18 12 -20 0 -1 0 1 0 0 0 0 1 3023.dat
1 15 34 12 -40 0 -1 0 1 0 0 0 0 1 64225.dat
0 STEP
1 71 0 23.4641 -175.3205 1 0 0 0 -0.866025 0.5 0 -0.5 -0.866025 01-foot.ldr
0 NOFILE
0 FILE 03-01-thigh.ldr
0 Author: Nathanel Titane // nathanel.titane@gmail.com // All Rights Reserved
1 72 0 0 0 0 0 -1 0 1 0 1 0 0 92013.dat
1 0 0 24 -40 0 0 -1 0 1 0 1 0 0 3795.dat
0 STEP
1 72 0 0 -40 0 0 -1 0 1 0 1 0 0 3003.dat
1 72 0 0 -70 -1 0 0 0 1 0 0 0 -1 32064.dat
1 72 0 0 -90 -1 0 0 0 1 0 0 0 -1 32064.dat
0 STEP
1 0 0 32 -30 0 0 -1 0 1 0 1 0 0 3021.dat
1 0 -10 32 -70 0 0 1 0 1 0 -1 0 0 36840.dat
1 0 10 32 -70 0 0 -1 0 1 0 1 0 0 36840.dat
0 STEP
1 15 0 32 -90 1 0 0 0 1 0 0 0 1 32803.dat
1 15 0 40 -40 -1 0 0 0 1 0 0 0 -1 11203.dat
1 15 0 32 10 -1 0 0 0 1 0 0 0 -1 32803.dat
0 STEP
1 0 0 -8 10 1 0 0 0 1 0 0 0 1 3023.dat
1 0 -10 -8 -20 0 0 1 0 1 0 -1 0 0 93274.dat
1 0 10 -8 -20 0 0 -1 0 1 0 1 0 0 93274.dat
1 0 0 -8 -70 0 0 -1 0 1 0 1 0 0 3021.dat
0 STEP
1 0 0 -16 -20 0 0 -1 0 1 0 1 0 0 3020.dat
1 0 -10 -16 -70 0 0 1 0 1 0 -1 0 0 36841.dat
1 0 10 -16 -70 0 0 -1 0 1 0 1 0 0 36841.dat
0 STEP
1 15 0 -8 -80 1 0 0 0 1 0 0 0 1 15068.dat
1 15 0 -24 -40 -1 0 0 0 1 0 0 0 -1 3068b.dat
1 15 0 -24 -10 -1 0 0 0 1 0 0 0 -1 99563.dat
1 15 -10 -8 20 -1 0 0 0 1 0 0 0 -1 11477.dat
1 15 10 -8 20 -1 0 0 0 1 0 0 0 -1 11477.dat
0 STEP
1 71 -32 12 -20 0 1 0 0 0 1 1 0 0 3020.dat
1 0 -40 12 10 0 1 0 1 0 0 0 0 -1 99781.dat
1 0 -40 22 -10 0 1 0 0 0 -1 -1 0 0 36841.dat
1 0 -40 2 -10 0 1 0 0 0 1 1 0 0 36841.dat
0 STEP
1 15 -40 12 10 0 1 0 1 0 0 0 0 -1 85984.dat
1 15 -56 12 -30 0 1 0 -1 0 0 0 0 1 24309.dat
0 STEP
1 0 -30 12 32 0 0 1 -1 0 0 0 -1 0 48336.dat
1 15 -30 12 32 0 0 1 -1 0 0 0 -1 0 85984.dat
0 STEP
1 15 32 12 -40 0 -1 0 0 0 -1 1 0 0 3068b.dat
1 15 32 12 0 0 -1 0 0 0 -1 1 0 0 3068b.dat
0 STEP
1 0 -53 22 24.8038 -0.866025 -0.5 0 0 0 -1 0.5 -0.866025 0 2555.dat
1 0 -53 2 24.8038 -0.866025 -0.5 0 0 0 -1 0.5 -0.866025 0 2555.dat
1 0 -57 22 17.8756 -0.866025 -0.5 0 0 0 -1 0.5 -0.866025 0 3005.dat
1 0 -57 2 17.8756 -0.866025 -0.5 0 0 0 -1 0.5 -0.866025 0 3005.dat
0 STEP
1 71 -10 10 -150 0 -1 0 1 0 0 0 0 1 02-shin.ldr
0 NOFILE
0 FILE 03-02-thigh.ldr
0 Author: Nathanel Titane // nathanel.titane@gmail.com // All Rights Reserved
1 72 0 0 0 0 0 -1 0 1 0 1 0 0 92013.dat
1 0 0 24 -40 0 0 -1 0 1 0 1 0 0 3795.dat
0 STEP
1 72 0 0 -40 0 0 -1 0 1 0 1 0 0 3003.dat
1 72 0 0 -70 -1 0 0 0 1 0 0 0 -1 32064.dat
1 72 0 0 -90 -1 0 0 0 1 0 0 0 -1 32064.dat
0 STEP
1 0 0 32 -30 0 0 -1 0 1 0 1 0 0 3021.dat
1 0 -10 32 -70 0 0 1 0 1 0 -1 0 0 36840.dat
1 0 10 32 -70 0 0 -1 0 1 0 1 0 0 36840.dat
0 STEP
1 15 0 32 -90 1 0 0 0 1 0 0 0 1 32803.dat
1 15 0 40 -40 -1 0 0 0 1 0 0 0 -1 11203.dat
1 15 0 32 10 -1 0 0 0 1 0 0 0 -1 32803.dat
0 STEP
1 0 0 -8 10 1 0 0 0 1 0 0 0 1 3023.dat
1 0 -10 -8 -20 0 0 1 0 1 0 -1 0 0 93274.dat
1 0 10 -8 -20 0 0 -1 0 1 0 1 0 0 93274.dat
1 0 0 -8 -70 0 0 -1 0 1 0 1 0 0 3021.dat
0 STEP
1 0 0 -16 -20 0 0 -1 0 1 0 1 0 0 3020.dat
1 0 -10 -16 -70 0 0 1 0 1 0 -1 0 0 36841.dat
1 0 10 -16 -70 0 0 -1 0 1 0 1 0 0 36841.dat
0 STEP
1 15 0 -8 -80 1 0 0 0 1 0 0 0 1 15068.dat
1 15 0 -24 -40 -1 0 0 0 1 0 0 0 -1 3068b.dat
1 15 0 -24 -10 -1 0 0 0 1 0 0 0 -1 99563.dat
1 15 -10 -8 20 -1 0 0 0 1 0 0 0 -1 11477.dat
1 15 10 -8 20 -1 0 0 0 1 0 0 0 -1 11477.dat
0 STEP
1 71 32 12 -20 0 -1 0 0 0 -1 1 0 0 3020.dat
1 0 40 12 10 0 -1 0 -1 0 0 0 0 -1 99781.dat
1 0 40 22 -10 0 -1 0 0 0 -1 1 0 0 36841.dat
1 0 40 2 -10 0 -1 0 0 0 1 -1 0 0 36841.dat
0 STEP
1 15 40 12 10 0 -1 0 -1 0 0 0 0 -1 85984.dat
1 15 56 12 -30 0 -1 0 1 0 0 0 0 1 24309.dat
0 STEP
1 0 30 12 32 0 0 -1 1 0 0 0 -1 0 48336.dat
1 15 30 12 32 0 0 -1 1 0 0 0 -1 0 85984.dat
0 STEP
1 15 -32 12 -40 0 1 0 0 0 1 1 0 0 3068b.dat
1 15 -32 12 0 0 1 0 0 0 1 1 0 0 3068b.dat
0 STEP
1 0 53 22 24.8038 0.866025 0.5 0 0 0 1 0.5 -0.866025 0 2555.dat
1 0 53 2 24.8038 0.866025 0.5 0 0 0 1 0.5 -0.866025 0 2555.dat
1 0 57 22 17.8756 0.866025 0.5 0 0 0 1 0.5 -0.866025 0 3005.dat
1 0 57 2 17.8756 0.866025 0.5 0 0 0 1 0.5 -0.866025 0 3005.dat
0 STEP
1 71 10 10 -150 0 1 0 -1 0 0 0 0 1 02-shin.ldr
0 NOFILE
0 FILE 04-waist.ldr
0 Author: Nathanel Titane // nathanel.titane@gmail.com // All Rights Reserved
1 72 0 0 0 -1 0 0 0 1 0 0 0 -1 85943.dat
1 72 -10 0 -30 0 0 1 0 1 0 -1 0 0 32064.dat
1 72 10 0 -30 0 0 1 0 1 0 -1 0 0 32064.dat
1 72 0 24 -10 -1 0 0 0 1 0 0 0 -1 3022.dat
0 STEP
1 15 0 24 -40 1 0 0 0 1 0 0 0 1 32803.dat
1 15 0 16 0 0 0 1 0 1 0 -1 0 0 32802.dat
0 STEP
1 0 0 10 30 0 -1 0 0 0 -1 1 0 0 15100.dat
1 0 0 10 30 -1 0 0 0 0 -1 0 -1 0 4519.dat
0 STEP
1 0 -25 10 30 0 -1 0 0 0 1 -1 0 0 41677.dat
0 STEP
1 0 0 30 30 -1 0 0 0 0 -1 0 -1 0 4519.dat
0 STEP
1 0 0 50 10 -1 0 0 0 0 1 0 1 0 92907.dat
1 0 0 40 30 0 -1 0 0 0 -1 1 0 0 43857.dat
1 0 0 50 30 -1 0 0 0 0 -1 0 -1 0 32062.dat
0 STEP
1 0 25 10 30 0 -1 0 0 0 1 -1 0 0 41677.dat
0 STEP
1 72 -30 -8 0 0 0 1 0 1 0 -1 0 0 6541.dat
1 72 30 -8 0 0 0 -1 0 1 0 1 0 0 6541.dat
1 0 -40 2 0 1 0 0 0 1 0 0 0 1 6628.dat
1 0 40 2 0 -1 0 0 0 1 0 0 0 -1 6628.dat
0 STEP
1 72 0 -8 -20 0 0 -1 0 1 0 1 0 0 3021.dat
0 STEP
1 71 -20 -16 0 -1 0 0 0 1 0 0 0 -1 14704.dat
1 71 20 -16 0 -1 0 0 0 1 0 0 0 -1 14704.dat
0 STEP
1 15 -10 -16 -30 1 0 0 0 1 0 0 0 1 15672.dat
1 15 10 -16 -30 1 0 0 0 1 0 0 0 1 15672.dat
1 71 0 -24 -10 1 0 0 0 1 0 0 0 1 3022.dat
1 15 -30 -16 0 0 0 1 0 1 0 -1 0 0 54200.dat
1 15 30 -16 0 0 0 -1 0 1 0 1 0 0 54200.dat
0 STEP
1 0 -10 -48 0 0 0 1 0 1 0 -1 0 0 87087.dat
1 0 10 -48 0 0 0 -1 0 1 0 1 0 0 87087.dat
1 0 -34 -38 -0 0 1 -0 1 -0 -0 -0 -0 -1 48729b.dat
1 0 34 -38 0 -0 -1 0 -1 0 -0 0 -0 -1 48729b.dat
1 0 0 -56 0 -1 0 0 0 1 0 0 0 -1 18649.dat
1 71 0 -64 0 -1 0 0 0 1 0 0 0 -1 44728.dat
1 4 0 -64 0 1 0 0 0 1 0 0 0 1 85984.dat
0 STEP
1 0 0 10 -30 -1 0 0 0 0 -1 0 -1 0 3706.dat
0 STEP
1 71 -30 10 -30 0 0 1 0.707107 -0.707107 0 0.707107 0.707107 0 42610.dat
1 71 30 10 -30 0 0 -1 -0.707107 -0.707107 0 -0.707107 0.707107 0 42610.dat
0 STEP
1 0 -50 10 -30 0 1 0 0 0 -1 -1 0 0 32474.dat
1 0 50 10 -30 0 -1 0 0 0 -1 1 0 0 32474.dat
0 STEP
1 15 0 -48 -20 1 0 0 0 1 0 0 0 1 3937.dat
1 71 0 -46.1915 -25.7358 1 0 0 0 0.819152 -0.573576 0 0.573576 0.819152 3938.dat
0 STEP
1 72 0 -66.672 -27.8686 -1 0 -0 0 0.573576 -0.819152 -0 -0.819152 -0.573576 32000.dat
1 0 -10 -52.7447 -30.3244 0 0 1 0.573576 0.819152 -0 -0.819152 0.573576 0 36840.dat
1 0 10 -52.7447 -30.3244 -0 0 -1 -0.573576 0.819152 0 0.819152 0.573576 -0 36840.dat
1 15 10 -52.9062 -47.5283 1 0 0 -0 0.573576 0.819152 0 -0.819152 0.573576 3665.dat
1 15 -10 -52.9062 -47.5283 1 0 0 -0 0.573576 0.819152 0 -0.819152 0.573576 3665.dat
0 STEP
1 72 0 -80.4379 -8.209 -1 0 -0 0 0.573576 -0.819152 -0 -0.819152 -0.573576 3937.dat
1 71 0 -80.4379 -8.209 -1 0 -0 0 0.573576 -0.819152 -0 -0.819152 -0.573576 3938.dat
1 15 -0 -83.0551 -39.3402 1 0 0 -0 0.573576 0.819152 0 -0.819152 0.573576 3004.dat
1 0 -0 -87.6438 -32.787 1 0 0 -0 0.573576 0.819152 0 -0.819152 0.573576 3023.dat
1 15 -10 -85.0265 -1.6557 1 0 0 -0 0.573576 0.819152 0 -0.819152 0.573576 28192.dat
1 15 10 -85.0265 -1.6557 1 0 0 -0 0.573576 0.819152 0 -0.819152 0.573576 28192.dat
0 STEP
1 0 -67.794 10 -67.6559 0 0.984808 0.173648 -1 0 0 0 -0.173648 0.984808 03-01-thigh.ldr
1 0 67.794 10 -67.6559 0 -0.984808 -0.173648 1 0 0 0 -0.173648 0.984808 03-02-thigh.ldr
0 STEP
1 71 -66.6517 11.9156 -6.3564 -0.491481 0.457397 0.741103 -0.868308 -0.19191 -0.457397 -0.066987 -0.868308 0.491481 05-side-skirt.ldr
1 71 66.6865 12.1769 -5.8301 -0.482963 -0.466506 -0.741025 0.866026 -0.12941 -0.482963 0.129409 -0.875 0.466506 05-side-skirt.ldr
0 STEP
1 0 -52.3205 -29.732 0 0.866026 0.5 0 -0.5 0.866026 0 0 0 1 06-01-front-skirt.ldr
1 0 52.3205 -29.7321 0 0.866026 -0.5 -0 0.5 0.866026 -0 0 0 1 06-02-front-skirt.ldr
0 STEP
1 71 -74 94 -40 0 -1 0 -1 0 0 0 0 -1 19-pulse-rifle.ldr
0 NOFILE
0 FILE 05-side-skirt.ldr
0 Author: Nathanel Titane // nathanel.titane@gmail.com // All Rights Reserved
1 71 0 0 0 -1 0 0 0 1 0 0 0 -1 14704.dat
1 0 -10 -8 0 0 0 1 0 1 0 -1 0 0 36841.dat
1 0 10 -8 0 0 0 -1 0 1 0 1 0 0 36841.dat
0 STEP
1 15 0 0 -20 1 0 0 0 1 0 0 0 1 32803.dat
0 STEP
1 15 0 0 -10 1 0 0 0 1 0 0 0 1 15068.dat
0 NOFILE
0 FILE 06-01-front-skirt.ldr
0 Author: Nathanel Titane // nathanel.titane@gmail.com // All Rights Reserved
1 0 0 0 0 0 0 -1 0 1 0 1 0 0 26047.dat
1 0 0 -8 0 -0.258819 0 0.965926 0 1 0 -0.965926 0 -0.258819 36841.dat
0 STEP
1 15 -2.5882 -8 -9.6593 -0.965926 0 -0.258819 0 1 0 0.258819 0 -0.965926 11477.dat
0 STEP
1 15 1.8947 -16 -31.566 -0.258819 0 0.965926 0 1 0 -0.965926 0 -0.258819 24299.dat
1 71 16.7303 -8 -14.8356 -0.965926 0 -0.258819 0 1 0 0.258819 0 -0.965926 29119.dat
0 NOFILE
0 FILE 06-02-front-skirt.ldr
0 Author: Nathanel Titane // nathanel.titane@gmail.com // All Rights Reserved
1 0 0 0 0 0 0 1 0 1 0 -1 0 0 26047.dat
1 0 0 -8 0 -0.258819 0 -0.965926 0 1 0 0.965926 0 -0.258819 36841.dat
0 STEP
1 15 2.5882 -8 -9.6593 -0.965926 0 0.258819 0 1 0 -0.258819 0 -0.965926 11477.dat
0 STEP
1 15 -1.8947 -16 -31.566 -0.258819 0 -0.965926 0 1 0 0.965926 0 -0.258819 24307.dat
1 71 -16.7303 -8 -14.8356 -0.965926 0 0.258819 0 1 0 -0.258819 0 -0.965926 29120.dat
0 NOFILE
0 FILE 07-cockpit.ldr
0 Author: Nathanel Titane // nathanel.titane@gmail.com // All Rights Reserved
1 72 0 0 0 1 0 0 0 1 0 0 0 1 27168.dat
1 14 -50 -44 0 0 0.984808 0.173648 0 -0.173648 0.984808 1 0 0 2851.dat
1 14 50 -44 0 0 -0.984808 0.173648 0 -0.173648 -0.984808 1 0 0 2851.dat
0 STEP
1 4 -20 -28 32 -1 0 0 0 0 -1 0 -1 0 26601.dat
1 4 20 -28 32 0 0 -1 1 0 0 0 -1 0 26601.dat
1 4 0 2 32 -1 0 0 0 0 -1 0 -1 0 99780.dat
0 STEP
1 71 0 2 40 -1 0 0 0 0 -1 0 -1 0 3023.dat
1 71 0 -48 40 0 0 1 -1 0 0 0 -1 0 3020.dat
0 STEP
1 71 0 -68 48 0 0 1 -1 0 0 0 -1 0 87580.dat
1 71 0 -68 56 0 0 1 -1 0 0 0 -1 0 3022.dat
0 STEP
1 71 -10 -8 48 0 0 1 -1 0 0 0 -1 0 14704.dat
1 71 10 -8 48 0 0 -1 1 0 0 0 -1 0 14704.dat
0 STEP
1 4 0 -38 40 1 0 0 0 0 1 0 -1 0 85984.dat
1 4 0 -8 56 1 0 0 0 0 1 0 -1 0 3068b.dat
0 STEP
1 0 -30 -38 40 0 0 1 -1 0 0 0 -1 0 36841.dat
1 0 30 -38 40 0 0 -1 1 0 0 0 -1 0 36841.dat
0 STEP
1 72 -32 -68 18 0 -1 0 -1 0 0 0 0 -1 99207.dat
1 72 32 -68 18 0 1 0 1 0 0 0 0 -1 99207.dat
1 72 -32 -68 18 0 -1 0 1 0 0 0 0 1 85984.dat
1 72 32 -68 18 0 1 0 -1 0 0 0 0 1 85984.dat
0 STEP
1 72 -30 -68 56 0 0 1 -1 0 0 0 -1 0 32000.dat
1 72 30 -68 56 0 0 1 -1 0 0 0 -1 0 32000.dat
0 STEP
1 0 -30 -58 64 -1 0 0 0 0 -1 0 -1 0 28192.dat
1 0 30 -58 64 -1 0 0 0 0 -1 0 -1 0 28192.dat
0 STEP
1 0 0 -58 64 -1 0 0 0 0 -1 0 -1 0 48336.dat
1 0 -20 -78 64 1 0 0 0 0 1 0 -1 0 60470.dat
1 0 20 -78 64 1 0 0 0 0 1 0 -1 0 60470.dat
0 STEP
1 1 -30 -58 72 0 0 1 -1 0 0 0 -1 0 27263.dat
1 1 30 -58 72 -1 0 0 0 0 -1 0 -1 0 27263.dat
1 72 0 -78 72 -1 0 0 0 0 -1 0 -1 0 3023.dat
0 STEP
1 0 -50 -58 46 -1 0 0 0 0 -1 0 -1 0 18651.dat
1 0 -50 -78 46 -1 0 0 0 0 -1 0 -1 0 18651.dat
0 STEP
1 0 50 -58 46 1 0 0 0 0 -1 0 1 0 18651.dat
1 0 50 -78 46 1 0 0 0 0 -1 0 1 0 18651.dat
0 STEP
1 0 -60 -38 66 -1 0 0 0 -1 0 0 0 1 92907.dat
1 0 60 -38 66 -1 0 0 0 -1 0 0 0 1 92907.dat
1 0 -60.0001 -98 46 0 0 1 0 1 0 -1 0 0 18651.dat
1 0 60 -98 46 0 0 1 0 1 0 -1 0 0 18651.dat
1 0 -60 -78 46 0 0 -1 0 1 0 1 0 0 42003.dat
1 0 60 -78 46 0 0 -1 0 1 0 1 0 0 42003.dat
0 STEP
1 0 -55 -78 66 0 1 0 0 0 1 1 0 0 41677.dat
1 0 -65 -78 66 0 1 0 0 0 1 1 0 0 41677.dat
1 0 55 -78 66 0 -1 0 0 0 1 -1 0 0 41677.dat
1 0 65 -78 66 0 -1 0 0 0 1 -1 0 0 41677.dat
1 0 -60 -58 66 1 0 0 0 -1 0 0 0 -1 32062.dat
1 0 60 -58 66 1 0 0 0 -1 0 0 0 -1 32062.dat
0 STEP
1 0 -60 -98 66 1 0 0 0 1 0 0 0 1 92907.dat
1 0 60 -98 66 1 0 0 0 1 0 0 0 1 92907.dat
1 0 -60 -98 16 0 1 0 0 0 1 1 0 0 32174.dat
1 0 60 -98 16 0 1 0 0 0 1 1 0 0 32174.dat
1 0 -60 -78 66 1 0 0 0 0 1 0 -1 0 32062.dat
1 0 60 -78 66 1 0 0 0 0 1 0 -1 0 32062.dat
0 STEP
1 0 -10 -32.8038 65 0 0 1 0.5 0.866025 0 -0.866025 0.5 0 2555.dat
1 0 10 -32.8039 65 0 0 1 0.5 0.866025 0 -0.866025 0.5 0 2555.dat
1 0 -10 -25.8756 69 0 0 1 0.5 0.866025 0 -0.866025 0.5 0 3005.dat
1 0 10 -25.8756 69 0 0 1 0.5 0.866025 0 -0.866025 0.5 0 3005.dat
0 STEP
1 71 0 -10 -32 1 0 0 0 0 -1 0 1 0 08-bottom-hatch.ldr
0 STEP
1 0 -30 -96 32 -1 0 0 0 -1 0 0 0 1 09-01-hatch-hinge.ldr
1 0 30 -96 32 -1 0 0 0 -1 0 0 0 1 09-02-hatch-hinge.ldr
0 STEP
1 0 0 -60.4105 -53.7157 1 0 0 0 -0.422618 -0.906308 0 0.906308 -0.422618 09-03-front-hatch.ldr
0 STEP
1 0 0 -96 42 -1 0 0 0 -1 0 0 0 1 09-04-top-hatch.ldr
0 STEP
1 0 0 -158 7 -1 0 0 0 0 -1 0 -1 0 11-head.ldr
0 STEP
1 0 -60 -118 16 0 -1 0 0 0 -1 1 0 0 12-shoulder-joint.ldr
1 0 60 -118 16 0 1 0 0 0 -1 -1 0 0 12-shoulder-joint.ldr
0 STEP
1 0 -120.6593 -83.2677 26.3528 -0.066987 0.965926 0.25 0.25 0.258819 -0.933013 -0.965926 0 -0.258819 13-01-arm.ldr
1 0 120.6593 -83.2677 26.3528 -0.066987 -0.965926 -0.25 -0.25 0.258819 -0.933013 0.965926 0 -0.258819 13-02-arm.ldr
0 STEP
1 1 0 -68 80 1 0 0 0 0 1 0 -1 0 17-01-back-pack.ldr
0 STEP
0 NOFILE
0 FILE 08-bottom-hatch.ldr
0 Author: Nathanel Titane // nathanel.titane@gmail.com // All Rights Reserved
1 71 0 0 0 1 0 0 0 1 0 0 0 1 48336.dat
1 71 0 8 20 -1 0 0 0 1 0 0 0 -1 6134.dat
1 71 0 0 20 -1 0 0 0 1 0 0 0 -1 99781.dat
1 71 0 10 34 1 0 0 0 0 1 0 -1 0 85984.dat
0 STEP
1 0 -10 -8 20 0 0 1 0 1 0 -1 0 0 36841.dat
1 0 10 -8 20 0 0 -1 0 1 0 1 0 0 36841.dat
1 0 0 -8 0 1 0 0 0 1 0 0 0 1 3023.dat
0 STEP
1 4 0 -32 20 -1 0 0 0 1 0 0 0 -1 15571.dat
1 4 0 -32 0 -1 0 0 0 1 0 0 0 -1 3049c.dat
0 STEP
1 0 -32 2 20 0 1 0 -1 0 0 0 0 1 3024.dat
1 4 -24 2 10 0 1 0 -1 0 0 0 0 1 29120.dat
0 STEP
1 0 32 2 20 0 -1 0 1 0 0 0 0 1 3024.dat
1 4 24 2 10 0 -1 0 1 0 0 0 0 1 29119.dat
0 NOFILE
0 FILE 09-01-hatch-hinge.ldr
0 Author: Nathanel Titane // nathanel.titane@gmail.com // All Rights Reserved
1 0 0 0 0 0 0 1 0 1 0 -1 0 0 18649.dat
1 0 0 -8 0 0 0 -1 0 1 0 1 0 0 3069b.dat
0 STEP
1 0 0 8 0 0 0 -1 0 1 0 1 0 0 99780.dat
0 STEP
1 71 0 16 10 -1 0 0 0 1 0 0 0 -1 4081b.dat
1 1 0 16 -10 1 0 0 0 1 0 0 0 1 24201.dat
0 STEP
1 0 0 -19.2132 -37.0711 -1 0 0 0 0.707107 -0.707107 0 -0.707107 -0.707107 60476.dat
1 0 -0 -43.2548 -27.1716 -0 -0 1 -0.707107 0.707107 -0 -0.707107 -0.707107 -0 15571.dat
1 0 -0 -33.3553 -51.2132 -1 0 0 -0 0.707107 -0.707107 -0 -0.707107 -0.707107 6541.dat
1 71 -0 -2.2426 -54.0416 -1 0 0 -0 0.707107 -0.707107 -0 -0.707107 -0.707107 49668.dat
1 71 -0 -16.3848 -68.1838 1 -0 0 -0 0.707107 0.707107 -0 -0.707107 0.707107 24201.dat
0 STEP
1 0 -0 -40.4264 -72.4264 -0 1 -0 0.707107 0 0.707107 0.707107 0 -0.707107 15100.dat
1 0 -10 -40.4264 -72.4264 1 -0 -0 0 0.707107 -0.707107 0 0.707107 0.707107 2780.dat
0 NOFILE
0 FILE 09-02-hatch-hinge.ldr
0 Author: Nathanel Titane // nathanel.titane@gmail.com // All Rights Reserved
1 0 0 0 0 0 0 1 0 1 0 -1 0 0 18649.dat
1 0 0 -8 0 0 0 -1 0 1 0 1 0 0 3069b.dat
0 STEP
1 0 0 8 0 0 0 1 0 1 0 -1 0 0 99780.dat
0 STEP
1 71 0 16 10 -1 0 0 0 1 0 0 0 -1 4081b.dat
1 1 0 16 -10 1 0 0 0 1 0 0 0 1 24201.dat
0 STEP
1 0 0 -19.2132 -37.0711 -1 0 0 0 0.707107 -0.707107 0 -0.707107 -0.707107 60476.dat
1 0 0 -43.2548 -27.1716 -0 -0 -1 0.707107 0.707107 -0 0.707107 -0.707107 -0 15571.dat
1 0 0 -33.3553 -51.2132 -1 0 0 0 0.707107 -0.707107 0 -0.707107 -0.707107 6541.dat
1 71 0 -2.2426 -54.0416 -1 0 0 0 0.707107 -0.707107 0 -0.707107 -0.707107 49668.dat
1 71 0 -16.3848 -68.1838 1 0 0 0 0.707107 0.707107 0 -0.707107 0.707107 24201.dat
0 STEP
1 0 0 -40.4264 -72.4264 0 1 0 0.707107 0 0.707107 0.707107 0 -0.707107 15100.dat
1 0 10 -40.4264 -72.4264 1 0 0 0 0.707107 -0.707107 0 0.707107 0.707107 2780.dat
0 NOFILE
0 FILE 09-03-front-hatch.ldr
0 Author: Nathanel Titane // nathanel.titane@gmail.com // All Rights Reserved
1 71 -10 0 0 0 0 1 0 1 0 -1 0 0 18677.dat
1 71 10 0 0 0 0 1 0 1 0 -1 0 0 18677.dat
1 72 0 22 20 1 0 0 0 0 1 0 -1 0 99781.dat
1 72 -10 42 20 -1 0 0 0 0 -1 0 -1 0 24201.dat
1 72 10 42 20 -1 0 0 0 0 -1 0 -1 0 24201.dat
0 STEP
1 1 0 32 36 -1 0 0 0 0 -1 0 -1 0 3068b.dat
1 71 0 22 28 -0 0 -1 1 0 -0 0 -1 0 3021.dat
1 1 0 -8 20 1 0 0 0 0 1 0 -1 0 15068.dat
0 STEP
1 1 0 -24 10 -1 0 0 0 1 0 -0 0 -1 3004.dat
1 1 0 -32 -10 1 0 -0 0 1 0 0 0 1 2432.dat
1 1 -10 -32 10 0 0 1 0 1 0 -1 0 0 28192.dat
1 1 10 -32 10 0 0 -1 0 1 0 1 0 0 28192.dat
0 STEP
1 0 -30 -8 0 0 0 1 0 1 0 -1 0 0 44728.dat
1 71 -30 -16 -10 0 0 1 0 1 0 -1 0 0 2555.dat
1 0 -30 0 10 -1 0 0 0 1 0 -0 0 -1 36841.dat
0 STEP
1 0 30 -8 0 0 0 -1 0 1 0 1 0 0 44728.dat
1 71 30 -16 -10 0 0 -1 0 1 0 1 0 0 2555.dat
1 0 30 0 10 -1 0 0 0 1 0 -0 0 -1 36841.dat
0 STEP
1 1 -44 22 -0 0 1 0 -0 0 -1 -1 0 0 85984.dat
1 40 -44 2 10 0 1 0 0 0 1 1 0 -0 54200.dat
1 72 -52 2 -10 0 1 0 0 0 1 1 0 0 3024.dat
1 1 -44 -8 -10 0 1 0 0 0 1 1 0 0 29120.dat
0 STEP
1 1 44 22 0 0 -1 0 -0 0 -1 1 0 -0 85984.dat
1 40 44 2 10 0 -1 0 0 0 1 -1 0 0 54200.dat
1 72 52 2 -10 0 -1 0 0 0 1 -1 0 0 3024.dat
1 1 44 -8 -10 0 -1 0 0 0 1 -1 0 0 29119.dat
0 NOFILE
0 FILE 09-04-top-hatch.ldr
0 Author: Nathanel Titane // nathanel.titane@gmail.com // All Rights Reserved
1 0 0 0 0 -1 0 0 0 1 0 0 0 -1 48336.dat
1 0 0 0 -30 1 0 0 0 1 0 0 0 1 11203.dat
0 STEP
1 72 0 -8 -10 1 0 0 0 1 0 0 0 1 3068b.dat
1 72 0 -8 -40 1 0 0 0 1 0 0 0 1 99563.dat
0 STEP
1 1 0 8 10 -1 0 0 0 1 0 0 0 -1 33909.dat
1 71 0 16 0 1 0 0 0 1 0 0 0 1 14704.dat
1 1 0 16 20 -1 0 0 0 1 0 0 0 -1 32803.dat
0 STEP
0 NOFILE
0 FILE 10-01-actuator.ldr
0 Author: Nathanel Titane // nathanel.titane@gmail.com // All Rights Reserved
1 0 0 0 0 0 0 -1 0 1 0 1 0 0 15100.dat
1 0 0 10 0 0 -1 0 -1 0 0 0 0 -1 6628.dat
0 STEP
1 0 0 0 40 0 0 -1 0 1 0 1 0 0 62462.dat
0 STEP
1 0 0 0 80 0 1 0 0 0 -1 -1 0 0 15100.dat
1 0 10 0 80 -1 0 0 0 -1 0 0 0 1 6628.dat
0 NOFILE
0 FILE 10-02-actuator.ldr
0 Author: Nathanel Titane // nathanel.titane@gmail.com // All Rights Reserved
1 0 0 0 0 0 0 -1 0 1 0 1 0 0 15100.dat
1 0 0 10 0 0 -1 0 -1 0 0 0 0 -1 6628.dat
1 0 0 0 40 0 0 -1 0 1 0 1 0 0 62462.dat
1 0 0 0 80 0 -1 0 0 0 1 -1 0 0 15100.dat
1 0 -10 0 80 1 0 0 0 1 0 0 0 1 6628.dat
0 NOFILE
0 FILE 11-head.ldr
0 Author: Nathanel Titane // nathanel.titane@gmail.com // All Rights Reserved
1 72 0 0 0 0.000026 0 1 0 1 0 -1 0 0.000026 3623.dat
1 72 0 -24 0 0.000026 0 1 0 1 0 -1 0 0.000026 47905.dat
1 72 0 -24 -20 1 0 0 0 1 0 0 0 1 87087.dat
1 72 0 -32 -10 0.000026 0 1 0 1 0 -1 0 0.000026 3023.dat
0 STEP
1 72 0 -14 -32 1 0 0 0 1 0 0 0 1 22484.dat
0 STEP
1 15 0 -40 -10 -1 0 0.000053 0 1 0 -0.000053 0 -1 92946.dat
1 15 0 -40 -20 1 0 -0.000132 0 1 0 0.000132 0 1 54200.dat
0 STEP
1 15 0 8 0 1 0 -0.000105 0 1 0 0.000105 0 1 87087.dat
1 15 0 8 20 1 0 0 0 1 0 0 0 1 3005.dat
1 4 0 32 0 -1 0 0.000053 0 1 0 -0.000053 0 -1 3665.dat
0 STEP
1 46 0 18 -18 1 0 0 0 0.000026 -1 0 1 0.000026 3024.dat
1 15 0 17.9998 -26 0.000026 0 1 1 0.000026 -0.000026 -0.000026 1 0 2555.dat
1 4 0 22.75 -38.5 1 0 0 0 -0.25035 0.968155 0 -0.968155 -0.25035 3820.dat
0 STEP
1 15 0 -24 20 0.000026 0 1 0 1 0 -1 0 0.000026 47905.dat
1 15 0 -32 30 -1 0 0.000053 0 1 0 -0.000053 0 -1 92946.dat
1 15 0 -24 40 1 0 0 0 1 0 0 0 1 3005.dat
1 41 0 -32 20 -1 0 -0.000026 0 1 0 0.000026 0 -1 54200.dat
0 STEP
1 0 0 2 40 -0.000053 0.000026 -1 1 0.000026 -0.000053 0.000026 -1 -0.000026 2780.dat
0 STEP
1 15 0 28 40 1 0 0 0 -1 0 0 0 -1 3005.dat
1 41 0 28 40.0004 1 0 -0.000079 0 -1 -0.000053 -0.000079 0.000053 -1 54200.dat
0 STEP
1 15 -26 -15.7357 -9.8481 0.000026 1 0 0.17362 -0.000005 0.984813 0.984813 -0.000026 -0.17362 99206.dat
1 72 -20 -33.4624 -6.7231 0.000026 0.000026 -1 0.17362 0.984813 0.00003 0.984813 -0.17362 0.000021 3023.dat
1 15 -20 -33.4624 -6.7231 0.000026 0.000026 1 -0.17362 0.984813 -0.000021 -0.984813 -0.17362 0.00003 85984.dat
1 71 -33.9997 -17.4719 -19.696 0.000026 1 0 0.17362 -0.000005 0.984813 0.984813 -0.000026 -0.17362 24246.dat
1 15 -18.0003 -4.1514 -1.7364 -0.000026 1 0 -0.17362 -0.000004 -0.984813 -0.984813 -0.000025 0.17362 11477.dat
1 72 -26.0003 2.2244 -23.1687 0.000026 1 0 0.17362 -0.000005 0.984813 0.984813 -0.000026 -0.17362 3024.dat
1 15 -18.0003 12.0725 -24.9051 -0.000026 1 0 -0.173671 -0.000005 -0.984804 -0.984804 -0.000026 0.173671 11477.dat
0 STEP
1 15 26 -15.7357 -9.8481 0.000026 -1 0 -0.17362 -0.000005 0.984813 -0.984813 -0.000026 -0.17362 99206.dat
1 72 20 -33.4624 -6.7231 0.000026 -0.000026 1 -0.17362 0.984813 0.00003 -0.984813 -0.17362 0.000021 3023.dat
1 15 20 -33.4624 -6.7231 -0.000079 -0.000026 -1 0.17362 0.984813 -0.000039 0.984813 -0.17362 -0.000073 85984.dat
1 71 34.0003 -17.4719 -19.696 0.000026 -1 0 -0.17362 -0.000005 0.984813 -0.984813 -0.000026 -0.17362 24246.dat
1 15 17.9997 -4.1514 -1.7364 -0.000026 -1 0 0.17362 -0.000004 -0.984813 0.984813 -0.000025 0.17362 11477.dat
1 72 26.0003 2.2244 -23.1687 0.000026 -1 0 -0.17362 -0.000005 0.984813 -0.984813 -0.000026 -0.17362 3024.dat
1 15 18.0002 12.0725 -24.9051 -0.000026 -1 0 0.173568 -0.000005 -0.984822 0.984822 -0.000026 0.173568 11477.dat
0 STEP
1 15 -18.0005 15.5447 14.7912 -0.000026 1 0 0.984817 0.000026 -0.173594 -0.173594 -0.000005 -0.984817 92280.dat
1 15 -10 -4.1514 18.2635 0 1 -0.000026 0.17362 0.000026 0.984813 0.984813 -0.000005 -0.17362 11477.dat
1 72 -24.0006 28.8651 32.7512 0.965934 -0.000077 0.258788 -0.254871 -0.173618 0.951261 0.044857 -0.984813 -0.167723 30088.dat
1 15 -24.0013 26.7818 20.9335 0.766069 -0.642758 -0.000056 -0.633006 -0.754431 -0.173603 0.111543 0.133027 -0.984816 11090.dat
1 15 -36.8565 11.6932 23.5941 0.766069 -0.642758 -0.000056 -0.633006 -0.754431 -0.173603 0.111543 0.133027 -0.984816 87994.dat
0 STEP
1 15 18.0005 15.5447 14.7912 0.000026 -1 0 0.984808 0.000026 0.173645 -0.173645 -0.000005 0.984808 92280.dat
1 15 10 -4.1514 18.2635 0 -1 0.000026 -0.17362 0.000026 0.984813 -0.984813 -0.000005 -0.17362 11477.dat
1 72 24.0012 28.8651 32.7513 0.965934 -0.000129 -0.258789 0.254837 -0.17362 0.95127 -0.045054 -0.984813 -0.167672 30088.dat
1 15 23.9994 26.7818 20.9335 0.766069 0.642759 -0.000151 0.632979 -0.754453 -0.173604 -0.111699 0.132897 -0.984816 11090.dat
1 15 36.8545 11.6927 23.5914 0.766069 0.642759 -0.000151 0.632979 -0.754453 -0.173604 -0.111699 0.132897 -0.984816 87994.dat
0 NOFILE
0 FILE 12-shoulder-joint.ldr
0 Author: Nathanel Titane // nathanel.titane@gmail.com // All Rights Reserved
1 0 0 0 0 0 0 1 0 1 0 -1 0 0 32474.dat
1 0 0 20 0 0 1 0 -1 0 0 0 0 1 4519.dat
0 STEP
1 0 0 20 0 0 0 -1 -1 0 0 0 1 0 6536.dat
0 STEP
1 0 0 40 0 0 0 1 0 -1 0 1 0 0 32474.dat
0 NOFILE
0 FILE 13-01-arm.ldr
0 Author: Nathanel Titane // nathanel.titane@gmail.com // All Rights Reserved
1 0 0 24 -20 0 0 -1 0 1 0 1 0 0 3020.dat
1 72 0 0 0 0 0 -1 0 1 0 1 0 0 92013.dat
1 72 0 0 -40 0 0 1 0 1 0 -1 0 0 92013.dat
0 STEP
1 0 0 32 -20 1 0 0 0 1 0 0 0 1 3022.dat
1 15 0 32 10 -1 0 0 0 1 0 0 0 -1 32803.dat
1 15 0 32 -50 1 0 0 0 1 0 0 0 1 32803.dat
0 STEP
1 0 -10 -8 10 0 0 1 0 1 0 -1 0 0 36841.dat
1 0 10 -8 10 0 0 -1 0 1 0 1 0 0 36841.dat
0 STEP
1 0 -10 -8 -20 0 0 1 0 1 0 -1 0 0 44728.dat
1 0 10 -8 -20 0 0 -1 0 1 0 1 0 0 44728.dat
1 0 0 -8 -50 1 0 0 0 1 0 0 0 1 3023.dat
0 STEP
1 0 0 -16 10 -1 0 0 0 1 0 0 0 -1 48336.dat
1 0 0 -16 -20 1 0 0 0 1 0 0 0 1 3022.dat
0 STEP
1 15 0 -24 0 -1 0 0 0 1 0 0 0 -1 3068b.dat
1 15 0 -8 -40 1 0 0 0 1 0 0 0 1 15068.dat
0 STEP
1 15 -32 12 -20 0 1 0 0 0 1 1 0 0 3068b.dat
0 STEP
1 15 32 12 -20 0 -1 0 0 0 -1 1 0 0 3068b.dat
0 STEP
1 71 6.3397 10 -110.9808 0 0.866025 -0.5 -1 0 0 0 0.5 0.866026 14-01-forearm.ldr
0 STEP
1 71 10 -14 30 1 0 0 0 0.34202 -0.939693 0 0.939693 0.34202 16-01-shoulder-guard-hinge.ldr
1 71 -10 -14 30 1 0 0 0 0.34202 -0.939693 0 0.939693 0.34202 16-01-shoulder-guard-hinge.ldr
0 STEP
1 71 0 -46.2795 81.6555 -1 0 0 0 -0.939693 0.34202 0 0.34202 0.939693 16-02-shoulder-guard.ldr
0 STEP
0 NOFILE
0 FILE 13-02-arm.ldr
0 Author: Nathanel Titane // nathanel.titane@gmail.com // All Rights Reserved
1 0 0 24 -20 0 0 -1 0 1 0 1 0 0 3020.dat
1 72 0 0 0 0 0 -1 0 1 0 1 0 0 92013.dat
1 72 0 0 -40 0 0 1 0 1 0 -1 0 0 92013.dat
0 STEP
1 0 0 32 -20 1 0 0 0 1 0 0 0 1 3022.dat
1 15 0 32 10 -1 0 0 0 1 0 0 0 -1 32803.dat
1 15 0 32 -50 1 0 0 0 1 0 0 0 1 32803.dat
0 STEP
1 0 10 -8 10 0 0 -1 0 1 0 1 0 0 36841.dat
1 0 -10 -8 10 0 0 1 0 1 0 -1 0 0 36841.dat
0 STEP
1 0 10 -8 -20 0 0 -1 0 1 0 1 0 0 44728.dat
1 0 -10 -8 -20 0 0 1 0 1 0 -1 0 0 44728.dat
1 0 0 -8 -50 1 0 0 0 1 0 0 0 1 3023.dat
0 STEP
1 0 0 -16 10 -1 0 0 0 1 0 0 0 -1 48336.dat
1 0 0 -16 -20 1 0 0 0 1 0 0 0 1 3022.dat
0 STEP
1 15 0 -24 0 -1 0 0 0 1 0 0 0 -1 3068b.dat
1 15 0 -8 -40 1 0 0 0 1 0 0 0 1 15068.dat
0 STEP
1 15 32 12 -20 0 -1 0 0 0 -1 1 0 0 3068b.dat
0 STEP
1 15 -32 12 -20 0 1 0 0 0 1 1 0 0 3068b.dat
0 STEP
1 71 -6.3397 10 -110.9808 0 -0.866025 0.5 1 0 0 0 0.5 0.866026 14-02-forearm.ldr
0 STEP
1 71 -10 -14 30 1 0 0 0 0.34202 -0.939693 0 0.939693 0.34202 16-01-shoulder-guard-hinge.ldr
1 71 10 -14 30 1 0 0 0 0.34202 -0.939693 0 0.939693 0.34202 16-01-shoulder-guard-hinge.ldr
0 STEP
1 71 0 -46.2795 81.6555 -1 0 0 0 -0.939693 0.34202 0 0.34202 0.939693 16-02-shoulder-guard.ldr
0 NOFILE
0 FILE 14-01-forearm.ldr
0 Author: Nathanel Titane // nathanel.titane@gmail.com // All Rights Reserved
1 72 0 0 0 -1 0 0 0 1 0 0 0 -1 85943.dat
0 STEP
1 0 0 10 30 0 1 0 0 0 1 1 0 0 53585.dat
1 0 0 10 30 -1 0 0 0 0 1 0 1 0 3705.dat
0 STEP
1 72 -20 10 30 0 -1 0 0 0 1 -1 0 0 15535.dat
1 72 -28 10 30 0 -1 0 0 0 1 -1 0 0 4032.dat
1 72 -36 10 30 0 -1 0 0 0 1 -1 0 0 2654.dat
0 STEP
1 72 20 10 30 0 1 0 0 0 1 1 0 0 15535.dat
1 72 28 10 30 0 1 0 0 0 1 1 0 0 4032.dat
1 72 36 10 30 0 1 0 0 0 1 1 0 0 2654.dat
0 STEP
1 0 0 24 0 1 0 0 0 1 0 0 0 1 11476.dat
1 0 0 24 -50 0 0 -1 0 1 0 1 0 0 18649.dat
1 0 0 24 -100 -1 0 0 0 1 0 0 0 -1 11476.dat
0 STEP
1 72 0 16 -50 0 0 1 0 1 0 -1 0 0 3023.dat
0 STEP
1 0 0 -8 -20 0 0 1 0 1 0 -1 0 0 47905.dat
1 15 0 -8 -60 0 0 -1 0 1 0 1 0 0 3622.dat
0 STEP
1 72 0 0 -100 -1 0 0 0 1 0 0 0 -1 85943.dat
