0 FILE 00-instructions.ldr
0 Name: 00-instructions.ldr
0 Author: Nathanel Titane // nathanel.titane@gmail.com // All Rights Reserved
0
0 // LPUB[3D] FRONT COVER PAGE /////////////////////////////////////////////////
0
0 !LPUB PAGE DOCUMENT_TITLE_FRONT COLOR "#666666"
0 !LPUB PAGE DOCUMENT_TITLE_FRONT CONTENT GLOBAL "MODEL // GX-9901 DX DOUBLE-X"
0 !LPUB PAGE DOCUMENT_TITLE_FRONT DISPLAY GLOBAL TRUE
0 !LPUB PAGE DOCUMENT_TITLE_FRONT FONT "Noto Sans,72,-1,0,75,0,0,0,0,0,Bold"
0 !LPUB PAGE DOCUMENT_TITLE_FRONT MARGINS 0.2500 0.1000
0 !LPUB PAGE DOCUMENT_TITLE_FRONT PLACEMENT GLOBAL TOP_LEFT PAGE INSIDE OFFSET 0.0000 0.0000

0 !LPUB PAGE DOCUMENT_AUTHOR_FRONT CONTENT GLOBAL "MODEL DESIGN AND INSTRUCTIONS // NATHANEL TITANE"
0 !LPUB PAGE DOCUMENT_AUTHOR_FRONT COLOR "#666666"
0 !LPUB PAGE DOCUMENT_AUTHOR_FRONT DISPLAY GLOBAL TRUE
0 !LPUB PAGE DOCUMENT_AUTHOR_FRONT FONT "Noto Sans,18,-1,0,75,0,0,0,0,0,Bold"
0 !LPUB PAGE DOCUMENT_AUTHOR_FRONT MARGINS 0.3000 1.0000
0 !LPUB PAGE DOCUMENT_AUTHOR_FRONT PLACEMENT TOP_LEFT PAGE INSIDE OFFSET 0.0000 0.0000

0 !LPUB PAGE MODEL_PARTS COLOR "#666666"
0 !LPUB PAGE MODEL_PARTS CONTENT GLOBAL "1696 PIECES"
0 !LPUB PAGE MODEL_PARTS DISPLAY GLOBAL TRUE
0 !LPUB PAGE MODEL_PARTS FONT "Noto Sans,72,-1,0,75,0,0,0,0,0,Bold"
0 !LPUB PAGE MODEL_PARTS MARGINS 0.2500 0.1000
0 !LPUB PAGE MODEL_PARTS PLACEMENT GLOBAL BOTTOM_LEFT PAGE INSIDE OFFSET 0.0000 0.0000

0 !LPUB PAGE PUBLISH_DESCRIPTION COLOR "#666666"
0 !LPUB PAGE PUBLISH_DESCRIPTION CONTENT GLOBAL "LEGO // LINUX - Where Lego and Linux Meet"
0 !LPUB PAGE PUBLISH_DESCRIPTION DISPLAY GLOBAL TRUE
0 !LPUB PAGE PUBLISH_DESCRIPTION FONT "Noto Sans,36,-1,0,75,0,0,0,0,0,Bold"
0 !LPUB PAGE PUBLISH_DESCRIPTION MARGINS 0.2000 0.2000
0 !LPUB PAGE PUBLISH_DESCRIPTION PLACEMENT GLOBAL BOTTOM_RIGHT PAGE INSIDE OFFSET 0.0000 0.0000
0
0 // LPUB[3D] BACK COVER PAGE //////////////////////////////////////////////////
0
0 // LPUB[3D] DOCUMENT DISCLAIMER
0 !LPUB PAGE LEGO_DISCLAIMER COLOR "#666666"
0 !LPUB PAGE LEGO_DISCLAIMER CONTENT GLOBAL "LEGO® // REGISTERED TRADEMARK OF THE LEGO GROUP"
0 !LPUB PAGE LEGO_DISCLAIMER DISPLAY GLOBAL TRUE
0 !LPUB PAGE LEGO_DISCLAIMER FONT "Noto Sans,36,-1,0,75,0,0,0,0,0,Bold"
0 !LPUB PAGE LEGO_DISCLAIMER PLACEMENT GLOBAL CENTER PAGE INSIDE OFFSET 0.0000 -0.2500
0
0 // LPUB[3D] PAGE DOCUMENT AUTHOR
0 !LPUB PAGE DOCUMENT_AUTHOR_BACK COLOR "#666666"
0 !LPUB PAGE DOCUMENT_AUTHOR_BACK CONTENT GLOBAL "MODEL DESIGN AND INSTRUCTIONS // NATHANEL TITANE"
0 !LPUB PAGE DOCUMENT_AUTHOR_BACK DISPLAY GLOBAL TRUE
0 !LPUB PAGE DOCUMENT_AUTHOR_BACK FONT "Noto Sans,36,-1,0,75,0,0,0,0,0,Bold"
0 !LPUB PAGE DOCUMENT_AUTHOR_BACK PLACEMENT CENTER PAGE INSIDE OFFSET 0.0000 -0.2000
0
0 // LPUB[3D] PAGE PUBLICATION COPYRIGHT
0 !LPUB PAGE PUBLISH_COPYRIGHT_BACK COLOR "#666666"
0 !LPUB PAGE PUBLISH_COPYRIGHT_BACK CONTENT GLOBAL "COPYRIGHT // ALL RIGHTS RESERVED"
0 !LPUB PAGE PUBLISH_COPYRIGHT_BACK DISPLAY GLOBAL TRUE
0 !LPUB PAGE PUBLISH_COPYRIGHT_BACK FONT "Noto Sans,36,-1,0,75,0,0,0,0,0,Bold"
0 !LPUB PAGE PUBLISH_COPYRIGHT_BACK PLACEMENT GLOBAL CENTER PAGE INSIDE OFFSET 0.0000 -0.1500
0
0 // LPUB[3D] PAGE PUBLICATION EMAIL
0 !LPUB PAGE PUBLISH_EMAIL_BACK COLOR "#666666"
0 !LPUB PAGE PUBLISH_EMAIL_BACK CONTENT GLOBAL "CONTACT // NATHANEL.TITANE@GMAIL.COM // INFO@LEGOLINUX.COM"
0 !LPUB PAGE PUBLISH_EMAIL_BACK DISPLAY GLOBAL TRUE
0 !LPUB PAGE PUBLISH_EMAIL_BACK FONT "Noto Sans,18,-1,0,75,0,0,0,0,0,Bold"
0 !LPUB PAGE PUBLISH_EMAIL_BACK PLACEMENT GLOBAL CENTER PAGE INSIDE OFFSET 0.0000 -0.0500
0
0 // LPUB[3D] PAGE PUBLICATION URL
0 !LPUB PAGE PUBLISH_URL_BACK COLOR "#666666"
0 !LPUB PAGE PUBLISH_URL_BACK CONTENT GLOBAL "WEB // HTTPS://LEGOLINUX.COM/MODELS/MOBILE-SUITS/GX-9901-DX-DOUBLE-X"
0 !LPUB PAGE PUBLISH_URL_BACK DISPLAY GLOBAL TRUE
0 !LPUB PAGE PUBLISH_URL_BACK FONT "Noto Sans,18,-1,0,75,0,0,0,0,0,Bold"
0 !LPUB PAGE PUBLISH_URL_BACK PLACEMENT GLOBAL CENTER PAGE INSIDE OFFSET 0.0000 -0.0250
0
0 // LPUB[3D] PAGE LOGO
0 !LPUB PAGE DOCUMENT_LOGO_BACK DISPLAY GLOBAL TRUE
0 !LPUB PAGE DOCUMENT_LOGO_BACK FILE GLOBAL "/media/internal/Lego/lpub3d/instructions/logo.png"
0 !LPUB PAGE DOCUMENT_LOGO_BACK PLACEMENT CENTER PAGE INSIDE OFFSET 0.0000 0.45000
0 !LPUB PAGE DOCUMENT_LOGO_BACK SCALE GLOBAL  1.0000
0
0 // LPUB[3D] CONFIGURATION ////////////////////////////////////////////////////
0
0 // LPUB[3D] PAGE WATERMARK
0 !LPUB PAGE PUBLISH_EMAIL CONTENT GLOBAL "CONTACT // NATHANEL.TITANE@GMAIL.COM // INFO@LEGOLINUX.COM"
0 !LPUB PAGE PUBLISH_EMAIL COLOR "#666666"
0 !LPUB PAGE PUBLISH_EMAIL DISPLAY GLOBAL TRUE
0 !LPUB PAGE PUBLISH_EMAIL FONT "Noto Sans,18,-1,0,75,0,0,0,0,0,Bold"
0 !LPUB PAGE PUBLISH_EMAIL MARGINS 0.0000 0.1500
0 !LPUB PAGE PUBLISH_EMAIL PLACEMENT GLOBAL BOTTOM PAGE INSIDE OFFSET 0.0000 0.0000
0 !LPUB PAGE DOCUMENT_AUTHOR CONTENT GLOBAL "MODEL DESIGN AND INSTRUCTIONS // NATHANEL TITANE"
0 !LPUB PAGE DOCUMENT_AUTHOR COLOR "#666666"
0 !LPUB PAGE DOCUMENT_AUTHOR DISPLAY GLOBAL TRUE
0 !LPUB PAGE DOCUMENT_AUTHOR FONT "Noto Sans,18,-1,0,75,0,0,0,0,0,Bold"
0 !LPUB PAGE DOCUMENT_AUTHOR MARGINS 0.0000 0.2000
0 !LPUB PAGE DOCUMENT_AUTHOR PLACEMENT GLOBAL TOP PAGE INSIDE OFFSET 0.0000 0.0000
0
0 // LPUB[3D] STEPS HIGHLIGHT
0 !LPUB HIGHLIGHT_STEP ENABLED GLOBAL TRUE
0 !LPUB HIGHLIGHT_STEP COLOR GLOBAL "#7137C8"
0
0 // LPUB[3D] STEP FADE
0 !LPUB FADE_STEP OPACITY GLOBAL "50"
0 !LPUB FADE_STEP COLOR GLOBAL "Trans_Black"
0 !LPUB FADE_STEP ENABLED GLOBAL TRUE
0 !LPUB FINAL_MODEL_ENABLED GLOBAL TRUE
0
0 // LPUB[3D] SUBMODEL PREVIEW
0 !LPUB SUBMODEL_DISPLAY SHOW GLOBAL TRUE
0 !LPUB SUBMODEL_DISPLAY BACKGROUND COLOR "#DDDDDD"
0 !LPUB SUBMODEL_DISPLAY MARGINS 0.1500 0.7500
0 !LPUB SUBMODEL_DISPLAY BORDER SQUARE 0 Black 0.031 MARGINS 0.050 0.050
0 !LPUB SUBMODEL_DISPLAY PLACEMENT GLOBAL LEFT PAGE INSIDE
0 !LPUB SUBMODEL_DISPLAY CAMERA_ANGLES 30.0000 45.0000
0
0 // LPUB[3D] ASSEMBLIES
0 !LPUB ASSEM CAMERA_ANGLES 30.0000 45.0000
0 !LPUB ASSEM MARGINS 0.5000 0.5000
0 !LPUB ASSEM MODEL_SCALE 1.0000
0 !LPUB ASSEM PLACEMENT CENTER PAGE INSIDE OFFSET 0.0000 0.0000
0
0 // LPUB[3D] BILL OF MATERIALS
0 !LPUB BOM BACKGROUND COLOR "#DDDDDD"
0 !LPUB BOM BORDER SQUARE 0 #666666 0.025 MARGINS 0.050 0.050
0 !LPUB BOM CONSTRAIN HEIGHT 13.0000
0 !LPUB BOM CONSTRAIN SQUARE
0 !LPUB BOM PLACEMENT CENTER PAGE INSIDE OFFSET 0.0000 0.0000
0
0 // LPUB[3D] CALLOUTS
0 !LPUB CALLOUT BORDER SQUARE 0 #666666 0.025 MARGINS 0.050 0.050
0 !LPUB CALLOUT MARGINS 0.1250 0.1250
0 !LPUB CALLOUT PLACEMENT RIGHT PAGE INSIDE OFFSET 0.0000 0.0000
0
0 // LPUB[3D] PAGE
0 !LPUB PAGE DOCUMENT_COVER_IMAGE DISPLAY GLOBAL TRUE
0 !LPUB PAGE DOCUMENT_COVER_IMAGE FILE GLOBAL "../renders/flat/flat.png"
0 !LPUB PAGE DOCUMENT_COVER_IMAGE FILL GLOBAL ASPECT
0 !LPUB PAGE DOCUMENT_COVER_IMAGE MARGINS GLOBAL 0.0000 0.0000
0 !LPUB PAGE DOCUMENT_COVER_IMAGE PLACEMENT GLOBAL CENTER PAGE INSIDE OFFSET 0.0000 0.0000
0 !LPUB PAGE DOCUMENT_COVER_IMAGE SCALE GLOBAL 1.0000
0
0 // LPUB[3D] PAGE NUMBER
0 !LPUB PAGE NUMBER FONT "Noto Sans,36,-1,0,75,0,0,0,0,0,Bold"
0 !LPUB PAGE NUMBER FONT_COLOR "#666666"
0 !LPUB PAGE NUMBER MARGINS 0.1250 0.1250
0 !LPUB PAGE NUMBER PLACEMENT BOTTOM_RIGHT PAGE INSIDE OFFSET 0.0000 0.0000
0
0 // LPUB[3D] PAGE SETUP
0 !LPUB PAGE BORDER GLOBAL NONE 0 MARGINS 0.000 0.000
0 !LPUB PAGE ENABLE_TEXT_PLACEMENT GLOBAL CENTER PAGE INSIDE OFFSET 0.0000 0.0000
0 !LPUB PAGE TEXT_PLACEMENT GLOBAL TRUE
0 !LPUB PAGE PAGE_FOOTER SIZE GLOBAL 32.0000 0.5000
0 !LPUB PAGE PAGE_HEADER SIZE GLOBAL 32.0000 0.5000
0 !LPUB PAGE MARGINS GLOBAL 0.0000 0.0000
0 !LPUB PAGE ORIENTATION GLOBAL LANDSCAPE
0 !LPUB PAGE SIZE GLOBAL 16.0000 32.0000
0
0 // LPUB[3D] PAGE COLORS
0 !LPUB PAGE SUBMODEL_BACKGROUND_COLOR GLOBAL "#DDDDDD" "#FFE680" "#FFAAAA" "#C6AFE9"
0
0 // LPUB[3D] SUBMODELS
0 !LPUB PAGE SUBMODEL_INSTANCE_COUNT FONT_COLOR "#FF5555"
0 !LPUB PAGE SUBMODEL_INSTANCE_COUNT FONT "Noto Sans,72,-1,0,75,0,0,0,0,0,Bold"
0 !LPUB PAGE SUBMODEL_INSTANCE_COUNT MARGINS 0.0000 0.1250
0 !LPUB PAGE SUBMODEL_INSTANCE_COUNT PLACEMENT BOTTOM_RIGHT PAGE INSIDE OFFSET 0.0000 -0.0500
0
0 // LPUB[3D] PARTS LIST
0 !LPUB PLI BACKGROUND COLOR "#DDDDDD"
0 !LPUB PLI BORDER SQUARE 0 #666666 0.025 MARGINS 0.0500 0.050
0 !LPUB PLI CAMERA_ANGLES 30.0000 45.0000
0 !LPUB PLI CONSTRAIN HEIGHT 5.0000
0 !LPUB PLI MODEL_SCALE  1.0000
0 !LPUB PLI MARGINS 0.1500 0.7500
0 !LPUB PLI PLACEMENT TOP_RIGHT PAGE INSIDE OFFSET 0.0000 0.0000
0 !LPUB PLI INSTANCE_COUNT FONT "Noto Sans,36,-1,0,75,0,0,0,0,0,Bold"
0 !LPUB PLI INSTANCE_COUNT FONT_COLOR "#666666"
0 !LPUB PLI INSTANCE_COUNT MARGINS 0.0125 0.0125
0 !LPUB PLI INSTANCE_COUNT MARGINS 0.0125 0.3000
0
0 // LPUB[3D] STEP NUMBER
0 !LPUB STEP_NUMBER FONT "Noto Sans,72,-1,0,75,0,0,0,0,0,Bold"
0 !LPUB STEP_NUMBER FONT_COLOR "#666666"
0 !LPUB STEP_NUMBER MARGINS 0.1250 0.0000
0 !LPUB STEP_NUMBER PLACEMENT TOP_LEFT PAGE INSIDE OFFSET 0.0000 0.0000
0
0 // LPUB[3D] BEGIN INSTRUCTIONS ///////////////////////////////////////////////
0
0 STEP
0 !LPUB INSERT COVER_PAGE FRONT
0 STEP
0 !LPUB ASSEM MODEL_SCALE LOCAL 0.7500
1 0 0 0 0 1 0 0 0 1 0 0 0 1 00-model.ldr
0 STEP
0
0 // LPUB[3D] DISABLE FINAL MODEL SHOWCASE /////////////////////////////////////
0
0 !LPUB NOSTEP
0
0 // LPUB[3D] BOM PAGES
0 STEP
0 !LPUB INSERT PAGE
0 !LPUB INSERT BOM
0 STEP
0 !LPUB INSERT PAGE
0 !LPUB INSERT BOM
0 STEP
0 !LPUB INSERT PAGE
0 !LPUB INSERT BOM
0 STEP
0 !LPUB INSERT PAGE
0 !LPUB INSERT BOM
0 STEP
0 !LPUB INSERT PAGE
0 !LPUB INSERT BOM
0 STEP
0 !LPUB INSERT PAGE
0 !LPUB INSERT BOM
0 STEP
0 !LPUB INSERT PAGE
0 !LPUB INSERT BOM
0 STEP
0 !LPUB INSERT PAGE
0 !LPUB INSERT BOM
0 STEP
0 !LPUB INSERT PAGE
0 !LPUB INSERT BOM
0 STEP
0 !LPUB INSERT PAGE
0 !LPUB INSERT BOM
0 STEP
0 !LPUB INSERT PAGE
0 !LPUB INSERT BOM
0 STEP
0 !LPUB INSERT PAGE
0 !LPUB INSERT BOM
0 STEP
0
0 !LPUB NOSTEP
0
0 !LPUB INSERT COVER_PAGE BACK
0
0 // LPUB[3D] END INSTRUCTIONS /////////////////////////////////////////////////
0
0 NOFILE
0 FILE 00-model.ldr
0 
0 Name: 00-model.ldr
0 Author: Nathanel Titane // nathanel.titane@gmail.com // All Rights Reserved
1 0 0 0 0 1 0 0 0 0 -1 0 1 0 05-waist.ldr
0 STEP
1 0 0 -80 0 1 0 0 0 0 -1 0 1 0 08-torso.ldr
0 STEP
0 NOFILE
0 FILE 01-foot.ldr
0 
0 Name: 01-foot.ldr
0 Author: Nathanel Titane // nathanel.titane@gmail.com // All Rights Reserved
1 72 0 56 10 1 0 0 0 1 0 0 0 1 3023.dat
1 0 0 56 -20 1 0 0 0 1 0 0 0 1 3003.dat
1 0 0 64 -20 1 0 0 0 1 0 0 0 1 4871.dat
1 72 0 56 -50 1 0 0 0 1 0 0 0 1 3023.dat
0 STEP
1 72 -10 32 0 0 0 1 0 1 0 -1 0 0 32000.dat
1 72 10 32 0 0 0 1 0 1 0 -1 0 0 32000.dat
1 0 0 42 10 1 0 0 0 1 0 0 0 1 2780.dat
0 STEP
1 0 0 32 -50 -1 0 0 0 1 0 0 0 -1 3039.dat
1 0 0 32 -50 1 0 0 0 1 0 0 0 1 85984.dat
0 STEP
1 72 -10 24 0 0 0 1 0 1 0 -1 0 0 44301a.dat
1 72 10 24 0 0 0 1 0 1 0 -1 0 0 44301a.dat
0 STEP
1 72 0 0 0 0 0 -1 0 1 0 1 0 0 92013.dat
1 72 0 -24 0 1 0 0 0 1 0 0 0 1 3043.dat
0 STEP
1 72 -10 16 -30.0003 -1 0 0 0 0 -1 0 -1 0 30553.dat
1 1 -10 -4 -30.0008 0 0 -1 1 0 0 0 -1 0 43093.dat
1 72 10 16 -30.0003 -1 0 0 0 0 -1 0 -1 0 30553.dat
1 1 10 -4 -30.0008 0 0 -1 1 0 0 0 -1 0 43093.dat
0 STEP
1 0 0 -30 -30 -1 0 0 0 1 0 0 0 -1 3660.dat
1 15 0 -78 -30 -1 0 0 0 1 0 0 0 -1 3678b.dat
0 STEP
1 0 0 -126 -50 -1 0 0 0 1 0 0 0 -1 3678b.dat
1 0 0 -126 -50 -1 0 0 0 1 0 0 0 -1 85984.dat
0 STEP
1 0 10 -76 -50 0 0 1 -1 0 0 0 -1 0 2780.dat
1 0 -10 -76 -50 0 0 1 -1 0 0 0 -1 0 2780.dat
0 STEP
1 0 0 -26 -50 1 0 0 0 -1 0 0 0 -1 3245b.dat
1 0 0 -26 -50 -1 0 0 0 -1 0 0 0 1 85984.dat
0 STEP
1 15 -30 49.0712 -17.0708 0 0 1 0.707088 -0.707125 0 0.707125 0.707088 0 47905.dat
1 15 30 49.0712 -17.0708 0 0 1 0.707088 -0.707125 0 0.707125 0.707088 0 47905.dat
0 STEP
1 15 -30 34.9306 -31.2122 -1 0 0 0 -0.707125 0.707088 0 0.707088 0.707125 6541.dat
1 15 -30 80.1843 -19.899 -1 0 0 0 -0.707125 0.707088 0 0.707088 0.707125 4286.dat
1 15 30 34.9306 -31.2122 -1 0 0 0 -0.707125 0.707088 0 0.707088 0.707125 6541.dat
1 15 30 80.1843 -19.899 -1 0 0 0 -0.707125 0.707088 0 0.707088 0.707125 4286.dat
1 15 -30 63.2142 -2.9271 0 0 1 0.707088 -0.707125 0 0.707125 0.707088 0 87087.dat
1 15 30 63.2141 -2.9272 0 0 -1 -0.707088 -0.707125 0 -0.707125 0.707088 0 87087.dat
0 STEP
1 15 -30 94.3259 -5.7566 1 0 0 0 -0.707125 -0.707088 0 0.707088 -0.707125 3665.dat
1 15 -30 99.9831 -11.4135 0 0 1 0.707088 -0.707125 0 0.707125 0.707088 0 63864.dat
1 15 30 94.3259 -5.7566 1 0 0 0 -0.707125 -0.707088 0 0.707088 -0.707125 3665.dat
1 15 30 99.9831 -11.4135 0 0 1 0.707088 -0.707125 0 0.707125 0.707088 0 63864.dat
0 STEP
1 15 -30 32.1007 -0.1003 1 0 0 0 -0.707125 -0.707088 0 0.707088 -0.707125 4287.dat
1 15 -30 17.9581 -14.2436 -1 0 0 0 -0.707125 0.707088 0 0.707088 0.707125 3040.dat
1 15 -30 77.3545 11.2139 1 0 0 0 -0.707125 -0.707088 0 0.707088 -0.707125 6541.dat
1 15 30 32.1007 -0.1003 1 0 0 0 -0.707125 -0.707088 0 0.707088 -0.707125 4287.dat
1 15 30 17.9581 -14.2436 -1 0 0 0 -0.707125 0.707088 0 0.707088 0.707125 3040.dat
1 15 30 77.3545 11.2139 1 0 0 0 -0.707125 -0.707088 0 0.707088 -0.707125 6541.dat
0 STEP
1 15 -30 0.9876 2.7259 1 0 0 0 -0.707125 -0.707088 0 0.707088 -0.707125 3665.dat
1 15 -30 -13.154 -11.4165 1 0 0 0 -0.707125 -0.707088 0 0.707088 -0.707125 3005.dat
1 15 30 0.9876 2.7259 1 0 0 0 -0.707125 -0.707088 0 0.707088 -0.707125 3665.dat
1 15 30 -13.154 -11.4165 1 0 0 0 -0.707125 -0.707088 0 0.707088 -0.707125 3005.dat
0 STEP
1 15 0 -23.0546 12.6263 0 0 1 0.707088 -0.707125 0 0.707125 0.707088 0 4871.dat
1 15 0 -28.7118 18.2822 1 0 0 0 -0.707125 -0.707088 0 0.707088 -0.707125 3068b.dat
0 STEP
1 15 30 77.3541 25.357 1 0 0 0 0.707088 -0.707125 0 0.707125 0.707088 3040.dat
1 15 -30 77.3541 25.357 1 0 0 0 0.707088 -0.707125 0 0.707125 0.707088 3040.dat
1 15 0 101.3958 35.2566 0 0 1 0.707125 0.707088 0 -0.707088 0.707125 0 4871.dat
1 15 0 107.0517 40.9137 0 0 1 0.707125 0.707088 0 -0.707088 0.707125 0 3068b.dat
0 STEP
1 15 -48 41.9996 4.142 0 1 0 0.707125 0 -0.707088 -0.707088 0 -0.707125 41769.dat
1 15 -56 41.9999 -10 0 1 0 0.707088 0 0.707125 0.707125 0 -0.707088 63864.dat
1 15 -40 77.3543 25.3563 0 1 0 0.707125 0 -0.707088 -0.707088 0 -0.707125 11477.dat
1 15 48 41.9996 4.142 0 -1 0 -0.707125 0 -0.707088 0.707088 0 -0.707125 41770.dat
1 15 56 41.9999 -10 0 -1 0 -0.707088 0 0.707125 -0.707125 0 -0.707088 63864.dat
1 15 40 77.3543 25.3563 0 -1 0 -0.707125 0 -0.707088 0.707088 0 -0.707125 11477.dat
0 STEP
1 72 -30 20.7885 -31.2126 0 0 -1 0.707125 -0.707088 0 -0.707088 -0.707125 0 4073.dat
1 72 30 20.7885 -31.2126 0 0 -1 0.707125 -0.707088 0 -0.707088 -0.707125 0 4073.dat
0 NOFILE
0 FILE 02-01-shin.ldr
0 
0 Name: 02-01-shin.ldr
0 Author: Nathanel Titane // nathanel.titane@gmail.com // All Rights Reserved
1 72 0 24 90 0 0 1 0 1 0 -1 0 0 3832.dat
1 72 10 16 110 0 0 1 0 1 0 -1 0 0 3666.dat
1 0 -10 16 110 0 0 1 0 1 0 -1 0 0 3023.dat
0 STEP
1 71 0 32 160 1 0 0 0 1 0 0 0 1 3938.dat
1 72 0 32 180 1 0 0 0 1 0 0 0 1 3023.dat
1 71 0 40 180 1 0 0 0 1 0 0 0 1 3938.dat
0 STEP
1 15 -10 32 120 -1 0 0 0 1 0 0 0 -1 2341.dat
1 15 10 32 120 -1 0 0 0 1 0 0 0 -1 2341.dat
0 STEP
1 72 0 34.929 167.071 1 0 0 0 0.707107 0.707107 0 -0.707107 0.707107 3937.dat
1 72 0 42.929 187.071 1 0 0 0 0.707107 0.707107 0 -0.707107 0.707107 3937.dat
1 72 0 59.899 170.101 -1 0 0 0 0.707107 -0.707107 0 -0.707107 -0.707107 32028.dat
0 STEP
1 72 -10 51.8991 150.1009 -1 0 0 0 0.707107 -0.707107 0 -0.707107 -0.707107 3665.dat
1 72 10 51.8991 150.1009 -1 0 0 0 0.707107 -0.707107 0 -0.707107 -0.707107 3665.dat
0 STEP
1 15 -10 32 20 1 0 0 0 1 0 0 0 1 3665.dat
1 15 10 32 40 -1 0 0 0 1 0 0 0 -1 4287.dat
1 15 10 32 20 1 0 0 0 1 0 0 0 1 3665.dat
1 15 -10 32 40 -1 0 0 0 1 0 0 0 -1 4287.dat
0 STEP
1 72 -10 0 160 1 0 0 0 1 0 0 0 1 3040.dat
1 72 -10 0 60 -1 0 0 0 1 0 0 0 -1 3040.dat
1 71 -10 -8 100 1 0 0 0 1 0 0 0 1 3665.dat
1 71 -10 -8 120 -1 0 0 0 1 0 0 0 -1 3665.dat
0 STEP
1 0 10 -8 150 0 0 -1 0 1 0 1 0 0 11211.dat
1 0 10 -8 110 0 0 -1 0 1 0 1 0 0 11211.dat
1 0 10 -8 70 0 0 -1 0 1 0 1 0 0 11211.dat
0 STEP
1 72 0 0 0 1 0 0 0 1 0 0 0 1 32064.dat
1 72 0 0 20 1 0 0 0 1 0 0 0 1 32064.dat
1 72 0 0 40 1 0 0 0 1 0 0 0 1 32064.dat
1 72 0 0 180 1 0 0 0 1 0 0 0 1 32000.dat
0 STEP
1 72 -10 -8 180 0 0 1 0 1 0 -1 0 0 2420.dat
1 72 0 -8 10 0 0 -1 0 1 0 1 0 0 3022.dat
1 72 -10 -8 40 1 0 0 0 1 0 0 0 1 2420.dat
0 STEP
1 72 0 0 200 1 0 0 0 1 0 0 0 1 32000.dat
1 0 -10 10 190 0 0 1 0 1 0 -1 0 0 2780.dat
1 0 10 10 190 0 0 1 0 1 0 -1 0 0 2780.dat
0 STEP
1 72 0 32 210 -1 0 0 0 1 0 0 0 -1 3003.dat
1 72 -10 56 200 -1 0 0 0 1 0 0 0 -1 3665.dat
1 72 10 56 200 -1 0 0 0 1 0 0 0 -1 3665.dat
1 72 -9.9987 24 210 0 0 1 0 1 0 -1 0 0 99207.dat
1 72 10.0013 24 209.9973 0 0 1 0 1 0 -1 0 0 3023.dat
0 STEP
1 72 0 0 220 -1 0 0 0 1 0 0 0 -1 85943.dat
1 72 0 -8 210 -1 0 0 0 1 0 0 0 -1 3068b.dat
0 STEP
1 0 0 10 250 0 1 0 1 0 0 0 0 -1 53585.dat
1 0 0 10 250 -1 0 0 0 1 0 0 0 -1 32062.dat
0 STEP
1 0 0 10 -20 1 0 0 0 0 -1 0 1 0 32474.dat
1 0 0 10 10 0 0 -1 0 1 0 1 0 0 3705.dat
0 STEP
1 15 0 -32 180 -1 0 0 0 1 0 0 0 -1 3937.dat
1 71 0 -32 180 -1 0 0 0 1 0 0 0 -1 3938.dat
1 15 0 -32 180 -1 0 0 0 1 0 0 0 -1 85984.dat
0 STEP
1 15 0 -32 160 1 0 0 0 1 0 0 0 1 30363.dat
1 15 0 -32 160 1 0 0 0 1 0 0 0 1 85984.dat
0 STEP
1 15 0 -8 0 1 0 0 0 1 0 0 0 1 85984.dat
1 15 0 -32 20 -1 0 0 0 1 0 0 0 -1 30363.dat
1 15 10 -32 20 0 0 -1 0 1 0 1 0 0 54200.dat
1 15 -10 -32 20 0 0 1 0 1 0 -1 0 0 54200.dat
0 STEP
1 0 -38 12 230 0 1 0 -1 0 0 0 0 1 2780.dat
1 72 -32 12 190 0 1 0 -1 0 0 0 0 1 98285.dat
1 297 -40 2 180 0 1 0 0 0 -1 -1 0 0 63864.dat
1 297 -40 22 180 0 1 0 0 0 -1 -1 0 0 63864.dat
0 STEP
1 72 -48 12 190 0 1 0 -1 0 0 0 0 1 98286.dat
1 72 -64 12 180 0 1 0 0 0 -1 -1 0 0 3021.dat
1 72 -56 12 180 0 1 0 0 0 -1 -1 0 0 3021.dat
0 STEP
1 0 -48 12 110 0 1 0 -1 0 0 0 0 1 43719.dat
1 0 -40 12 110 0 1 0 -1 0 0 0 0 1 43719.dat
1 72 -56 22 140 0 1 0 -1 0 0 0 0 1 3005.dat
1 72 -56 2 140 0 1 0 -1 0 0 0 0 1 3005.dat
1 0 -72 12 190 0 1 0 -1 0 0 0 0 1 43712.dat
0 STEP
1 0 -72 12 220 0 1 0 1 0 0 0 0 -1 47759.dat
1 0 -48 42 180 0 1 0 1 0 0 0 0 -1 4287.dat
1 0 -48 -18 180 0 1 0 1 0 0 0 0 -1 4287.dat
0 STEP
1 0 -80 12 180 0 1 0 -1 0 0 0 0 1 48336.dat
1 0 -96 12 200 0 1 0 1 0 0 0 0 -1 24309.dat
0 STEP
1 297 -32 12 130 0 1 0 0 0 -1 -1 0 0 11203.dat
1 297 -32 12 90 0 1 0 0 0 -1 -1 0 0 11203.dat
1 297 -32 12 50 0 1 0 0 0 -1 -1 0 0 11203.dat
1 297 -32 12 10 0 1 0 0 0 -1 -1 0 0 11203.dat
1 0 -40 12 50 0 1 0 0 0 -1 -1 0 0 3020.dat
0 STEP
1 0 -48 12 50 0 1 0 0 0 -1 -1 0 0 87079.dat
1 0 -32 11.9997 0 0 1 0 -1 0 0 0 0 1 85984.dat
0 STEP
1 71 -81.2078 12 148.7878 -0.258819 -0.965926 0 0 0 -1 0.965926 -0.258819 0 92280.dat
1 71 -81.17 12 117.74 0 -0.965926 0.258819 -1 0 0 0 -0.258819 -0.965926 4287.dat
1 71 -83.7588 12 127.3989 0 -0.965926 -0.258819 1 0 0 0 -0.258819 0.965926 11477.dat
0 STEP
1 15 28 12 110 0 -1 0 0 0 1 -1 0 0 3068b.dat
1 71 28 12 70 0 -1 0 -1 0 0 0 0 -1 48183.dat
1 15 28 11.9979 150 0 -1 0 1 0 0 0 0 1 48183.dat
0 STEP
1 15 60 11.9979 210.0001 0 -1 0 0 0 1 -1 0 0 3068b.dat
1 15 52 11.9979 200.0001 0 -1 0 1 0 0 0 0 1 6069.dat
1 15 52 11.9979 220.0001 0 -1 0 -1 0 0 0 0 -1 47759.dat
1 72 28 11.9963 240.0001 0 -1 0 -1 0 0 0 0 -1 32028.dat
1 72 36 11.9963 240.0001 0 -1 0 -1 0 0 0 0 -1 32028.dat
1 4 28 -18.0021 210.0001 0 -1 0 0 0 1 -1 0 0 3023.dat
1 72 28 41.9979 210.0017 0 -1 0 0 0 -1 1 0 0 32028.dat
0 STEP
1 15 52 12 20 0 -1 0 -1 0 0 0 0 -1 6069.dat
1 71 28 2 19.9999 0 -1 0 -1 0 0 0 0 -1 2420.dat
1 71 28 32 9.9999 0 -1 0 1 0 0 0 0 1 26601.dat
0 STEP
1 15 60 12.0003 20.0003 0 -1 0 -1 0 0 0 0 -1 99563.dat
1 15 28 12.0008 0.0002 0 -1 0 1 0 0 0 0 1 85984.dat
0 STEP
1 0 0 10.6933 -61.2252 1 0 0 0 0.965927 -0.258815 0 0.258815 0.965927 01-foot.ldr
0 NOFILE
0 FILE 02-02-shin.ldr
0 
0 Name: 02-02-shin.ldr
0 Author: Nathanel Titane // nathanel.titane@gmail.com // All Rights Reserved
1 72 0 24 90 0 0 1 0 1 0 -1 0 0 3832.dat
1 72 -10 16 110 0 0 1 0 1 0 -1 0 0 3666.dat
1 0 10 16 110 0 0 1 0 1 0 -1 0 0 3023.dat
0 STEP
1 71 0 32 160 1 0 0 0 1 0 0 0 1 3938.dat
1 72 0 32 180 1 0 0 0 1 0 0 0 1 3023.dat
1 71 0 40 180 1 0 0 0 1 0 0 0 1 3938.dat
0 STEP
1 15 -10 32 120 -1 0 0 0 1 0 0 0 -1 2341.dat
1 15 10 32 120 -1 0 0 0 1 0 0 0 -1 2341.dat
0 STEP
1 72 0 34.929 167.071 1 0 0 0 0.707107 0.707107 0 -0.707107 0.707107 3937.dat
1 72 0 42.929 187.071 1 0 0 0 0.707107 0.707107 0 -0.707107 0.707107 3937.dat
1 72 0 59.899 170.101 -1 0 0 0 0.707107 -0.707107 0 -0.707107 -0.707107 32028.dat
0 STEP
1 72 -10 51.8991 150.1009 -1 0 0 0 0.707107 -0.707107 0 -0.707107 -0.707107 3665.dat
1 72 10 51.8991 150.1009 -1 0 0 0 0.707107 -0.707107 0 -0.707107 -0.707107 3665.dat
0 STEP
1 15 -10 32 20 1 0 0 0 1 0 0 0 1 3665.dat
1 15 10 32 40 -1 0 0 0 1 0 0 0 -1 4287.dat
1 15 10 32 20 1 0 0 0 1 0 0 0 1 3665.dat
1 15 -10 32 40 -1 0 0 0 1 0 0 0 -1 4287.dat
0 STEP
1 72 10 0 160 1 0 0 0 1 0 0 0 1 3040.dat
1 72 10 0 60 -1 0 0 0 1 0 0 0 -1 3040.dat
1 71 10 -8 100 1 0 0 0 1 0 0 0 1 3665.dat
1 71 10 -8 120 -1 0 0 0 1 0 0 0 -1 3665.dat
0 STEP
1 0 -10 -8 150 0 0 1 0 1 0 -1 0 0 11211.dat
1 0 -10 -8 110 0 0 1 0 1 0 -1 0 0 11211.dat
1 0 -10 -8 70 0 0 1 0 1 0 -1 0 0 11211.dat
0 STEP
1 72 0 0 0 1 0 0 0 1 0 0 0 1 32064.dat
1 72 0 0 20 1 0 0 0 1 0 0 0 1 32064.dat
1 72 0 0 40 1 0 0 0 1 0 0 0 1 32064.dat
1 72 0 0 180 1 0 0 0 1 0 0 0 1 32000.dat
0 STEP
1 72 -10 -8 180 0 0 1 0 1 0 -1 0 0 2420.dat
1 72 0 -8 10 0 0 -1 0 1 0 1 0 0 3022.dat
1 72 -10 -8 40 1 0 0 0 1 0 0 0 1 2420.dat
0 STEP
1 72 0 0 200 1 0 0 0 1 0 0 0 1 32000.dat
1 0 -10 10 190 0 0 1 0 1 0 -1 0 0 2780.dat
1 0 10 10 190 0 0 1 0 1 0 -1 0 0 2780.dat
0 STEP
1 72 0 32 210 1 0 0 0 1 0 0 0 1 3003.dat
1 72 -10 56 200 -1 0 0 0 1 0 0 0 -1 3665.dat
1 72 10 56 200 -1 0 0 0 1 0 0 0 -1 3665.dat
1 72 9.9987 24 210 0 0 -1 0 1 0 1 0 0 99207.dat
1 72 -10.0013 24 210.0027 0 0 -1 0 1 0 1 0 0 3023.dat
0 STEP
1 72 0 0 220 -1 0 0 0 1 0 0 0 -1 85943.dat
1 72 0 -8 210 -1 0 0 0 1 0 0 0 -1 3068b.dat
0 STEP
1 0 0 10 250 0 1 0 1 0 0 0 0 -1 53585.dat
1 0 0 10 250 -1 0 0 0 1 0 0 0 -1 32062.dat
0 STEP
1 0 0 10 -20 1 0 0 0 0 -1 0 1 0 32474.dat
1 0 0 10 10 0 0 -1 0 1 0 1 0 0 3705.dat
0 STEP
1 15 0 -32 180 -1 0 0 0 1 0 0 0 -1 3937.dat
1 71 0 -32 180 -1 0 0 0 1 0 0 0 -1 3938.dat
1 15 0 -32 180 -1 0 0 0 1 0 0 0 -1 85984.dat
0 STEP
1 15 0 -32 160 1 0 0 0 1 0 0 0 1 30363.dat
1 15 0 -32 160 1 0 0 0 1 0 0 0 1 85984.dat
0 STEP
1 15 0 -8 0 1 0 0 0 1 0 0 0 1 85984.dat
1 15 0 -32 20 -1 0 0 0 1 0 0 0 -1 30363.dat
1 15 10 -32 20 0 0 -1 0 1 0 1 0 0 54200.dat
1 15 -10 -32 20 0 0 1 0 1 0 -1 0 0 54200.dat
0 STEP
1 15 -28 12 110 0 1 0 0 0 1 1 0 0 3068b.dat
1 71 -28 12 70 0 1 0 1 0 0 0 0 -1 48183.dat
1 15 -28 12.0021 150 0 1 0 -1 0 0 0 0 1 48183.dat
0 STEP
1 15 -60 12.0021 210.0002 0 1 0 0 0 -1 -1 0 0 3068b.dat
1 15 -52 12.0021 200.0002 0 1 0 -1 0 0 0 0 1 6069.dat
1 15 -52 12.0021 220.0002 0 1 0 1 0 0 0 0 -1 47759.dat
1 72 -28 12.0037 240.0002 0 1 0 1 0 0 0 0 -1 32028.dat
1 72 -36 12.0037 240.0002 0 1 0 1 0 0 0 0 -1 32028.dat
1 4 -28 42.0021 210.0002 0 1 0 0 0 -1 -1 0 0 3023.dat
1 72 -28 -17.9979 210.0018 0 1 0 0 0 1 1 0 0 32028.dat
0 STEP
1 15 -52 12 19.9999 0 1 0 1 0 0 0 0 -1 6069.dat
1 71 -28 2 19.9999 0 1 0 0 0 -1 -1 0 0 2420.dat
1 71 -28 32 9.9998 0 1 0 0 0 -1 -1 0 0 26601.dat
0 STEP
1 15 -60 11.9997 20.0003 0 1 0 1 0 0 0 0 -1 99563.dat
1 15 -28 11.9992 0.0001 0 1 0 -1 0 0 0 0 1 85984.dat
0 STEP
1 0 38 12 230.0001 0 -1 0 1 0 0 0 0 1 2780.dat
1 72 32 12 190.0001 0 -1 0 1 0 0 0 0 1 98285.dat
1 297 40 22 180.0001 0 -1 0 0 0 1 -1 0 0 63864.dat
1 297 40 2 180 0 -1 0 0 0 1 -1 0 0 63864.dat
0 STEP
1 72 48 12 190.0001 0 -1 0 1 0 0 0 0 1 98286.dat
1 72 64 12 180 0 -1 0 0 0 1 -1 0 0 3021.dat
1 72 56 12 180 0 -1 0 0 0 1 -1 0 0 3021.dat
0 STEP
1 0 48 12 110 0 -1 0 1 0 0 0 0 1 43719.dat
1 0 40 12 110 0 -1 0 1 0 0 0 0 1 43719.dat
1 72 56 2 140 0 -1 0 1 0 0 0 0 1 3005.dat
1 72 56 22 140 0 -1 0 1 0 0 0 0 1 3005.dat
1 0 72 12 190.0001 0 -1 0 1 0 0 0 0 1 43712.dat
0 STEP
1 0 72 12 220.0001 0 -1 0 -1 0 0 0 0 -1 47759.dat
1 0 48 -18 180.0001 0 -1 0 -1 0 0 0 0 -1 4287.dat
1 0 48 42 180.0001 0 -1 0 -1 0 0 0 0 -1 4287.dat
0 STEP
1 0 80 12 180 0 -1 0 1 0 0 0 0 1 48336.dat
1 0 96 12 200.0001 0 -1 0 -1 0 0 0 0 -1 24309.dat
0 STEP
1 297 32 12 130 0 -1 0 0 0 1 -1 0 0 11203.dat
1 297 32 12 90 0 -1 0 0 0 1 -1 0 0 11203.dat
1 297 32 12 50 0 -1 0 0 0 1 -1 0 0 11203.dat
1 297 32 12 9.9999 0 -1 0 0 0 1 -1 0 0 11203.dat
1 0 40 12 49.9999 0 -1 0 0 0 1 -1 0 0 3020.dat
0 STEP
1 0 48 12 50 0 -1 0 0 0 1 -1 0 0 87079.dat
1 0 32 12.0003 -0.0001 0 -1 0 1 0 0 0 0 1 85984.dat
0 STEP
1 71 81.2079 12 148.7878 0.258819 0.965926 0 0 0 1 0.965926 -0.258819 0 92280.dat
1 71 81.1701 12 117.74 0 0.965926 -0.258819 1 0 0 0 -0.258819 -0.965926 4287.dat
1 71 83.7589 12 127.3989 0 0.965926 0.258819 -1 0 0 0 -0.258819 0.965926 11477.dat
0 STEP
1 0 0 10.6933 -61.2252 1 0 0 0 0.965927 -0.258815 0 0.258815 0.965927 01-foot.ldr
0 STEP
0 STEP
0 STEP
0 STEP
0 NOFILE
0 FILE 04-01-foreleg.ldr
0 
0 Name: 04-01-foreleg.ldr
0 Author: Nathanel Titane // nathanel.titane@gmail.com // All Rights Reserved
1 15 0 24 10 0 0 -1 0 1 0 1 0 0 3020.dat
1 15 -10 24 0 1 0 0 0 1 0 0 0 1 13547.dat
1 15 10 24 0 1 0 0 0 1 0 0 0 1 13547.dat
1 71 0 40 0 1 0 0 0 1 0 0 0 1 3023.dat
0 STEP
1 71 0 24 60 1 0 0 0 1 0 0 0 1 3023.dat
1 15 -10 32 20 -1 0 0 0 1 0 0 0 -1 4287.dat
1 15 10 32 20 -1 0 0 0 1 0 0 0 -1 4287.dat
1 72 -10 48 0 1 0 0 0 1 0 0 0 1 3024.dat
1 72 10 48 0 1 0 0 0 1 0 0 0 1 3024.dat
0 STEP
1 72 0 0 50 0 0 -1 0 1 0 1 0 0 48170.dat
1 72 0 0 0 0 0 -1 0 1 0 1 0 0 3002.dat
1 72 0 0 -40 -1 0 0 0 1 0 0 0 -1 32064.dat
1 72 0 0 -60 -1 0 0 0 1 0 0 0 -1 32064.dat
0 STEP
1 15 0 -24 0 -1 0 0 0 1 0 0 0 -1 30363.dat
1 15 0 -24 -20 1 0 0 0 1 0 0 0 1 3298.dat
1 15 -10 -24 -10 0 0 1 0 1 0 -1 0 0 85984.dat
1 15 10 -24 -10 0 0 -1 0 1 0 1 0 0 85984.dat
0 STEP
1 0 0 10 -90 0 -1 0 0 0 -1 1 0 0 32174.dat
1 0 0 10 -60 0 0 -1 0 1 0 1 0 0 4519.dat
0 STEP
1 72 0 -20 -120 -1 0 0 0 1 0 0 0 -1 85943.dat
1 0 0 -10 -90 1 0 0 0 0 -1 0 1 0 32062.dat
1 0 0 -10 -130 0 0 -1 0 1 0 1 0 0 2780.dat
0 STEP
1 72 0 -20 -140 1 0 0 0 1 0 0 0 1 3700.dat
1 72 0 4 -130 1 0 0 0 1 0 0 0 1 11203.dat
0 STEP
1 15 -10 -28 -130 1 0 0 0 1 0 0 0 1 92946.dat
1 15 10 -28 -130 1 0 0 0 1 0 0 0 1 92946.dat
1 72 -10 -36 -120 0 0 1 0 1 0 -1 0 0 2555.dat
1 72 10 -36 -120 0 0 1 0 1 0 -1 0 0 2555.dat
0 STEP
1 71 -9.9999 -51.6964 -91.5398 0 0 1 0.258815 0.965927 0 -0.965927 0.258815 0 60478.dat
1 71 10.0001 -51.6964 -91.5398 0 0 1 0.258815 0.965927 0 -0.965927 0.258815 0 60478.dat
1 15 0.0003 -51.6963 -91.5398 1 0 0 0 0.965927 -0.258815 0 0.258815 0.965927 15068.dat
1 15 0.0003 -62.0489 -52.9027 -1 0 0 0 0.965927 0.258815 0 0.258815 -0.965927 15068.dat
1 15 -9.9997 -59.4607 -62.562 -1 0 0 0 0.965927 0.258815 0 0.258815 -0.965927 3665.dat
1 15 10.0003 -59.4607 -62.562 -1 0 0 0 0.965927 0.258815 0 0.258815 -0.965927 3665.dat
1 15 0.0005 -64.6001 -74.2918 1 0 0 0 0.965927 -0.258815 0 0.258815 0.965927 3022.dat
1 72 -9.9998 -43.9689 -89.4692 0 0 1 0.258815 0.965927 0 -0.965927 0.258815 0 44728.dat
1 72 10.0002 -43.9689 -89.4694 0 0 -1 -0.258815 0.965927 0 0.965927 0.258815 0 44728.dat
0 STEP
1 15 32.0005 -24.6495 -84.2945 0 -1 0 -0.258815 0 -0.965927 0.965927 0 -0.258815 51739.dat
1 15 32.0008 -14.9901 -81.7066 0 -1 0 -0.258815 0 -0.965927 0.965927 0 -0.258815 85984.dat
1 15 32.0003 -34.3088 -86.8824 0 -1 0 0.258866 0 0.965913 -0.965913 0 0.258866 85984.dat
1 15 -31.9995 -24.6457 -84.3019 0 1 0 0.258815 0 -0.965927 -0.965927 0 -0.258815 51739.dat
1 15 -31.9992 -14.9865 -81.7135 0 1 0 0.258815 0 -0.965927 -0.965927 0 -0.258815 85984.dat
1 15 -31.9997 -34.3049 -86.8903 0 1 0 -0.258764 0 0.965941 0.965941 0 0.258764 85984.dat
0 STEP
1 0 0 20 -340 1 0 0 0 1 0 0 0 1 02-01-shin.ldr
0 NOFILE
0 FILE 04-02-foreleg.ldr
0 
0 Name: 04-02-foreleg.ldr
0 Author: Nathanel Titane // nathanel.titane@gmail.com // All Rights Reserved
1 15 0 24 10 0 0 -1 0 1 0 1 0 0 3020.dat
1 15 -10 24 0 1 0 0 0 1 0 0 0 1 13547.dat
1 15 10 24 0 1 0 0 0 1 0 0 0 1 13547.dat
1 71 0 40 0 1 0 0 0 1 0 0 0 1 3023.dat
0 STEP
1 71 0 24 60 1 0 0 0 1 0 0 0 1 3023.dat
1 15 -10 32 20 -1 0 0 0 1 0 0 0 -1 4287.dat
1 15 10 32 20 -1 0 0 0 1 0 0 0 -1 4287.dat
1 72 -10 48 0 1 0 0 0 1 0 0 0 1 3024.dat
1 72 10 48 0 1 0 0 0 1 0 0 0 1 3024.dat
0 STEP
1 72 0 0 50 0 0 -1 0 1 0 1 0 0 48170.dat
1 72 0 0 0 0 0 -1 0 1 0 1 0 0 3002.dat
1 72 0 0 -40 -1 0 0 0 1 0 0 0 -1 32064.dat
1 72 0 0 -60 -1 0 0 0 1 0 0 0 -1 32064.dat
0 STEP
1 15 0 -24 0 -1 0 0 0 1 0 0 0 -1 30363.dat
1 15 0 -24 -20 1 0 0 0 1 0 0 0 1 3298.dat
1 15 -10 -24 -10 0 0 1 0 1 0 -1 0 0 85984.dat
1 15 10 -24 -10 0 0 -1 0 1 0 1 0 0 85984.dat
0 STEP
1 0 0 10 -90 0 -1 0 0 0 -1 1 0 0 32174.dat
1 0 0 10 -60 0 0 -1 0 1 0 1 0 0 4519.dat
0 STEP
1 72 0 -20 -120 -1 0 0 0 1 0 0 0 -1 85943.dat
1 0 0 -10 -90 1 0 0 0 0 -1 0 1 0 32062.dat
1 0 0 -10 -130 0 0 -1 0 1 0 1 0 0 2780.dat
0 STEP
1 72 0 -20 -140 1 0 0 0 1 0 0 0 1 3700.dat
1 72 0 4 -130 1 0 0 0 1 0 0 0 1 11203.dat
0 STEP
1 15 -10 -28 -130 1 0 0 0 1 0 0 0 1 92946.dat
1 15 10 -28 -130 1 0 0 0 1 0 0 0 1 92946.dat
1 72 -10 -36 -120 0 0 1 0 1 0 -1 0 0 2555.dat
1 72 10 -36 -120 0 0 1 0 1 0 -1 0 0 2555.dat
0 STEP
1 71 -9.9999 -51.6964 -91.5398 0 0 1 0.258815 0.965927 0 -0.965927 0.258815 0 60478.dat
1 71 10.0001 -51.6964 -91.5398 0 0 1 0.258815 0.965927 0 -0.965927 0.258815 0 60478.dat
1 15 0.0003 -51.6963 -91.5398 1 0 0 0 0.965927 -0.258815 0 0.258815 0.965927 15068.dat
1 15 0.0003 -62.0489 -52.9027 -1 0 0 0 0.965927 0.258815 0 0.258815 -0.965927 15068.dat
1 15 -9.9997 -59.4607 -62.562 -1 0 0 0 0.965927 0.258815 0 0.258815 -0.965927 3665.dat
1 15 10.0003 -59.4607 -62.562 -1 0 0 0 0.965927 0.258815 0 0.258815 -0.965927 3665.dat
1 15 0.0005 -64.6001 -74.2918 1 0 0 0 0.965927 -0.258815 0 0.258815 0.965927 3022.dat
1 72 -9.9998 -43.9689 -89.4692 0 0 1 0.258815 0.965927 0 -0.965927 0.258815 0 44728.dat
1 72 10.0002 -43.9689 -89.4694 0 0 -1 -0.258815 0.965927 0 0.965927 0.258815 0 44728.dat
0 STEP
1 15 32.0005 -24.6495 -84.2945 0 -1 0 -0.258815 0 -0.965927 0.965927 0 -0.258815 51739.dat
1 15 32.0008 -14.9901 -81.7066 0 -1 0 -0.258815 0 -0.965927 0.965927 0 -0.258815 85984.dat
1 15 32.0003 -34.3088 -86.8824 0 -1 0 0.258866 0 0.965913 -0.965913 0 0.258866 85984.dat
1 15 -31.9995 -24.6457 -84.3019 0 1 0 0.258815 0 -0.965927 -0.965927 0 -0.258815 51739.dat
1 15 -31.9992 -14.9865 -81.7135 0 1 0 0.258815 0 -0.965927 -0.965927 0 -0.258815 85984.dat
1 15 -31.9997 -34.3049 -86.8903 0 1 0 -0.258764 0 0.965941 0.965941 0 0.258764 85984.dat
0 STEP
1 0 0 20 -340 1 0 0 0 1 0 0 0 1 02-02-shin.ldr
0 NOFILE
0 FILE 05-waist.ldr
0 
0 Name: 05-waist.ldr
0 Author: Nathanel Titane // nathanel.titane@gmail.com // All Rights Reserved
1 71 0 56 59.9984 -1 0 0 0 1 0 0 0 -1 6134.dat
0 STEP
1 15 -10 32 50 0 0 1 0 1 0 -1 0 0 32000.dat
1 15 10 32 50 0 0 1 0 1 0 -1 0 0 32000.dat
1 0 20 42 59.9995 -1 0 0 0 1 0 0 0 -1 2780.dat
1 0 -20 42 59.9995 -1 0 0 0 1 0 0 0 -1 2780.dat
0 STEP
1 15 0 24 30 0 0 1 0 1 0 -1 0 0 3020.dat
1 15 -10 32 20 1 0 0 0 1 0 0 0 1 3665.dat
1 15 10 32 20 1 0 0 0 1 0 0 0 1 3665.dat
0 STEP
1 71 -0.0001 60.9998 68.6602 1 0 0 0 0.500015 0.866017 0 -0.866017 0.500015 3937.dat
1 71 0.0002 73.0002 47.8758 -1 0 0 -0.00015 0.500015 -0.866017 0 -0.866017 -0.500015 3004.dat
0 STEP
1 0 -20.0004 95.0003 9.7707 0 1 0 -0.866017 0 -0.500015 -0.500015 0 0.866017 4595.dat
1 0 20.0019 95.0021 9.7724 0 -1 0 0.866017 0 -0.500015 0.500015 0 0.866017 4595.dat
0 STEP
1 15 -68.0003 89.9947 18.4285 0 1 0 -0.866069 0 -0.499924 -0.499924 0 0.866069 60477.dat
1 15 -44.0007 104.9949 -7.5526 0 1 0 0.499993 0.00014 -0.86603 -0.86603 0 -0.499993 3010.dat
0 STEP
1 15 12.0039 120.0035 -33.5285 0 -1 0 0.500038 0 0.866004 -0.866004 0 0.500038 3005.dat
1 71 -20.001 119.9981 -33.5318 0 1 0 0.499993 0.00014 -0.86603 -0.86603 0 -0.499993 3024.dat
0 STEP
1 15 68.0016 90.0002 18.4337 0 -1 0 0.865911 0 -0.500198 0.500198 0 0.865911 60477.dat
1 15 44.0027 105.0059 -7.5449 0 -1 0 0.500038 0 0.866004 -0.866004 0 0.500038 3010.dat
1 71 20.0039 120.004 -33.5278 0 -1 0 0.500038 0 0.866004 -0.866004 0 0.500038 3024.dat
0 STEP
1 15 -44 79.9953 35.7489 0 1 0 0.86599 0 0.500061 0.500061 0 -0.86599 3665.dat
1 15 44 80.0037 35.7524 0 -1 0 -0.865991 0 0.50006 -0.50006 0 -0.865991 3665.dat
1 15 68.0008 79.9953 35.7514 0 -1 0 -0.865885 0 0.500244 -0.500244 0 -0.865885 3040.dat
1 15 68.0011 85.0016 27.0948 0 -1 0 -0.500084 0 -0.865977 0.865977 0 -0.500084 85984.dat
1 15 -68 79.9972 35.7504 0 1 0 0.866095 0 0.499879 0.499879 0 -0.866095 3040.dat
1 15 -68.0012 84.9893 27.0857 0 1 0 0.499901 0.00014 -0.866083 -0.866083 0 -0.499901 85984.dat
0 STEP
1 15 0.0098 89.4112 -16.55 0 0 1 0.499993 0.86603 0 -0.86603 0.499993 0 87079.dat
0 STEP
1 0 -29.9995 42.0011 39.9995 0 -1 0 1 0 0 0 0 1 60483.dat
1 0 30.0005 42.0011 39.9995 0 -1 0 1 0 0 0 0 1 60483.dat
1 0 0 42 40 -1 0 0 0 1 0 0 0 -1 3706.dat
0 STEP
1 0 0 0 30.0003 -1 0 0 0 1 0 0 0 -1 48172.dat
1 0 0 0 60 1 0 0 0 1 0 0 0 1 3700.dat
1 0 0 0 0 1 0 0 0 1 0 0 0 1 32000.dat
0 STEP
1 72 -10 10 -10 1 0 0 0 0 1 0 -1 0 4073.dat
1 72 10 10 -10 1 0 0 0 0 1 0 -1 0 4073.dat
1 0 0 10 60 0 0 1 0 1 0 -1 0 0 6558.dat
0 STEP
1 0 -60 10 30 1 0 0 0 1 0 0 0 1 47455.dat
1 0 60 10 30 -1 0 0 0 1 0 0 0 -1 47455.dat
0 STEP
1 15 -0.0087 120.5907 1.4522 -1 0 0 0 -0.866004 -0.500038 0 -0.500038 0.866004 43719.dat
1 72 -0.0051 100.5892 36.0924 -1 0 0 0 -0.866004 -0.500038 0 -0.500038 0.866004 3022.dat
1 15 -10.0043 97.5155 57.4129 0 0 1 -0.500037 -0.866004 0 0.866004 -0.500037 0 48336.dat
1 15 9.9957 97.518 57.4116 0 0 -1 0.500037 -0.866004 0 -0.866004 -0.500037 0 48336.dat
1 72 -0.0023 85.5881 62.0725 1 0 0 0 -0.866003 0.500038 0 -0.500038 -0.866003 32028.dat
0 STEP
1 71 -0.0091 117.5182 22.7721 0 0 -1 0.500037 -0.866004 0 -0.866004 -0.500037 0 3022.dat
1 71 -0.0084 114.4451 44.0932 0 0 1 -0.500038 -0.866004 0 0.866004 -0.500038 0 87079.dat
1 71 -0.0118 125.591 -7.2076 -1 0 0 0 -0.866004 -0.500038 0 -0.500038 0.866004 85984.dat
0 STEP
1 15 0 -8 30 0 0 1 0 1 0 -1 0 0 3020.dat
1 15 -10 -32 50 0 0 1 0 1 0 -1 0 0 32000.dat
1 15 10 -32 50 0 0 1 0 1 0 -1 0 0 32000.dat
1 0 20 -22 59.9995 -1 0 0 0 1 0 0 0 -1 2780.dat
1 0 -20 -22 59.9995 -1 0 0 0 1 0 0 0 -1 2780.dat
0 STEP
1 0 30.0005 -21.9989 39.9995 0 -1 0 1 0 0 0 0 1 60483.dat
1 0 -29.9995 -21.9989 39.9995 0 -1 0 1 0 0 0 0 1 60483.dat
1 0 0 -22 40 -1 0 0 0 1 0 0 0 -1 3706.dat
0 STEP
1 0 -49.9995 42.0011 39.9995 1 0 0 0 0 -1 0 1 0 6536.dat
1 1 -49.9995 32.0011 59.9995 0 0 -1 -1 0 0 0 1 0 43093.dat
1 0 -49.9995 10.0011 59.9995 0 0 1 1 0 0 0 1 0 32174.dat
1 1 -49.9995 -11.9989 59.9995 0 0 -1 1 0 0 0 -1 0 43093.dat
1 0 -49.9995 -21.9989 39.9995 1 0 0 0 0 -1 0 1 0 6536.dat
0 STEP
1 0 50.0005 42.0011 39.9995 1 0 0 0 0 -1 0 1 0 6536.dat
1 1 50.0005 32.0011 59.9995 0 0 -1 -1 0 0 0 1 0 43093.dat
1 0 50.0005 10.0011 59.9995 0 0 -1 -1 0 0 0 1 0 32174.dat
1 1 50.0005 -11.9989 59.9995 0 0 -1 1 0 0 0 -1 0 43093.dat
1 0 50.0005 -21.9989 39.9995 1 0 0 0 0 -1 0 1 0 6536.dat
0 STEP
1 15 0 -32 20 1 0 0 0 1 0 0 0 1 3039.dat
1 15 -10 -56 50 0 0 -1 0 1 0 1 0 0 3700.dat
1 15 10 -56 50 0 0 -1 0 1 0 1 0 0 3700.dat
1 15 0 -56 20 1 0 0 0 1 0 0 0 1 32000.dat
0 STEP
1 0 -20 -46 49.9984 1 0 0 0 1 0 0 0 1 6628.dat
1 0 20 -46 49.9984 -1 0 0 0 1 0 0 0 -1 6628.dat
0 STEP
1 71 -0.001 -45.9997 10 1 0 0 0 0 1 0 -1 0 3039.dat
1 71 0 -55.9991 -14.0003 1 0 0 0 0 1 0 -1 0 3003.dat
1 71 10.0047 -65.9964 -38.0005 -1 0 0 0 0 -1 0 -1 0 3665.dat
1 71 -9.9974 -65.9995 -38.0005 -1 0 0 0 0 -1 0 -1 0 3665.dat
0 STEP
1 72 -10 -64 50 0 0 1 0 1 0 -1 0 0 99780.dat
1 72 10 -64 50 0 0 -1 0 1 0 1 0 0 99780.dat
1 15 0 -80 20 1 0 0 0 1 0 0 0 1 3660.dat
0 STEP
1 4 0 -88 50.0003 -1 0 0 0 1 0 0 0 -1 3003.dat
1 4 0.0003 -112 40.0003 -1 0 0 0 1 0 0 0 -1 3039.dat
0 STEP
1 15 0.0003 -88 10.0003 0 0 1 0 1 0 -1 0 0 3022.dat
1 72 0.0003 -88 -29.9997 0 0 1 0 1 0 -1 0 0 11203.dat
1 15 -0.0008 -112 19.9989 1 0 0 0 1 0 0 0 1 30363.dat
0 STEP
1 15 -9.9997 -112 30 0 0 1 0 1 0 -1 0 0 85984.dat
1 15 9.9997 -112 30 0 0 -1 0 1 0 1 0 0 85984.dat
0 STEP
1 0 -83.294 0 -56.933 0.965926 0 0.258819 0 1 0 -0.258819 0 0.965926 04-01-foreleg.ldr
0 STEP
1 0 83.294 0 -56.933 0.965926 0 -0.258819 0 1 0 0.258819 0 0.965926 04-02-foreleg.ldr
0 STEP
0 !LEOCAD PIECE PIVOT  20 10 0 1 0 0 0 1 0 0 0 1
1 0 -91.9086 10.0007 55.5172 0.965934 0.25879 0.000145 0.00015 0 -1 -0.25879 0.965934 -0.000039 06-01-side-skirt.ldr
0 STEP
0 !LEOCAD PIECE PIVOT  -20 10 0 1 0 0 0 1 0 0 0 1
1 0 91.9076 10.0007 55.5165 0.965934 -0.25879 0 0 0 -1 0.25879 0.965934 0 06-02-side-skirt.ldr
0 STEP
1 0 -50 -50 49.9984 1 0 0 0 1 0 0 0 1 07-01-front-skirt.ldr
0 STEP
1 0 50 -50 49.9984 1 0 0 0 1 0 0 0 1 07-02-front-skirt.ldr
0 STEP
0 STEP
0 NOFILE
0 FILE 06-01-side-skirt.ldr
0 
0 Name: 06-01-side-skirt.ldr
0 Author: Nathanel Titane // nathanel.titane@gmail.com // All Rights Reserved
1 15 0 0 0 0 0 1 0 1 0 -1 0 0 32064.dat
1 15 0.0022 24.0005 -9.9988 1 0 0 0 1 0 0 0 1 3665.dat
1 15 0.0022 23.9994 10.0012 -1 0 0 0 1 0 0 0 -1 3665.dat
0 STEP
1 15 0 -0.0016 30 -1 0 0 0 1 0 0 0 -1 4070.dat
1 15 0.0032 0.0015 -30 1 0 0 0 1 0 0 0 1 4070.dat
1 15 -0.0127 -47.9995 -10.0038 1 0 0 0 1 0 0 0 1 60481.dat
1 15 -0.0127 -48.0006 9.9962 -1 0 0 0 1 0 0 0 -1 60481.dat
0 STEP
1 15 -0.0168 -96 -0.0051 0 0 1 0 1 0 -1 0 0 3245b.dat
1 15 -0.0168 -96 -0.0051 0 0 1 0 1 0 -1 0 0 85984.dat
0 STEP
1 71 -0.0003 9.9983 44.0008 0 0 1 -1 0 0 0 -1 0 3024.dat
1 15 -10.0003 9.9995 36.0008 0 0 1 -1 0 0 0 -1 0 11477.dat
0 STEP
1 0 -20.0003 10.0011 36.0008 -1 0 0 0 0 -1 0 -1 0 13548.dat
1 0 -29.999 20.0043 12.0015 -1 0 0 0 0 -1 0 -1 0 87620.dat
1 0 -20.0003 10.0029 12.0008 1 0 0 0 0 1 0 -1 0 6541.dat
0 STEP
1 71 0.0058 10.0009 -43.9998 0 0 1 1 0 0 0 1 0 3024.dat
1 15 -9.9946 10.0028 -36.0003 0 0 1 1 0 0 0 1 0 11477.dat
1 0 -19.9946 10.0038 -36.0008 0 0 1 1 0 0 0 1 0 13548.dat
0 STEP
1 0 10 9.9984 0.0005 -1 0 0 0 1 0 0 0 -1 32062.dat
1 0 20 9.9968 0.0005 0 -1 0 -1 0 0 0 0 -1 32474.dat
0 STEP
1 0 -19.9961 0.0051 2.0064 1 0 0 0 -1 0 0 0 -1 17-beam-sabre.ldr
0 NOFILE
0 FILE 06-02-side-skirt.ldr
0 
0 Name: 06-02-side-skirt.ldr
0 Author: Nathanel Titane // nathanel.titane@gmail.com // All Rights Reserved
1 15 0 0 0 0 0 -1 0 1 0 1 0 0 32064.dat
1 15 -0.0022 24.0005 9.9988 -1 0 0 0 1 0 0 0 -1 3665.dat
1 15 -0.0022 23.9994 -10.0012 1 0 0 0 1 0 0 0 1 3665.dat
0 STEP
1 15 0 -0.0016 -30 1 0 0 0 1 0 0 0 1 4070.dat
1 15 -0.0032 0.0015 30 -1 0 0 0 1 0 0 0 -1 4070.dat
1 15 0.0127 -47.9995 10.0038 -1 0 0 0 1 0 0 0 -1 60481.dat
1 15 0.0127 -48.0006 -9.9962 1 0 0 0 1 0 0 0 1 60481.dat
0 STEP
1 15 0.0168 -96 0.0051 0 0 -1 0 1 0 1 0 0 3245b.dat
1 15 0.0168 -96 0.0051 0 0 -1 0 1 0 1 0 0 85984.dat
0 STEP
1 71 0.0003 9.9983 -44.0008 0 0 -1 -1 0 0 0 1 0 3024.dat
1 15 10.0003 9.9995 -36.0008 0 0 -1 -1 0 0 0 1 0 11477.dat
0 STEP
1 0 20.0003 10.0011 -36.0008 1 0 0 0 0 -1 0 1 0 13548.dat
1 0 29.999 20.0043 -12.0015 1 0 0 0 0 -1 0 1 0 87620.dat
1 0 20.0003 10.0029 -12.0008 -1 0 0 0 0 1 0 1 0 6541.dat
0 STEP
1 71 -0.0058 10.0009 43.9998 0 0 -1 1 0 0 0 -1 0 3024.dat
1 15 9.9946 10.0028 36.0003 0 0 -1 1 0 0 0 -1 0 11477.dat
1 0 19.9946 10.0038 36.0008 0 0 -1 1 0 0 0 -1 0 13548.dat
0 STEP
1 0 -10 9.9984 -0.0005 1 0 0 0 1 0 0 0 1 32062.dat
1 0 -20 9.9968 -0.0005 0 1 0 -1 0 0 0 0 1 32474.dat
0 STEP
1 0 19.9961 0.0051 -2.0064 1 0 0 0 -1 0 0 0 -1 17-beam-sabre.ldr
0 NOFILE
0 FILE 07-01-front-skirt.ldr
0 
0 Name: 07-01-front-skirt.ldr
0 Author: Nathanel Titane // nathanel.titane@gmail.com // All Rights Reserved
1 71 0 0 0 0 0 -1 0 1 0 1 0 0 14704.dat
1 71 0.0005 -24 0 0 0 1 0 1 0 -1 0 0 52107.dat
0 STEP
1 72 -18.0008 -14.0002 0 0 1 0 0 0 -1 -1 0 0 32028.dat
1 72 -18.0008 -14.0002 0 0 1 0 0 0 -1 -1 0 0 85984.dat
0 STEP
1 15 17.9992 -14.0025 -59.9949 0 -1 0 0 0 -1 1 0 0 4162.dat
1 15 9.9991 -14.0031 -59.9963 0 -1 0 0 0 -1 1 0 0 3010.dat
0 STEP
1 15 -14.0064 -14 -30.0008 0 -1 0 0 0 -1 1 0 0 3005.dat
1 15 -13.999 -14.006 -70.0008 0 -1 0 0 0 -1 1 0 0 3622.dat
