0 FILE 00-instructions.ldr
0 Name: 00-instructions.ldr
0 Author: Nathanel Titane // nathanel.titane@gmail.com // All Rights Reserved
0
0 // LPUB[3D] FRONT COVER PAGE /////////////////////////////////////////////////
0
0 !LPUB PAGE DOCUMENT_TITLE_FRONT COLOR "#666666"
0 !LPUB PAGE DOCUMENT_TITLE_FRONT CONTENT GLOBAL "MODEL // GAT-X133 SWORD CALAMITY"
0 !LPUB PAGE DOCUMENT_TITLE_FRONT DISPLAY GLOBAL TRUE
0 !LPUB PAGE DOCUMENT_TITLE_FRONT FONT "Noto Sans,72,-1,0,75,0,0,0,0,0,Bold"
0 !LPUB PAGE DOCUMENT_TITLE_FRONT MARGINS 0.2500 0.1000
0 !LPUB PAGE DOCUMENT_TITLE_FRONT PLACEMENT GLOBAL TOP_LEFT PAGE INSIDE OFFSET 0.0000 0.0000

0 !LPUB PAGE DOCUMENT_AUTHOR_FRONT CONTENT GLOBAL "MODEL DESIGN AND INSTRUCTIONS // NATHANEL TITANE"
0 !LPUB PAGE DOCUMENT_AUTHOR_FRONT COLOR "#666666"
0 !LPUB PAGE DOCUMENT_AUTHOR_FRONT DISPLAY GLOBAL TRUE
0 !LPUB PAGE DOCUMENT_AUTHOR_FRONT FONT "Noto Sans,18,-1,0,75,0,0,0,0,0,Bold"
0 !LPUB PAGE DOCUMENT_AUTHOR_FRONT MARGINS 0.3000 1.0000
0 !LPUB PAGE DOCUMENT_AUTHOR_FRONT PLACEMENT TOP_LEFT PAGE INSIDE OFFSET 0.0000 0.0000

0 !LPUB PAGE MODEL_PARTS COLOR "#666666"
0 !LPUB PAGE MODEL_PARTS CONTENT GLOBAL "1114 PIECES"
0 !LPUB PAGE MODEL_PARTS DISPLAY GLOBAL TRUE
0 !LPUB PAGE MODEL_PARTS FONT "Noto Sans,72,-1,0,75,0,0,0,0,0,Bold"
0 !LPUB PAGE MODEL_PARTS MARGINS 0.2500 0.1000
0 !LPUB PAGE MODEL_PARTS PLACEMENT GLOBAL BOTTOM_LEFT PAGE INSIDE OFFSET 0.0000 0.0000

0 !LPUB PAGE PUBLISH_DESCRIPTION COLOR "#666666"
0 !LPUB PAGE PUBLISH_DESCRIPTION CONTENT GLOBAL "LEGO // LINUX - Where Lego and Linux Meet"
0 !LPUB PAGE PUBLISH_DESCRIPTION DISPLAY GLOBAL TRUE
0 !LPUB PAGE PUBLISH_DESCRIPTION FONT "Noto Sans,36,-1,0,75,0,0,0,0,0,Bold"
0 !LPUB PAGE PUBLISH_DESCRIPTION MARGINS 0.2000 0.2000
0 !LPUB PAGE PUBLISH_DESCRIPTION PLACEMENT GLOBAL BOTTOM_RIGHT PAGE INSIDE OFFSET 0.0000 0.0000
0
0 // LPUB[3D] BACK COVER PAGE //////////////////////////////////////////////////
0
0 // LPUB[3D] DOCUMENT DISCLAIMER
0 !LPUB PAGE LEGO_DISCLAIMER COLOR "#666666"
0 !LPUB PAGE LEGO_DISCLAIMER CONTENT GLOBAL "LEGO® // REGISTERED TRADEMARK OF THE LEGO GROUP"
0 !LPUB PAGE LEGO_DISCLAIMER DISPLAY GLOBAL TRUE
0 !LPUB PAGE LEGO_DISCLAIMER FONT "Noto Sans,36,-1,0,75,0,0,0,0,0,Bold"
0 !LPUB PAGE LEGO_DISCLAIMER PLACEMENT GLOBAL CENTER PAGE INSIDE OFFSET 0.0000 -0.2500
0
0 // LPUB[3D] PAGE DOCUMENT AUTHOR
0 !LPUB PAGE DOCUMENT_AUTHOR_BACK COLOR "#666666"
0 !LPUB PAGE DOCUMENT_AUTHOR_BACK CONTENT GLOBAL "MODEL DESIGN AND INSTRUCTIONS // NATHANEL TITANE"
0 !LPUB PAGE DOCUMENT_AUTHOR_BACK DISPLAY GLOBAL TRUE
0 !LPUB PAGE DOCUMENT_AUTHOR_BACK FONT "Noto Sans,36,-1,0,75,0,0,0,0,0,Bold"
0 !LPUB PAGE DOCUMENT_AUTHOR_BACK PLACEMENT CENTER PAGE INSIDE OFFSET 0.0000 -0.2000
0
0 // LPUB[3D] PAGE PUBLICATION COPYRIGHT
0 !LPUB PAGE PUBLISH_COPYRIGHT_BACK COLOR "#666666"
0 !LPUB PAGE PUBLISH_COPYRIGHT_BACK CONTENT GLOBAL "COPYRIGHT // ALL RIGHTS RESERVED"
0 !LPUB PAGE PUBLISH_COPYRIGHT_BACK DISPLAY GLOBAL TRUE
0 !LPUB PAGE PUBLISH_COPYRIGHT_BACK FONT "Noto Sans,36,-1,0,75,0,0,0,0,0,Bold"
0 !LPUB PAGE PUBLISH_COPYRIGHT_BACK PLACEMENT GLOBAL CENTER PAGE INSIDE OFFSET 0.0000 -0.1500
0
0 // LPUB[3D] PAGE PUBLICATION EMAIL
0 !LPUB PAGE PUBLISH_EMAIL_BACK COLOR "#666666"
0 !LPUB PAGE PUBLISH_EMAIL_BACK CONTENT GLOBAL "CONTACT // NATHANEL.TITANE@GMAIL.COM // INFO@LEGOLINUX.COM"
0 !LPUB PAGE PUBLISH_EMAIL_BACK DISPLAY GLOBAL TRUE
0 !LPUB PAGE PUBLISH_EMAIL_BACK FONT "Noto Sans,18,-1,0,75,0,0,0,0,0,Bold"
0 !LPUB PAGE PUBLISH_EMAIL_BACK PLACEMENT GLOBAL CENTER PAGE INSIDE OFFSET 0.0000 -0.0500
0
0 // LPUB[3D] PAGE PUBLICATION URL
0 !LPUB PAGE PUBLISH_URL_BACK COLOR "#666666"
0 !LPUB PAGE PUBLISH_URL_BACK CONTENT GLOBAL "WEB // HTTPS://LEGOLINUX.COM/MODELS/MOBILE-SUITS/GAT-X133-SWORD-CALAMITY"
0 !LPUB PAGE PUBLISH_URL_BACK DISPLAY GLOBAL TRUE
0 !LPUB PAGE PUBLISH_URL_BACK FONT "Noto Sans,18,-1,0,75,0,0,0,0,0,Bold"
0 !LPUB PAGE PUBLISH_URL_BACK PLACEMENT GLOBAL CENTER PAGE INSIDE OFFSET 0.0000 -0.0250
0
0 // LPUB[3D] PAGE LOGO
0 !LPUB PAGE DOCUMENT_LOGO_BACK DISPLAY GLOBAL TRUE
0 !LPUB PAGE DOCUMENT_LOGO_BACK FILE GLOBAL "/media/internal/Lego/lpub3d/instructions/logo.png"
0 !LPUB PAGE DOCUMENT_LOGO_BACK PLACEMENT CENTER PAGE INSIDE OFFSET 0.0000 0.45000
0 !LPUB PAGE DOCUMENT_LOGO_BACK SCALE GLOBAL  1.0000
0
0 // LPUB[3D] CONFIGURATION ////////////////////////////////////////////////////
0
0 // LPUB[3D] PAGE WATERMARK
0 !LPUB PAGE PUBLISH_EMAIL CONTENT GLOBAL "CONTACT // NATHANEL.TITANE@GMAIL.COM // INFO@LEGOLINUX.COM"
0 !LPUB PAGE PUBLISH_EMAIL COLOR "#666666"
0 !LPUB PAGE PUBLISH_EMAIL DISPLAY GLOBAL TRUE
0 !LPUB PAGE PUBLISH_EMAIL FONT "Noto Sans,18,-1,0,75,0,0,0,0,0,Bold"
0 !LPUB PAGE PUBLISH_EMAIL MARGINS 0.0000 0.1500
0 !LPUB PAGE PUBLISH_EMAIL PLACEMENT GLOBAL BOTTOM PAGE INSIDE OFFSET 0.0000 0.0000
0 !LPUB PAGE DOCUMENT_AUTHOR CONTENT GLOBAL "MODEL DESIGN AND INSTRUCTIONS // NATHANEL TITANE"
0 !LPUB PAGE DOCUMENT_AUTHOR COLOR "#666666"
0 !LPUB PAGE DOCUMENT_AUTHOR DISPLAY GLOBAL TRUE
0 !LPUB PAGE DOCUMENT_AUTHOR FONT "Noto Sans,18,-1,0,75,0,0,0,0,0,Bold"
0 !LPUB PAGE DOCUMENT_AUTHOR MARGINS 0.0000 0.2000
0 !LPUB PAGE DOCUMENT_AUTHOR PLACEMENT GLOBAL TOP PAGE INSIDE OFFSET 0.0000 0.0000
0
0 // LPUB[3D] STEPS HIGHLIGHT
0 !LPUB HIGHLIGHT_STEP ENABLED GLOBAL TRUE
0 !LPUB HIGHLIGHT_STEP COLOR GLOBAL "#7137C8"
0
0 // LPUB[3D] STEP FADE
0 !LPUB FADE_STEP OPACITY GLOBAL "50"
0 !LPUB FADE_STEP COLOR GLOBAL "Trans_Black"
0 !LPUB FADE_STEP ENABLED GLOBAL TRUE
0 !LPUB FINAL_MODEL_ENABLED GLOBAL TRUE
0
0 // LPUB[3D] SUBMODEL PREVIEW
0 !LPUB SUBMODEL_DISPLAY SHOW GLOBAL TRUE
0 !LPUB SUBMODEL_DISPLAY BACKGROUND COLOR "#DDDDDD"
0 !LPUB SUBMODEL_DISPLAY MARGINS 0.1500 0.7500
0 !LPUB SUBMODEL_DISPLAY BORDER SQUARE 0 Black 0.031 MARGINS 0.050 0.050
0 !LPUB SUBMODEL_DISPLAY PLACEMENT GLOBAL LEFT PAGE INSIDE
0 !LPUB SUBMODEL_DISPLAY CAMERA_ANGLES 30.0000 45.0000
0
0 // LPUB[3D] ASSEMBLIES
0 !LPUB ASSEM CAMERA_ANGLES 30.0000 45.0000
0 !LPUB ASSEM MARGINS 0.5000 0.5000
0 !LPUB ASSEM MODEL_SCALE 1.0000
0 !LPUB ASSEM PLACEMENT CENTER PAGE INSIDE OFFSET 0.0000 0.0000
0
0 // LPUB[3D] BILL OF MATERIALS
0 !LPUB BOM BACKGROUND COLOR "#DDDDDD"
0 !LPUB BOM BORDER SQUARE 0 #666666 0.025 MARGINS 0.050 0.050
0 !LPUB BOM CONSTRAIN HEIGHT 13.0000
0 !LPUB BOM CONSTRAIN SQUARE
0 !LPUB BOM PLACEMENT CENTER PAGE INSIDE OFFSET 0.0000 0.0000
0
0 // LPUB[3D] CALLOUTS
0 !LPUB CALLOUT BORDER SQUARE 0 #666666 0.025 MARGINS 0.050 0.050
0 !LPUB CALLOUT MARGINS 0.1250 0.1250
0 !LPUB CALLOUT PLACEMENT RIGHT PAGE INSIDE OFFSET 0.0000 0.0000
0
0 // LPUB[3D] PAGE
0 !LPUB PAGE DOCUMENT_COVER_IMAGE DISPLAY GLOBAL TRUE
0 !LPUB PAGE DOCUMENT_COVER_IMAGE FILE GLOBAL "../renders/flat/flat.png"
0 !LPUB PAGE DOCUMENT_COVER_IMAGE FILL GLOBAL ASPECT
0 !LPUB PAGE DOCUMENT_COVER_IMAGE MARGINS GLOBAL 0.0000 0.0000
0 !LPUB PAGE DOCUMENT_COVER_IMAGE PLACEMENT GLOBAL CENTER PAGE INSIDE OFFSET 0.0000 0.0000
0 !LPUB PAGE DOCUMENT_COVER_IMAGE SCALE GLOBAL 1.0000
0
0 // LPUB[3D] PAGE NUMBER
0 !LPUB PAGE NUMBER FONT "Noto Sans,36,-1,0,75,0,0,0,0,0,Bold"
0 !LPUB PAGE NUMBER FONT_COLOR "#666666"
0 !LPUB PAGE NUMBER MARGINS 0.1250 0.1250
0 !LPUB PAGE NUMBER PLACEMENT BOTTOM_RIGHT PAGE INSIDE OFFSET 0.0000 0.0000
0
0 // LPUB[3D] PAGE SETUP
0 !LPUB PAGE BORDER GLOBAL NONE 0 MARGINS 0.000 0.000
0 !LPUB PAGE ENABLE_TEXT_PLACEMENT GLOBAL CENTER PAGE INSIDE OFFSET 0.0000 0.0000
0 !LPUB PAGE TEXT_PLACEMENT GLOBAL TRUE
0 !LPUB PAGE PAGE_FOOTER SIZE GLOBAL 32.0000 0.5000
0 !LPUB PAGE PAGE_HEADER SIZE GLOBAL 32.0000 0.5000
0 !LPUB PAGE MARGINS GLOBAL 0.0000 0.0000
0 !LPUB PAGE ORIENTATION GLOBAL LANDSCAPE
0 !LPUB PAGE SIZE GLOBAL 16.0000 32.0000
0
0 // LPUB[3D] PAGE COLORS
0 !LPUB PAGE SUBMODEL_BACKGROUND_COLOR GLOBAL "#DDDDDD" "#FFE680" "#FFAAAA" "#C6AFE9"
0
0 // LPUB[3D] SUBMODELS
0 !LPUB PAGE SUBMODEL_INSTANCE_COUNT FONT_COLOR "#FF5555"
0 !LPUB PAGE SUBMODEL_INSTANCE_COUNT FONT "Noto Sans,72,-1,0,75,0,0,0,0,0,Bold"
0 !LPUB PAGE SUBMODEL_INSTANCE_COUNT MARGINS 0.0000 0.1250
0 !LPUB PAGE SUBMODEL_INSTANCE_COUNT PLACEMENT BOTTOM_RIGHT PAGE INSIDE OFFSET 0.0000 -0.0500
0
0 // LPUB[3D] PARTS LIST
0 !LPUB PLI BACKGROUND COLOR "#DDDDDD"
0 !LPUB PLI BORDER SQUARE 0 #666666 0.025 MARGINS 0.0500 0.050
0 !LPUB PLI CAMERA_ANGLES 30.0000 45.0000
0 !LPUB PLI CONSTRAIN HEIGHT 5.0000
0 !LPUB PLI MODEL_SCALE  1.0000
0 !LPUB PLI MARGINS 0.1500 0.7500
0 !LPUB PLI PLACEMENT TOP_RIGHT PAGE INSIDE OFFSET 0.0000 0.0000
0 !LPUB PLI INSTANCE_COUNT FONT "Noto Sans,36,-1,0,75,0,0,0,0,0,Bold"
0 !LPUB PLI INSTANCE_COUNT FONT_COLOR "#666666"
0 !LPUB PLI INSTANCE_COUNT MARGINS 0.0125 0.0125
0 !LPUB PLI INSTANCE_COUNT MARGINS 0.0125 0.3000
0
0 // LPUB[3D] STEP NUMBER
0 !LPUB STEP_NUMBER FONT "Noto Sans,72,-1,0,75,0,0,0,0,0,Bold"
0 !LPUB STEP_NUMBER FONT_COLOR "#666666"
0 !LPUB STEP_NUMBER MARGINS 0.1250 0.0000
0 !LPUB STEP_NUMBER PLACEMENT TOP_LEFT PAGE INSIDE OFFSET 0.0000 0.0000
0
0 // LPUB[3D] BEGIN INSTRUCTIONS ///////////////////////////////////////////////
0
0 STEP
0 !LPUB INSERT COVER_PAGE FRONT
0 STEP
0 !LPUB ASSEM MODEL_SCALE LOCAL 0.7500
1 0 0 0 0 1 0 0 0 1 0 0 0 1 00-model.ldr
0 STEP
0
0 // LPUB[3D] DISABLE FINAL MODEL SHOWCASE /////////////////////////////////////
0
0 !LPUB NOSTEP
0
0 // LPUB[3D] BOM PAGES
0 STEP
0 !LPUB INSERT PAGE
0 !LPUB INSERT BOM
0 STEP
0 !LPUB INSERT PAGE
0 !LPUB INSERT BOM
0 STEP
0 !LPUB INSERT PAGE
0 !LPUB INSERT BOM
0 STEP
0 !LPUB INSERT PAGE
0 !LPUB INSERT BOM
0 STEP
0 !LPUB INSERT PAGE
0 !LPUB INSERT BOM
0 STEP
0 !LPUB INSERT PAGE
0 !LPUB INSERT BOM
0 STEP
0 !LPUB INSERT PAGE
0 !LPUB INSERT BOM
0 STEP
0 !LPUB INSERT PAGE
0 !LPUB INSERT BOM
0 STEP
0 !LPUB INSERT PAGE
0 !LPUB INSERT BOM
0 STEP
0 !LPUB INSERT PAGE
0 !LPUB INSERT BOM
0 STEP
0 !LPUB INSERT PAGE
0 !LPUB INSERT BOM
0 STEP
0 !LPUB INSERT PAGE
0 !LPUB INSERT BOM
0 STEP
0
0 !LPUB NOSTEP
0
0 !LPUB INSERT COVER_PAGE BACK
0
0 // LPUB[3D] END INSTRUCTIONS /////////////////////////////////////////////////
0
0 NOFILE
0 FILE 00-model.ldr
0 
0 Name: 00-model.ldr
0 Author: Nathanel Titane // nathanel.titane@gmail.com // All Rights Reserved
1 0 0 0 0 1 0 0 0 0 -1 0 1 0 05-waist.ldr
0 STEP
1 0 0 -80 0 1 0 0 0 0 -1 0 1 0 08-torso.ldr
0 STEP
0 NOFILE
0 FILE 01-foot.ldr
0 
0 Name: 01-foot.ldr
0 Author: Nathanel Titane // nathanel.titane@gmail.com // All Rights Reserved
1 72 0 56 10 1 0 0 0 1 0 0 0 1 3023.dat
1 4 0 64 -20 1 0 0 0 1 0 0 0 1 4871.dat
1 72 0 56 -50 1 0 0 0 1 0 0 0 1 3023.dat
1 4 0 56 -20 1 0 0 0 1 0 0 0 1 3003.dat
0 STEP
1 72 -10 32 0 0 0 1 0 1 0 -1 0 0 32000.dat
1 72 10 32 0 0 0 1 0 1 0 -1 0 0 32000.dat
0 STEP
1 72 -10 24 0 0 0 1 0 1 0 -1 0 0 44301a.dat
1 72 10 24 0 0 0 1 0 1 0 -1 0 0 44301a.dat
0 STEP
1 0 -29.9995 32 0 0 0 -1 0 1 0 1 0 0 52107.dat
1 0 -30 56 -10 -1 0 0 0 1 0 0 0 -1 3665.dat
1 0 30.0005 32 0 0 0 1 0 1 0 -1 0 0 52107.dat
1 0 30 56 -10 -1 0 0 0 1 0 0 0 -1 3665.dat
0 STEP
1 4 0 32 -50 -1 0 0 0 1 0 0 0 -1 3037.dat
1 4 -30 56 -30 1 0 0 0 1 0 0 0 1 3665.dat
1 4 30 56 -30 1 0 0 0 1 0 0 0 1 3665.dat
0 STEP
1 4 -30 32 -49.9984 0 0 1 0 1 0 -1 0 0 54200.dat
1 4 30 32 -49.9984 0 0 -1 0 1 0 1 0 0 54200.dat
1 72 0 24 -50 1 0 0 0 1 0 0 0 1 3023.dat
1 4 0 16 -50 1 0 0 0 1 0 0 0 1 3069b.dat
0 STEP
1 72 0 0 0 0 0 -1 0 1 0 1 0 0 92013.dat
1 72 0 -24 0 1 0 0 0 1 0 0 0 1 3043.dat
0 STEP
1 72 -10 16 -30.0003 -1 0 0 0 0 -1 0 -1 0 30553.dat
1 72 10 16 -30.0003 -1 0 0 0 0 -1 0 -1 0 30553.dat
1 1 -10 -4 -30.0008 0 0 -1 1 0 0 0 -1 0 43093.dat
1 1 10 -4 -30.0008 0 0 -1 1 0 0 0 -1 0 43093.dat
0 STEP
1 4 0 -30 -30 -1 0 0 0 1 0 0 0 -1 3660.dat
1 15 0 -78 -30 -1 0 0 0 1 0 0 0 -1 3678b.dat
0 STEP
1 4 0 -126 -50 -1 0 0 0 1 0 0 0 -1 3678b.dat
1 4 0 -126 -50 1 0 0 0 1 0 0 0 1 85984.dat
0 STEP
1 0 -10 -76 -50 0 0 1 -1 0 0 0 -1 0 2780.dat
1 0 10 -76 -50 0 0 1 -1 0 0 0 -1 0 2780.dat
0 STEP
1 4 0 -26 -50 1 0 0 0 -1 0 0 0 -1 3245b.dat
1 4 0 -26 -50 -1 0 0 0 -1 0 0 0 1 85984.dat
0 STEP
1 0 -30 -16 0 0 0 -1 0 1 0 1 0 0 3245b.dat
1 0 -30 -40 -10 -1 0 0 0 1 0 0 0 -1 3040.dat
1 0 30 -16 0 0 0 -1 0 1 0 1 0 0 3245b.dat
1 0 30 -40 -10 -1 0 0 0 1 0 0 0 -1 3040.dat
0 STEP
1 0 -30 -48 -10 -1 0 0 0 1 0 0 0 -1 98138.dat
1 0 30 -48 -10 -1 0 0 0 1 0 0 0 -1 98138.dat
0 STEP
1 0 -48.0011 32.0003 0 0 1 0 -1 0 0 0 0 1 3068b.dat
1 0 48.0021 32.0003 0.001 0 -1 0 -1 0 0 0 0 -1 3068b.dat
0 NOFILE
0 FILE 02-01-shin.ldr
0 
0 Name: 02-01-shin.ldr
0 Author: Nathanel Titane // nathanel.titane@gmail.com // All Rights Reserved
1 72 0 24 90 0 0 1 0 1 0 -1 0 0 3832.dat
1 72 0 16 110 0 0 1 0 1 0 -1 0 0 3795.dat
0 STEP
1 71 0 32 160 1 0 0 0 1 0 0 0 1 3938.dat
1 72 0 32 180 1 0 0 0 1 0 0 0 1 3023.dat
1 71 0 40 180 1 0 0 0 1 0 0 0 1 3938.dat
0 STEP
1 72 -10 32 120 -1 0 0 0 1 0 0 0 -1 3665.dat
1 72 10 32 120 -1 0 0 0 1 0 0 0 -1 3665.dat
0 STEP
1 72 0 34.929 167.071 1 0 0 0 0.707107 0.707107 0 -0.707107 0.707107 3937.dat
1 72 0 42.929 187.071 1 0 0 0 0.707107 0.707107 0 -0.707107 0.707107 3937.dat
0 STEP
1 72 0 59.899 170.101 -1 0 0 0 0.707107 -0.707107 0 -0.707107 -0.707107 48336.dat
1 71 -10.0003 72.6267 171.515 0 0 -1 0.707107 0.707107 0 0.707107 -0.707107 0 92280.dat
1 71 9.9997 72.6271 171.5154 0 0 -1 0.707107 0.707107 0 0.707107 -0.707107 0 92280.dat
0 STEP
1 72 -9.9992 71.2129 158.7875 -1 0 0 0 0.707107 -0.707107 0 -0.707107 -0.707107 3665.dat
1 72 10.0008 71.2129 158.7875 -1 0 0 0 0.707107 -0.707107 0 -0.707107 -0.707107 3665.dat
1 72 10 51.8991 150.1009 1 0 0 0 0.707107 0.707107 0 -0.707107 0.707107 3005.dat
1 72 -10 51.8991 150.1009 1 0 0 0 0.707107 0.707107 0 -0.707107 0.707107 3005.dat
0 STEP
1 4 -10 32 90 1 0 0 0 1 0 0 0 1 42023.dat
1 4 10 32 90 1 0 0 0 1 0 0 0 1 42023.dat
0 STEP
1 72 0 0 0 1 0 0 0 1 0 0 0 1 32064.dat
1 72 0 0 20 1 0 0 0 1 0 0 0 1 32064.dat
1 72 0 0 40 1 0 0 0 1 0 0 0 1 32064.dat
1 72 0 0 180 1 0 0 0 1 0 0 0 1 32000.dat
0 STEP
1 0 -10 10 190 0 0 1 0 1 0 -1 0 0 2780.dat
1 0 10 10 190 0 0 1 0 1 0 -1 0 0 2780.dat
0 STEP
1 0 -10 -8 150 0 0 1 0 1 0 -1 0 0 11211.dat
1 0 -10 -8 110 0 0 1 0 1 0 -1 0 0 11211.dat
1 0 -10 -8 70 0 0 1 0 1 0 -1 0 0 11211.dat
1 0 10 -8 150 0 0 -1 0 1 0 1 0 0 11211.dat
1 0 10 -8 110 0 0 -1 0 1 0 1 0 0 11211.dat
1 0 10 -8 70 0 0 -1 0 1 0 1 0 0 11211.dat
0 STEP
1 72 0 -8 20 0 0 -1 0 1 0 1 0 0 3021.dat
1 72 0 -8 180 -1 0 0 0 1 0 0 0 -1 3023.dat
0 STEP
1 72 0 0 200 1 0 0 0 1 0 0 0 1 32000.dat
1 72 -10 24 200 -1 0 0 0 1 0 0 0 -1 3665.dat
1 72 10 24 200 -1 0 0 0 1 0 0 0 -1 3665.dat
0 STEP
1 72 0 0 220 -1 0 0 0 1 0 0 0 -1 85943.dat
1 72 0 -8 210 -1 0 0 0 1 0 0 0 -1 3068b.dat
0 STEP
1 0 0 10 250 0 1 0 1 0 0 0 0 -1 53585.dat
1 0 0 10 250 -1 0 0 0 1 0 0 0 -1 3705.dat
0 STEP
1 72 -19.9997 9.9997 250 0 -1 0 -1 0 0 0 0 -1 15535.dat
1 72 -27.9997 10 250 0 -1 0 -1 0 0 0 0 -1 4032.dat
1 72 -35.9997 10.0002 250 0 -1 0 -1 0 0 0 0 -1 2654.dat
0 STEP
1 72 20.0003 9.9966 250 0 1 0 1 0 0 0 0 -1 15535.dat
1 72 28.0003 9.9959 250 0 1 0 1 0 0 0 0 -1 4032.dat
1 72 36.0003 9.9953 250 0 1 0 1 0 0 0 0 -1 2654.dat
0 STEP
1 0 0 10 -20 1 0 0 0 0 -1 0 1 0 32474.dat
1 0 0 10 10 0 0 -1 0 1 0 1 0 0 3705.dat
0 STEP
1 71 0 -16 150 0 0 1 0 1 0 -1 0 0 3020.dat
0 STEP
1 71 9.9916 -24 170.0011 0 0 -1 0 1 0 1 0 0 30383.dat
1 0 0 -40 150 1 0 0 0 1 0 0 0 1 93606.dat
1 71 -10.0084 -24 169.9989 0 0 -1 0 1 0 1 0 0 30383.dat
0 STEP
1 4 0 -32 40 -1 0 0 0 1 0 0 0 -1 30363.dat
1 4 0 -40 40 1 0 0 0 1 0 0 0 1 99563.dat
0 STEP
1 72 10 -16 10 0 0 -1 0 1 0 1 0 0 30383.dat
1 72 -10 -16 10 0 0 -1 0 1 0 1 0 0 30383.dat
1 72 0 -24 0 1 0 0 0 1 0 0 0 1 99563.dat
0 STEP
1 72 0 -48.8696 -9.6985 -1 0 0 0 -0.707107 0.707107 0 0.707107 0.707107 85984.dat
1 72 0 -34.7275 4.4436 1 0 0 0 -0.707107 -0.707107 0 0.707107 -0.707107 85984.dat
1 72 -10 -41.799 -2.627 0 0 1 0.707107 -0.707107 0 0.707107 0.707107 0 44302a.dat
1 72 10 -41.799 -2.627 0 0 1 0.707107 -0.707107 0 0.707107 0.707107 0 44302a.dat
0 STEP
1 72 0 -70.083 -30.912 -1 0 0 0 -0.707107 0.707107 0 0.707107 0.707107 3068b.dat
1 4 0 -50.284 -22.426 0 0 -1 -0.707107 -0.707107 0 -0.707107 0.707107 0 4854.dat
0 STEP
1 4 30 -26.243 -32.326 -1 0 0 0 -0.707107 0.707107 0 0.707107 0.707107 4286.dat
1 4 30 -12.101 -18.184 1 0 0 0 -0.707107 -0.707107 0 0.707107 -0.707107 3665.dat
1 4 -30 -26.243 -32.326 -1 0 0 0 -0.707107 0.707107 0 0.707107 0.707107 4286.dat
1 4 -30 -12.101 -18.184 1 0 0 0 -0.707107 -0.707107 0 0.707107 -0.707107 3665.dat
0 STEP
1 4 30 -6.444 -23.841 0 0 1 0.707107 -0.707107 0 0.707107 0.707107 0 63864.dat
1 4 -30 -6.444 -23.841 0 0 1 0.707107 -0.707107 0 0.707107 0.707107 0 63864.dat
0 STEP
1 72 -28 12 150 0 1 0 0 0 -1 -1 0 0 3022.dat
1 72 -28 12 190 0 1 0 1 0 0 0 0 -1 3176.dat
0 STEP
1 0 -52 2 170 0 1 0 0 0 1 1 0 0 47759.dat
1 0 -52 22 170 0 1 0 0 0 -1 -1 0 0 47759.dat
1 71 -36 -18 170 0 1 0 0 0 -1 -1 0 0 3938.dat
1 71 -36 42 170 0 1 0 0 0 -1 -1 0 0 3938.dat
0 STEP
1 297 -28 12 219.9999 0 -1 0 -1 0 0 0 0 -1 3794b.dat
1 297 -36 12 219.9999 0 -1 0 1 0 0 0 0 1 3039.dat
1 297 -60 12.0005 209.9999 0 -1 0 1 0 0 0 0 1 11203.dat
0 STEP
1 72 -60 22 169.9996 0 1 0 0 0 -1 -1 0 0 60478.dat
1 72 -60 2 170 0 1 0 0 0 -1 -1 0 0 60478.dat
1 297 -68 12 169.9999 0 1 0 -1 0 0 0 0 1 3068b.dat
0 STEP
1 72 28 12 150 0 -1 0 0 0 -1 1 0 0 3022.dat
1 72 28 12 190 0 -1 0 -1 0 0 0 0 -1 3176.dat
1 72 28 12 220.0001 0 1 0 1 0 0 0 0 -1 4073.dat
0 STEP
1 0 52 2 170 0 -1 0 0 0 1 -1 0 0 47759.dat
1 0 52 22 170 0 -1 0 0 0 -1 1 0 0 47759.dat
1 71 36 -18.0001 170 0 -1 0 0 0 -1 1 0 0 3938.dat
1 71 36 41.9999 170 0 -1 0 0 0 -1 1 0 0 3938.dat
0 STEP
1 0 60 12 170 0 -1 0 1 0 0 0 0 1 3068b.dat
0 STEP
1 72 -28 12 90 0 1 0 0 0 -1 -1 0 0 87079.dat
1 72 -28 12 30 0 1 0 -1 0 0 0 0 1 3022.dat
1 72 28 12 89.9999 0 -1 0 0 0 1 -1 0 0 87079.dat
1 72 28 12 29.9999 0 -1 0 1 0 0 0 0 1 3022.dat
0 STEP
1 4 -52 22 30 0 1 0 1 0 0 0 0 -1 41747.dat
1 4 -60 22 30 0 1 0 0 0 1 1 0 0 99563.dat
1 4 52 22 29.9999 0 -1 0 -1 0 0 0 0 -1 41748.dat
1 4 60 22 29.9999 0 -1 0 0 0 -1 1 0 0 99563.dat
0 STEP
1 4 0 40 90 0 0 -1 0 1 0 1 0 0 4871.dat
1 4 -30 32 90 0 0 1 0 1 0 -1 0 0 3069b.dat
1 4 30 32 90 0 0 1 0 1 0 -1 0 0 3069b.dat
0 STEP
1 0 0 10.6933 -61.2252 1 0 0 0 0.965927 -0.258815 0 0.258815 0.965927 01-foot.ldr
0 NOFILE
0 FILE 02-02-shin.ldr
0 
0 Name: 02-02-shin.ldr
0 Author: Nathanel Titane // nathanel.titane@gmail.com // All Rights Reserved
1 72 0 24 90 0 0 1 0 1 0 -1 0 0 3832.dat
1 72 0 16 110 0 0 1 0 1 0 -1 0 0 3795.dat
0 STEP
1 71 0 32 160 1 0 0 0 1 0 0 0 1 3938.dat
1 72 0 32 180 1 0 0 0 1 0 0 0 1 3023.dat
1 71 0 40 180 1 0 0 0 1 0 0 0 1 3938.dat
0 STEP
1 72 -10 32 120 -1 0 0 0 1 0 0 0 -1 3665.dat
1 72 10 32 120 -1 0 0 0 1 0 0 0 -1 3665.dat
0 STEP
1 72 0 34.929 167.071 1 0 0 0 0.707107 0.707107 0 -0.707107 0.707107 3937.dat
1 72 0 42.929 187.071 1 0 0 0 0.707107 0.707107 0 -0.707107 0.707107 3937.dat
0 STEP
1 72 0 59.899 170.101 -1 0 0 0 0.707107 -0.707107 0 -0.707107 -0.707107 48336.dat
1 71 -10.0003 72.6267 171.515 0 0 -1 0.707107 0.707107 0 0.707107 -0.707107 0 92280.dat
1 71 9.9997 72.6271 171.5154 0 0 -1 0.707107 0.707107 0 0.707107 -0.707107 0 92280.dat
0 STEP
1 72 -9.9992 71.2129 158.7875 -1 0 0 0 0.707107 -0.707107 0 -0.707107 -0.707107 3665.dat
1 72 10.0008 71.2129 158.7875 -1 0 0 0 0.707107 -0.707107 0 -0.707107 -0.707107 3665.dat
1 72 10 51.8991 150.1009 1 0 0 0 0.707107 0.707107 0 -0.707107 0.707107 3005.dat
1 72 -10 51.8991 150.1009 1 0 0 0 0.707107 0.707107 0 -0.707107 0.707107 3005.dat
0 STEP
1 4 -10 32 90 1 0 0 0 1 0 0 0 1 42023.dat
1 4 10 32 90 1 0 0 0 1 0 0 0 1 42023.dat
0 STEP
1 72 0 0 0 1 0 0 0 1 0 0 0 1 32064.dat
1 72 0 0 20 1 0 0 0 1 0 0 0 1 32064.dat
1 72 0 0 40 1 0 0 0 1 0 0 0 1 32064.dat
1 72 0 0 180 1 0 0 0 1 0 0 0 1 32000.dat
0 STEP
1 0 -10 10 190 0 0 1 0 1 0 -1 0 0 2780.dat
1 0 10 10 190 0 0 1 0 1 0 -1 0 0 2780.dat
0 STEP
1 0 -10 -8 150 0 0 1 0 1 0 -1 0 0 11211.dat
1 0 -10 -8 110 0 0 1 0 1 0 -1 0 0 11211.dat
1 0 -10 -8 70 0 0 1 0 1 0 -1 0 0 11211.dat
1 0 10 -8 150 0 0 -1 0 1 0 1 0 0 11211.dat
1 0 10 -8 110 0 0 -1 0 1 0 1 0 0 11211.dat
1 0 10 -8 70 0 0 -1 0 1 0 1 0 0 11211.dat
0 STEP
1 72 0 -8 20 0 0 -1 0 1 0 1 0 0 3021.dat
1 72 0 -8 180 -1 0 0 0 1 0 0 0 -1 3023.dat
0 STEP
1 72 0 0 200 1 0 0 0 1 0 0 0 1 32000.dat
1 72 -10 24 200 -1 0 0 0 1 0 0 0 -1 3665.dat
1 72 10 24 200 -1 0 0 0 1 0 0 0 -1 3665.dat
0 STEP
1 72 0 0 220 -1 0 0 0 1 0 0 0 -1 85943.dat
1 72 0 -8 210 -1 0 0 0 1 0 0 0 -1 3068b.dat
0 STEP
1 0 0 10 250 0 1 0 1 0 0 0 0 -1 53585.dat
1 0 0 10 250 -1 0 0 0 1 0 0 0 -1 3705.dat
0 STEP
1 72 -19.9997 9.9997 250 0 -1 0 -1 0 0 0 0 -1 15535.dat
1 72 -27.9997 10 250 0 -1 0 -1 0 0 0 0 -1 4032.dat
1 72 -35.9997 10.0002 250 0 -1 0 -1 0 0 0 0 -1 2654.dat
0 STEP
1 72 20.0003 9.9966 250 0 1 0 1 0 0 0 0 -1 15535.dat
1 72 28.0003 9.9959 250 0 1 0 1 0 0 0 0 -1 4032.dat
1 72 36.0003 9.9953 250 0 1 0 1 0 0 0 0 -1 2654.dat
0 STEP
1 0 0 10 -20 1 0 0 0 0 -1 0 1 0 32474.dat
1 0 0 10 10 0 0 -1 0 1 0 1 0 0 3705.dat
0 STEP
1 71 0 -16 150 0 0 1 0 1 0 -1 0 0 3020.dat
0 STEP
1 71 9.9916 -24 170.0011 0 0 -1 0 1 0 1 0 0 30383.dat
1 0 0 -40 150 1 0 0 0 1 0 0 0 1 93606.dat
1 71 -10.0084 -24 169.9989 0 0 -1 0 1 0 1 0 0 30383.dat
0 STEP
1 4 0 -32 40 -1 0 0 0 1 0 0 0 -1 30363.dat
1 4 0 -40 40 1 0 0 0 1 0 0 0 1 99563.dat
0 STEP
1 72 10 -16 10 0 0 -1 0 1 0 1 0 0 30383.dat
1 72 -10 -16 10 0 0 -1 0 1 0 1 0 0 30383.dat
1 72 0 -24 0 1 0 0 0 1 0 0 0 1 99563.dat
0 STEP
1 72 0 -48.8696 -9.6985 -1 0 0 0 -0.707107 0.707107 0 0.707107 0.707107 85984.dat
1 72 0 -34.7275 4.4436 1 0 0 0 -0.707107 -0.707107 0 0.707107 -0.707107 85984.dat
1 72 -10 -41.799 -2.627 0 0 1 0.707107 -0.707107 0 0.707107 0.707107 0 44302a.dat
1 72 10 -41.799 -2.627 0 0 1 0.707107 -0.707107 0 0.707107 0.707107 0 44302a.dat
0 STEP
1 72 0 -70.083 -30.912 -1 0 0 0 -0.707107 0.707107 0 0.707107 0.707107 3068b.dat
1 4 0 -50.284 -22.426 0 0 -1 -0.707107 -0.707107 0 -0.707107 0.707107 0 4854.dat
0 STEP
1 4 30 -26.243 -32.326 -1 0 0 0 -0.707107 0.707107 0 0.707107 0.707107 4286.dat
1 4 30 -12.101 -18.184 1 0 0 0 -0.707107 -0.707107 0 0.707107 -0.707107 3665.dat
1 4 -30 -26.243 -32.326 -1 0 0 0 -0.707107 0.707107 0 0.707107 0.707107 4286.dat
1 4 -30 -12.101 -18.184 1 0 0 0 -0.707107 -0.707107 0 0.707107 -0.707107 3665.dat
0 STEP
1 4 30 -6.444 -23.841 0 0 1 0.707107 -0.707107 0 0.707107 0.707107 0 63864.dat
1 4 -30 -6.444 -23.841 0 0 1 0.707107 -0.707107 0 0.707107 0.707107 0 63864.dat
0 STEP
1 72 -28 12 150 0 1 0 0 0 -1 -1 0 0 3022.dat
1 72 -28 12 190 0 1 0 1 0 0 0 0 -1 3176.dat
1 72 -28 12 220.0001 0 -1 0 -1 0 0 0 0 -1 4073.dat
0 STEP
1 0 -52 2 170 0 1 0 0 0 1 1 0 0 47759.dat
1 0 -52 22 170 0 1 0 0 0 -1 -1 0 0 47759.dat
1 71 -36 -18 170 0 1 0 0 0 -1 -1 0 0 3938.dat
1 71 -36 42 170 0 1 0 0 0 -1 -1 0 0 3938.dat
0 STEP
1 0 -60 12 170 0 1 0 -1 0 0 0 0 1 3068b.dat
0 STEP
1 72 28 12 150 0 -1 0 0 0 -1 1 0 0 3022.dat
1 72 28 12 190 0 -1 0 -1 0 0 0 0 -1 3176.dat
0 STEP
1 0 52 2 170 0 -1 0 0 0 1 -1 0 0 47759.dat
1 0 52 22 170 0 -1 0 0 0 -1 1 0 0 47759.dat
1 71 36 -18.0001 170 0 -1 0 0 0 -1 1 0 0 3938.dat
1 71 36 41.9999 170 0 -1 0 0 0 -1 1 0 0 3938.dat
0 STEP
1 297 28 12 220.0001 0 1 0 1 0 0 0 0 -1 3794b.dat
1 297 36 12 220.0001 0 1 0 -1 0 0 0 0 1 3039.dat
1 297 60 11.9995 210.0001 0 1 0 -1 0 0 0 0 1 11203.dat
0 STEP
1 72 60 2 169.9998 0 -1 0 0 0 1 -1 0 0 60478.dat
1 72 60 22 170.0002 0 -1 0 0 0 1 -1 0 0 60478.dat
1 297 68 12 170.0001 0 -1 0 1 0 0 0 0 1 3068b.dat
0 STEP
1 72 -28 12 90 0 1 0 0 0 -1 -1 0 0 87079.dat
1 72 -28 12 30 0 1 0 -1 0 0 0 0 1 3022.dat
1 72 28 12 89.9999 0 -1 0 0 0 1 -1 0 0 87079.dat
1 72 28 12 29.9999 0 -1 0 1 0 0 0 0 1 3022.dat
0 STEP
1 4 -52 22 30 0 1 0 1 0 0 0 0 -1 41747.dat
1 4 -60 22 30 0 1 0 0 0 1 1 0 0 99563.dat
1 4 52 22 29.9999 0 -1 0 -1 0 0 0 0 -1 41748.dat
1 4 60 22 29.9999 0 -1 0 0 0 -1 1 0 0 99563.dat
0 STEP
1 4 0 40 90 0 0 -1 0 1 0 1 0 0 4871.dat
1 4 -30 32 90 0 0 1 0 1 0 -1 0 0 3069b.dat
1 4 30 32 90 0 0 1 0 1 0 -1 0 0 3069b.dat
0 STEP
1 0 0 10.6933 -61.2252 1 0 0 0 0.965927 -0.258815 0 0.258815 0.965927 01-foot.ldr
0 NOFILE
0 FILE 04-01-foreleg.ldr
0 
0 Name: 04-01-foreleg.ldr
0 Author: Nathanel Titane // nathanel.titane@gmail.com // All Rights Reserved
1 15 0 24 10 0 0 -1 0 1 0 1 0 0 3020.dat
1 15 -10 24 0 1 0 0 0 1 0 0 0 1 13547.dat
1 15 10 24 0 1 0 0 0 1 0 0 0 1 13547.dat
1 71 0 40 0 1 0 0 0 1 0 0 0 1 3023.dat
0 STEP
1 71 0 24 60 1 0 0 0 1 0 0 0 1 3023.dat
1 15 -10 32 20 -1 0 0 0 1 0 0 0 -1 4287.dat
1 15 10 32 20 -1 0 0 0 1 0 0 0 -1 4287.dat
1 72 -10 48 0 1 0 0 0 1 0 0 0 1 3024.dat
1 72 10 48 0 1 0 0 0 1 0 0 0 1 3024.dat
0 STEP
1 72 0 0 50 0 0 -1 0 1 0 1 0 0 48170.dat
1 72 0 0 0 0 0 -1 0 1 0 1 0 0 3002.dat
1 72 0 0 -40 -1 0 0 0 1 0 0 0 -1 32064.dat
1 72 0 0 -60 -1 0 0 0 1 0 0 0 -1 32064.dat
0 STEP
1 15 0 -24 0 -1 0 0 0 1 0 0 0 -1 30363.dat
1 15 0 -24 -20 1 0 0 0 1 0 0 0 1 3298.dat
1 15 -10 -24 -10 0 0 1 0 1 0 -1 0 0 85984.dat
1 15 10 -24 -10 0 0 -1 0 1 0 1 0 0 85984.dat
0 STEP
1 0 0 10 -90 0 -1 0 0 0 -1 1 0 0 32174.dat
1 0 0 10 -60 0 0 -1 0 1 0 1 0 0 4519.dat
0 STEP
1 72 0 -20 -120 -1 0 0 0 1 0 0 0 -1 85943.dat
1 0 0 -10 -90 1 0 0 0 0 -1 0 1 0 32062.dat
1 0 0 -10 -130 0 0 -1 0 1 0 1 0 0 2780.dat
0 STEP
1 72 0 -20 -140 1 0 0 0 1 0 0 0 1 3700.dat
1 72 0 4 -130 1 0 0 0 1 0 0 0 1 11203.dat
0 STEP
1 0 -10 -28 -130 1 0 0 0 1 0 0 0 1 92946.dat
1 0 10 -28 -130 1 0 0 0 1 0 0 0 1 92946.dat
1 72 -10 -36 -120 0 0 1 0 1 0 -1 0 0 2555.dat
1 72 10 -36 -120 0 0 1 0 1 0 -1 0 0 2555.dat
0 STEP
1 71 10 -51.6961 -91.5402 0 0 1 0.258815 0.965927 0 -0.965927 0.258815 0 60478.dat
1 71 -10 -51.6962 -91.5401 0 0 1 0.258815 0.965927 0 -0.965927 0.258815 0 60478.dat
1 72 10.0002 -43.9687 -89.4694 0 0 -1 -0.258815 0.965927 0 0.965927 0.258815 0 99780.dat
1 72 10.0001 -36.2413 -87.3989 0 0 -1 -0.258815 0.965927 0 0.965927 0.258815 0 44728.dat
1 72 -9.9998 -43.9682 -89.4718 0 0 1 0.258815 0.965927 0 -0.965927 0.258815 0 99780.dat
1 72 -9.9999 -36.2408 -87.4013 0 0 1 0.258815 0.965927 0 -0.965927 0.258815 0 44728.dat
0 STEP
1 4 -0.0027 -67.1881 -64.6326 0 0 -1 -0.258815 0.965927 0 0.965927 0.258815 0 3021.dat
1 4 0 -51.6966 -91.5383 1 0 0 0 0.965927 -0.258815 0 0.258815 0.965927 15068.dat
0 STEP
1 4 9.9947 -59.4602 -62.5637 -1 0 0 0 0.965927 0.258815 0 0.258815 -0.965927 4287.dat
1 4 -10.0053 -59.4603 -62.5635 -1 0 0 0 0.965927 0.258815 0 0.258815 -0.965927 4287.dat
0 STEP
1 4 -0.0092 -69.8137 -23.9235 -1 0 0.00015 0 0.965927 0.258815 0 0.258815 -0.965927 85984.dat
1 4 0 -77.5041 -57.0423 1 0 0 0 0.965927 -0.258815 0 0.258815 0.965927 3068b.dat
0 STEP
1 0 32.0003 -16.922 -82.2232 0 -1 0 -0.258917 0 -0.9659 0.9659 0 -0.258917 51739.dat
1 0 -31.9992 -16.9167 -82.2314 0 1 0 0.258815 0 -0.965927 -0.965927 0 -0.258815 51739.dat
0 STEP
1 0 23.9997 -45.8991 -89.9897 0 -1 0 0.258866 0 0.965913 -0.965913 0 0.258866 85984.dat
1 0 40.0003 -16.9223 -82.2227 0 -1 0 0.258866 0 0.965913 -0.965913 0 0.258866 3068b.dat
1 0 -24.0014 -45.8947 -89.9974 0 1 0 -0.258866 0 0.965913 0.965913 0 0.258866 85984.dat
1 0 -39.9992 -16.9161 -82.2314 0 1 0 -0.258866 0 0.965913 0.965913 0 0.258866 3068b.dat
0 STEP
1 0 0 20 -340 1 0 0 0 1 0 0 0 1 02-01-shin.ldr
0 NOFILE
0 FILE 04-02-foreleg.ldr
0 
0 Name: 04-02-foreleg.ldr
0 Author: Nathanel Titane // nathanel.titane@gmail.com // All Rights Reserved
1 15 0 24 10 0 0 -1 0 1 0 1 0 0 3020.dat
1 15 -10 24 0 1 0 0 0 1 0 0 0 1 13547.dat
1 15 10 24 0 1 0 0 0 1 0 0 0 1 13547.dat
1 71 0 40 0 1 0 0 0 1 0 0 0 1 3023.dat
0 STEP
1 71 0 24 60 1 0 0 0 1 0 0 0 1 3023.dat
1 15 -10 32 20 -1 0 0 0 1 0 0 0 -1 4287.dat
1 15 10 32 20 -1 0 0 0 1 0 0 0 -1 4287.dat
1 72 -10 48 0 1 0 0 0 1 0 0 0 1 3024.dat
1 72 10 48 0 1 0 0 0 1 0 0 0 1 3024.dat
0 STEP
1 72 0 0 50 0 0 -1 0 1 0 1 0 0 48170.dat
1 72 0 0 0 0 0 -1 0 1 0 1 0 0 3002.dat
1 72 0 0 -40 -1 0 0 0 1 0 0 0 -1 32064.dat
1 72 0 0 -60 -1 0 0 0 1 0 0 0 -1 32064.dat
0 STEP
1 15 0 -24 0 -1 0 0 0 1 0 0 0 -1 30363.dat
1 15 0 -24 -20 1 0 0 0 1 0 0 0 1 3298.dat
1 15 -10 -24 -10 0 0 1 0 1 0 -1 0 0 85984.dat
1 15 10 -24 -10 0 0 -1 0 1 0 1 0 0 85984.dat
0 STEP
1 0 0 10 -90 0 -1 0 0 0 -1 1 0 0 32174.dat
1 0 0 10 -60 0 0 -1 0 1 0 1 0 0 4519.dat
0 STEP
1 72 0 -20 -120 -1 0 0 0 1 0 0 0 -1 85943.dat
1 0 0 -10 -90 1 0 0 0 0 -1 0 1 0 32062.dat
1 0 0 -10 -130 0 0 -1 0 1 0 1 0 0 2780.dat
0 STEP
1 72 0 -20 -140 1 0 0 0 1 0 0 0 1 3700.dat
1 72 0 4 -130 1 0 0 0 1 0 0 0 1 11203.dat
0 STEP
1 0 -10 -28 -130 1 0 0 0 1 0 0 0 1 92946.dat
1 0 10 -28 -130 1 0 0 0 1 0 0 0 1 92946.dat
1 72 -10 -36 -120 0 0 1 0 1 0 -1 0 0 2555.dat
1 72 10 -36 -120 0 0 1 0 1 0 -1 0 0 2555.dat
0 STEP
1 71 10 -51.6961 -91.5402 0 0 1 0.258815 0.965927 0 -0.965927 0.258815 0 60478.dat
1 71 -10 -51.6962 -91.5401 0 0 1 0.258815 0.965927 0 -0.965927 0.258815 0 60478.dat
1 72 10.0002 -43.9687 -89.4694 0 0 -1 -0.258815 0.965927 0 0.965927 0.258815 0 99780.dat
1 72 10.0001 -36.2413 -87.3989 0 0 -1 -0.258815 0.965927 0 0.965927 0.258815 0 44728.dat
1 72 -9.9998 -43.9682 -89.4718 0 0 1 0.258815 0.965927 0 -0.965927 0.258815 0 99780.dat
1 72 -9.9999 -36.2408 -87.4013 0 0 1 0.258815 0.965927 0 -0.965927 0.258815 0 44728.dat
0 STEP
1 4 -0.0027 -67.1881 -64.6326 0 0 -1 -0.258815 0.965927 0 0.965927 0.258815 0 3021.dat
1 4 0 -51.6966 -91.5383 1 0 0 0 0.965927 -0.258815 0 0.258815 0.965927 15068.dat
0 STEP
1 4 9.9947 -59.4602 -62.5637 -1 0 0 0 0.965927 0.258815 0 0.258815 -0.965927 4287.dat
1 4 -10.0053 -59.4603 -62.5635 -1 0 0 0 0.965927 0.258815 0 0.258815 -0.965927 4287.dat
0 STEP
1 4 -0.0092 -69.8137 -23.9235 -1 0 0.00015 0 0.965927 0.258815 0 0.258815 -0.965927 85984.dat
1 4 0 -77.5041 -57.0423 1 0 0 0 0.965927 -0.258815 0 0.258815 0.965927 3068b.dat
0 STEP
1 0 32.0003 -16.922 -82.2232 0 -1 0 -0.258917 0 -0.9659 0.9659 0 -0.258917 51739.dat
1 0 -31.9992 -16.9167 -82.2314 0 1 0 0.258815 0 -0.965927 -0.965927 0 -0.258815 51739.dat
0 STEP
1 0 23.9997 -45.8991 -89.9897 0 -1 0 0.258866 0 0.965913 -0.965913 0 0.258866 85984.dat
1 0 40.0003 -16.9223 -82.2227 0 -1 0 0.258866 0 0.965913 -0.965913 0 0.258866 3068b.dat
1 0 -24.0014 -45.8947 -89.9974 0 1 0 -0.258866 0 0.965913 0.965913 0 0.258866 85984.dat
1 0 -39.9992 -16.9161 -82.2314 0 1 0 -0.258866 0 0.965913 0.965913 0 0.258866 3068b.dat
0 STEP
1 0 0 20 -340 1 0 0 0 1 0 0 0 1 02-02-shin.ldr
0 NOFILE
0 FILE 05-waist.ldr
0 
0 Name: 05-waist.ldr
0 Author: Nathanel Titane // nathanel.titane@gmail.com // All Rights Reserved
1 72 -10 80 30 0 0 1 0 1 0 -1 0 0 32028.dat
1 72 10 80 30 0 0 -1 0 1 0 1 0 0 32028.dat
1 72 -10 88 30 0 0 1 0 1 0 -1 0 0 32028.dat
1 72 10 88 30 0 0 -1 0 1 0 1 0 0 32028.dat
1 4 0 80 30 1 0 0 0 1 0 0 0 1 4871.dat
0 STEP
1 4 -10 56 50 0 0 -1 0 1 0 1 0 0 3700.dat
1 4 10 56 50 0 0 -1 0 1 0 1 0 0 3700.dat
1 4 0 56 20 1 0 0 0 1 0 0 0 1 32000.dat
0 STEP
1 72 0 72 0 1 0 0 0 1 0 0 0 1 3023.dat
1 4 0 72 0 1 0 0 0 1 0 0 0 1 85984.dat
0 STEP
1 0 -20 66 49.9984 1 0 0 0 0.996195 -0.087154 0 0.087154 0.996195 6628.dat
1 0 20 66.0003 49.9984 -1 0 0 0 0.996195 0.087154 0 0.087154 -0.996195 6628.dat
0 STEP
1 4 10 32 50 0 0 1 0 1 0 -1 0 0 32000.dat
1 4 -10 32 50 0 0 1 0 1 0 -1 0 0 32000.dat
1 0 20 42 59.9995 -1 0 0 0 1 0 0 0 -1 2780.dat
1 0 -20 42 59.9995 -1 0 0 0 1 0 0 0 -1 2780.dat
0 STEP
1 4 0 32 20 1 0 0 0 1 0 0 0 1 3660.dat
1 4 0 24 30 0 0 1 0 1 0 -1 0 0 3020.dat
0 STEP
1 0 0 42 40 -1 0 0 0 1 0 0 0 -1 3706.dat
1 0 -29.9995 42.0011 39.9995 0 -1 0 1 0 0 0 0 1 60483.dat
1 0 30 42.0011 39.9995 0 -1 0 1 0 0 0 0 1 60483.dat
0 STEP
1 0 0 0 60 1 0 0 0 1 0 0 0 1 3700.dat
1 0 0 10 60 0 0 1 0 1 0 -1 0 0 6558.dat
1 0 0 0 30 -1 0 0 0 1 0 0 0 -1 48172.dat
0 STEP
1 0 0 0 0 1 0 0 0 1 0 0 0 1 32000.dat
1 72 -10 10 -10 1 0 0 0 0 1 0 -1 0 4073.dat
1 72 10 10 -10 1 0 0 0 0 1 0 -1 0 4073.dat
0 STEP
1 0 -60 10 30 1 0 0 0 1 0 0 0 1 47455.dat
1 0 60 10 30 -1 0 0 0 1 0 0 0 -1 47455.dat
0 STEP
1 4 0 -8 30 0 0 1 0 1 0 -1 0 0 3020.dat
1 4 -10 -32 50 0 0 1 0 1 0 -1 0 0 32000.dat
1 4 10 -32 50 0 0 1 0 1 0 -1 0 0 32000.dat
1 0 -20 -22 59.9995 -1 0 0 0 1 0 0 0 -1 2780.dat
1 0 20 -22 59.9995 -1 0 0 0 1 0 0 0 -1 2780.dat
0 STEP
1 0 0 -22 40 -1 0 0 0 1 0 0 0 -1 3706.dat
1 0 30 -21.9989 39.9995 0 -1 0 1 0 0 0 0 1 60483.dat
1 0 -29.9995 -21.9989 39.9995 0 -1 0 1 0 0 0 0 1 60483.dat
0 STEP
1 0 -49.9995 42.0011 39.9995 1 0 0 0 0 -1 0 1 0 6536.dat
1 1 -49.9995 32.0011 59.9995 0 0 -1 -1 0 0 0 1 0 43093.dat
1 0 -49.9995 10.0011 59.9995 0 0 1 1 0 0 0 1 0 32174.dat
1 1 -49.9995 -11.9989 59.9995 0 0 -1 1 0 0 0 -1 0 43093.dat
1 0 -49.9995 -21.9989 39.9995 1 0 0 0 0 -1 0 1 0 6536.dat
0 STEP
1 0 50 42.0011 39.9995 1 0 0 0 0 -1 0 1 0 6536.dat
1 1 50 32.0011 59.9995 0 0 -1 -1 0 0 0 1 0 43093.dat
1 0 50 10.0011 59.9995 0 0 -1 -1 0 0 0 1 0 32174.dat
1 1 50 -11.9989 59.9995 0 0 -1 1 0 0 0 -1 0 43093.dat
1 0 50 -21.9989 39.9995 1 0 0 0 0 -1 0 1 0 6536.dat
0 STEP
1 4 0 -32 20 1 0 0 0 1 0 0 0 1 3039.dat
1 4 10 -56 50 0 0 -1 0 1 0 1 0 0 3700.dat
1 4 -10 -56 50 0 0 -1 0 1 0 1 0 0 3700.dat
1 4 0 -56 20 1 0 0 0 1 0 0 0 1 3937.dat
0 STEP
1 0 -20 -46 49.9984 1 0 0 0 1 0 0 0 1 6628.dat
1 0 20 -46 49.9984 -1 0 0 0 1 0 0 0 -1 6628.dat
0 STEP
1 72 -10 -64 50 0 0 1 0 1 0 -1 0 0 99780.dat
1 72 10 -64 50 0 0 -1 0 1 0 1 0 0 99780.dat
1 72 -10.0003 -72 49.9995 1 0 0 0 1 0 0 0 1 92946.dat
1 72 9.9997 -72 49.9995 1 0 0 0 1 0 0 0 1 92946.dat
0 STEP
1 0 -0.0003 -96 59.9997 -1 0 0 0 1 0 0 0 -1 11211.dat
1 0 -0.0003 -96 59.9997 -1 0 0 0 1 0 0 0 -1 85984.dat
1 0 0 -76.0019 93.9994 -1 0 0 0 0 -1 0 -1 0 3300.dat
0 STEP
1 71 0.0002 -53.0712 12.929 1 0 0 0 0.707116 -0.707098 0 0.707098 0.707116 3938.dat
1 71 -0.0025 -58.7266 7.2726 -1 0 0 0 0.707116 0.707098 0 0.707098 -0.707116 99207.dat
0 STEP
1 71 -0.0003 -75.6974 -9.6977 -1 0 0 0 0.707116 0.707098 0 0.707098 -0.707116 3004.dat
1 71 -0.0003 -75.6974 -9.6977 1 0 0 0 0.707116 -0.707098 0 0.707098 0.707116 85984.dat
0 STEP
1 71 -9.9945 -94.0838 25.6561 1 0 0 0 0.707116 0.707097 0 -0.707097 0.707116 42023.dat
1 71 10.0055 -94.0841 25.6553 1 0 0 0 0.707116 0.707097 0 -0.707097 0.707116 42023.dat
1 71 0 -99.7395 31.3138 -1 0 0 0 0.707116 -0.707097 0 -0.707097 -0.707116 3022.dat
1 71 0.0028 -142.1653 -11.1132 0 0 1 -0.707097 0.707117 0 -0.707117 -0.707097 0 87079.dat
0 STEP
1 71 -0.0008 -92.6685 38.385 -1 0 0 0 0.707116 -0.707097 0 -0.707097 -0.707116 85984.dat
1 71 -0.0008 -106.8105 24.2427 1 0 0 0 0.707116 0.707097 0 -0.707097 0.707116 85984.dat
0 STEP
1 71 36.5348 85.3215 50.0006 0 0.866043 0.49997 0 -0.49997 0.866043 1 0 0 14704.dat
1 4 41.5345 93.982 50.0011 0 0.866043 0.49997 0 -0.49997 0.866043 1 0 0 15068.dat
1 71 -36.5348 85.3215 50.0006 0 -0.866043 -0.49997 0 -0.49997 0.866043 -1 0 0 14704.dat
1 4 -41.5345 93.982 50.0011 0 -0.866043 -0.49997 0 -0.49997 0.866043 -1 0 0 15068.dat
0 STEP
1 4 43.4627 81.3226 30.0003 0 0.866043 -0.49997 0 -0.49997 -0.866043 -1 0 0 3010.dat
1 4 36.5333 85.3237 -9.9994 0 0.866043 -0.49997 0 -0.49997 -0.866043 -1 0 0 2431.dat
1 4 -43.4627 81.3226 30.0003 0 -0.866043 0.49997 0 -0.49997 -0.866043 1 0 0 3010.dat
1 4 -36.5335 85.3242 -9.9994 0 -0.866043 -0.49997 0 -0.49997 0.866043 -1 0 0 2431.dat
0 STEP
1 4 43.4615 81.3245 -19.9997 -0.49997 0.866043 0 -0.866043 -0.49997 0 0 0 1 3665.dat
1 4 64.247 69.3245 -0.0006 -0.49997 0.866043 0 -0.866043 -0.49997 0 0 0 1 3665.dat
1 4 64.2475 69.3237 19.9993 0.49997 0.866043 0 0.866043 -0.49997 0 0 0 -1 4287.dat
1 4 -43.4615 81.3245 -19.9998 -0.49997 -0.866043 0 0.866043 -0.49997 0 0 0 1 3665.dat
1 4 -64.247 69.3245 -0.0007 -0.49997 -0.866043 0 0.866043 -0.49997 0 0 0 1 3665.dat
1 4 -64.2475 69.3237 19.9994 0.49997 -0.866043 0 -0.866043 -0.49997 0 0 0 -1 4287.dat
0 STEP
1 4 39.6059 106.6415 60.0019 0 0.866043 0.49997 0 -0.49997 0.866043 1 0 0 3005.dat
1 4 -39.6059 106.6415 60.0019 0 -0.866043 -0.49997 0 -0.49997 0.866043 -1 0 0 3005.dat
0 STEP
1 4 39.6054 106.6423 40.0019 -0.49997 0.866043 0 -0.866043 -0.499969 0 0 0 1 6541.dat
1 4 -39.6055 106.6423 40.0019 -0.49997 -0.866043 0 0.866043 -0.49997 0 0 0 1 6541.dat
1 71 -48.2653 101.6417 30.0016 0.49997 0 0.866043 -0.866043 0 0.49997 0 -1 0 3024.dat
1 71 48.2656 101.6424 30.0011 0.49997 0 -0.866043 0.866043 0 0.49997 0 -1 0 3024.dat
0 STEP
1 4 -60.3896 94.6414 40.0015 0.49997 -0.866043 0 -0.866043 -0.49997 0 0 0 -1 3665.dat
1 4 60.3905 94.643 40.0009 0.49997 0.866043 0 0.866043 -0.49997 0 0 0 -1 3665.dat
0 STEP
1 71 65.5864 91.643 30.0008 0.49997 0 -0.866043 0.866043 0 0.49997 0 -1 0 3070b.dat
1 71 65.5862 91.6429 22.0008 -0.499924 0 0.866069 -0.866069 0 -0.499924 0 -1 0 3665.dat
1 71 -65.5861 91.6423 30.0014 0.49997 0 0.866043 -0.866043 0 0.49997 0 -1 0 3070b.dat
1 71 -65.5858 91.642 22.0014 -0.500015 0 -0.866017 0.866017 0 -0.500015 0 -1 0 3665.dat
0 STEP
1 0 -83.294 0 -56.933 0.965926 0 0.258819 0 1 0 -0.258819 0 0.965926 04-01-foreleg.ldr
0 STEP
1 0 83.294 0 -56.933 0.965926 0 -0.258819 0 1 0 0.258819 0 0.965926 04-02-foreleg.ldr
0 STEP
1 0 -86.7299 10.0007 74.8351 0.965934 -0.25879 0 0.0001 0 1 -0.25879 -0.965934 0 06-side-skirt.ldr
0 STEP
1 0 86.7318 10.0007 74.8352 -0.965934 0.25879 0 0 0 -1 -0.25879 -0.965934 0 06-side-skirt.ldr
0 STEP
1 0 -50 -50 49.9984 1 0 0 0 1 0 0 0 1 07-01-front-skirt.ldr
0 STEP
1 0 50 -50 49.9984 1 0 0 0 1 0 0 0 1 07-02-front-skirt.ldr
0 NOFILE
0 FILE 06-side-skirt.ldr
0 
0 Name: 06-side-skirt.ldr
0 Author: Nathanel Titane // nathanel.titane@gmail.com // All Rights Reserved
1 4 0 0 0 0 0 1 0 1 0 -1 0 0 32064.dat
1 4 0 24 -10 1 0 0 0 1 0 0 0 1 2449.dat
1 4 0 24 10 -1 0 0 0 1 0 0 0 -1 2449.dat
0 STEP
1 4 0 96 0 0 0 1 0 1 0 -1 0 0 3004.dat
1 0 -0.0007 122.0003 9.9993 0 1 0 1 0 0 0 0 -1 2780.dat
1 0 -0.0007 122.0003 -10.0007 0 1 0 1 0 0 0 0 -1 2780.dat
0 STEP
1 4 0 148 0 0 0 -1 0 -1 0 -1 0 0 85984.dat
1 4 0 148 0 0 0 1 0 -1 0 1 0 0 3004.dat
0 STEP
1 4 0 0 30 -1 0 0 0 1 0 0 0 -1 4070.dat
1 4 0.0048 0 -30 1 0 0 0 1 0 0 0 1 4070.dat
1 4 0 -8 -20 1 0 0 0 1 0 0 0 1 92946.dat
1 4 0 -8 20 -1 0 0 0 1 0 0 0 -1 92946.dat
0 STEP
0 STEP
1 4 0 -32 0 0 0 1 0 1 0 -1 0 0 3039.dat
1 4 -20 -8 0 0 0 1 0 1 0 -1 0 0 3245b.dat
0 STEP
1 4 0 -32 0 0 0 -1 0 1 0 1 0 0 85984.dat
1 4 0.0058 9.9996 -44.0003 1 0 0 0 0 -1 0 1 0 3070b.dat
1 4 -0.0003 9.9996 44.0003 -1 0 0 0 0 -1 0 -1 0 3070b.dat
0 STEP
1 0 -20 40 0 0 0 1 0 1 0 -1 0 0 3023.dat
1 71 -20 48 10 0 0 1 0 1 0 -1 0 0 3005.dat
1 71 -20 48 -10 0 0 1 0 1 0 -1 0 0 3005.dat
0 STEP
1 0 10 10 0 -1 0 0 0 1 0 0 0 -1 32062.dat
1 0 20 10 0 0 -1 0 -1 0 0 0 0 -1 32474.dat
0 NOFILE
0 FILE 07-01-front-skirt.ldr
0 
0 Name: 07-01-front-skirt.ldr
0 Author: Nathanel Titane // nathanel.titane@gmail.com // All Rights Reserved
1 71 0 0 0 0 0 -1 0 1 0 1 0 0 14704.dat
1 71 0.0005 -24 0 0 0 1 0 1 0 -1 0 0 52107.dat
0 STEP
1 72 -18.0008 -14.0002 0 0 1 0 0 0 -1 -1 0 0 32028.dat
1 72 -18.0008 -14.0002 0 0 1 0 0 0 -1 -1 0 0 85984.dat
0 STEP
1 4 9.9991 -14.0031 -59.9963 0 -1 0 0 0 -1 1 0 0 3010.dat
1 4 10.0083 -14.0073 -109.9964 0 -1 0 1 0 0 0 0 1 3665.dat
1 4 17.9992 -14.0025 -59.9949 0 -1 0 0 0 -1 1 0 0 4162.dat
0 STEP
1 4 -13.9972 -14.0071 -80.0008 0 -1 0 0 0 -1 1 0 0 3710.dat
1 72 -14.0064 -14.005 -30.0007 0 -1 0 0 0 1 -1 0 0 3024.dat
0 STEP
1 4 -21.9953 -14.0073 -90.0022 0 -1 0 1 0 0 0 0 1 3665.dat
1 4 -21.999 -14.0088 -70.0022 0 -1 0 -1 0 0 0 0 -1 4287.dat
0 STEP
1 72 0 -32 10.0016 -1 0 0 0 1 0 0 0 -1 2420.dat
1 4 -10.0013 -32 10 -1 0 0 0 1 0 0 0 -1 85984.dat
0 STEP
1 297 0.0071 -48 -29.9979 1 0 0 0 1 0 0 0 1 50950.dat
0 NOFILE
0 FILE 07-02-front-skirt.ldr
0 
0 Name: 07-02-front-skirt.ldr
0 Author: Nathanel Titane // nathanel.titane@gmail.com // All Rights Reserved
1 71 0 0 0 0 0 1 0 1 0 -1 0 0 14704.dat
1 71 -0.0005 -24 0 0 0 -1 0 1 0 1 0 0 52107.dat
0 STEP
1 72 18.0008 -14.0002 0.0024 0 -1 0 0 0 -1 1 0 0 32028.dat
1 72 18.0008 -14.0002 0.0024 0 -1 0 0 0 -1 1 0 0 85984.dat
0 STEP
1 4 -9.9739 -13.9967 -60.0042 0 1 0 0 0 1 1 0 0 3010.dat
1 4 -17.9739 -13.996 -60.0061 0 1 0 0 0 1 1 0 0 4162.dat
1 4 -9.9621 -13.9951 -110.0042 0 1 0 -1 0 0 0 0 1 3665.dat
0 STEP
1 4 14.0308 -13.9975 -79.9985 0 1 0 0 0 1 1 0 0 3710.dat
1 72 14.019 -13.997 -29.9985 0 1 0 0 0 -1 -1 0 0 3024.dat
0 STEP
1 4 22.0332 -13.9992 -89.9966 0 1 0 -1 0 0 0 0 1 3665.dat
