0 FILE 00-instructions.ldr
0 Name: 00-instructions.ldr
0 Author: Nathanel Titane // nathanel.titane@gmail.com // All Rights Reserved
0
0 // LPUB[3D] FRONT COVER PAGE /////////////////////////////////////////////////
0
0 !LPUB PAGE DOCUMENT_TITLE_FRONT COLOR "#666666"
0 !LPUB PAGE DOCUMENT_TITLE_FRONT CONTENT GLOBAL "MODEL // EVA-00 EVANGELION"
0 !LPUB PAGE DOCUMENT_TITLE_FRONT DISPLAY GLOBAL TRUE
0 !LPUB PAGE DOCUMENT_TITLE_FRONT FONT "Noto Sans,72,-1,0,75,0,0,0,0,0,Bold"
0 !LPUB PAGE DOCUMENT_TITLE_FRONT MARGINS 0.2500 0.1000
0 !LPUB PAGE DOCUMENT_TITLE_FRONT PLACEMENT GLOBAL TOP_LEFT PAGE INSIDE OFFSET 0.0000 0.0000

0 !LPUB PAGE DOCUMENT_AUTHOR_FRONT CONTENT GLOBAL "MODEL DESIGN AND INSTRUCTIONS // NATHANEL TITANE"
0 !LPUB PAGE DOCUMENT_AUTHOR_FRONT COLOR "#666666"
0 !LPUB PAGE DOCUMENT_AUTHOR_FRONT DISPLAY GLOBAL TRUE
0 !LPUB PAGE DOCUMENT_AUTHOR_FRONT FONT "Noto Sans,18,-1,0,75,0,0,0,0,0,Bold"
0 !LPUB PAGE DOCUMENT_AUTHOR_FRONT MARGINS 0.3000 1.0000
0 !LPUB PAGE DOCUMENT_AUTHOR_FRONT PLACEMENT TOP_LEFT PAGE INSIDE OFFSET 0.0000 0.0000

0 !LPUB PAGE MODEL_PARTS COLOR "#666666"
0 !LPUB PAGE MODEL_PARTS CONTENT GLOBAL "479 PIECES"
0 !LPUB PAGE MODEL_PARTS DISPLAY GLOBAL TRUE
0 !LPUB PAGE MODEL_PARTS FONT "Noto Sans,72,-1,0,75,0,0,0,0,0,Bold"
0 !LPUB PAGE MODEL_PARTS MARGINS 0.2500 0.1000
0 !LPUB PAGE MODEL_PARTS PLACEMENT GLOBAL BOTTOM_LEFT PAGE INSIDE OFFSET 0.0000 0.0000

0 !LPUB PAGE PUBLISH_DESCRIPTION COLOR "#666666"
0 !LPUB PAGE PUBLISH_DESCRIPTION CONTENT GLOBAL "LEGO // LINUX - Where Lego and Linux Meet"
0 !LPUB PAGE PUBLISH_DESCRIPTION DISPLAY GLOBAL TRUE
0 !LPUB PAGE PUBLISH_DESCRIPTION FONT "Noto Sans,36,-1,0,75,0,0,0,0,0,Bold"
0 !LPUB PAGE PUBLISH_DESCRIPTION MARGINS 0.2000 0.2000
0 !LPUB PAGE PUBLISH_DESCRIPTION PLACEMENT GLOBAL BOTTOM_RIGHT PAGE INSIDE OFFSET 0.0000 0.0000
0
0 // LPUB[3D] BACK COVER PAGE //////////////////////////////////////////////////
0
0 // LPUB[3D] DOCUMENT DISCLAIMER
0 !LPUB PAGE LEGO_DISCLAIMER COLOR "#666666"
0 !LPUB PAGE LEGO_DISCLAIMER CONTENT GLOBAL "LEGO® // REGISTERED TRADEMARK OF THE LEGO GROUP"
0 !LPUB PAGE LEGO_DISCLAIMER DISPLAY GLOBAL TRUE
0 !LPUB PAGE LEGO_DISCLAIMER FONT "Noto Sans,36,-1,0,75,0,0,0,0,0,Bold"
0 !LPUB PAGE LEGO_DISCLAIMER PLACEMENT GLOBAL CENTER PAGE INSIDE OFFSET 0.0000 -0.2500
0
0 // LPUB[3D] PAGE DOCUMENT AUTHOR
0 !LPUB PAGE DOCUMENT_AUTHOR_BACK COLOR "#666666"
0 !LPUB PAGE DOCUMENT_AUTHOR_BACK CONTENT GLOBAL "MODEL DESIGN AND INSTRUCTIONS // NATHANEL TITANE"
0 !LPUB PAGE DOCUMENT_AUTHOR_BACK DISPLAY GLOBAL TRUE
0 !LPUB PAGE DOCUMENT_AUTHOR_BACK FONT "Noto Sans,36,-1,0,75,0,0,0,0,0,Bold"
0 !LPUB PAGE DOCUMENT_AUTHOR_BACK PLACEMENT CENTER PAGE INSIDE OFFSET 0.0000 -0.2000
0
0 // LPUB[3D] PAGE PUBLICATION COPYRIGHT
0 !LPUB PAGE PUBLISH_COPYRIGHT_BACK COLOR "#666666"
0 !LPUB PAGE PUBLISH_COPYRIGHT_BACK CONTENT GLOBAL "COPYRIGHT // ALL RIGHTS RESERVED"
0 !LPUB PAGE PUBLISH_COPYRIGHT_BACK DISPLAY GLOBAL TRUE
0 !LPUB PAGE PUBLISH_COPYRIGHT_BACK FONT "Noto Sans,36,-1,0,75,0,0,0,0,0,Bold"
0 !LPUB PAGE PUBLISH_COPYRIGHT_BACK PLACEMENT GLOBAL CENTER PAGE INSIDE OFFSET 0.0000 -0.1500
0
0 // LPUB[3D] PAGE PUBLICATION EMAIL
0 !LPUB PAGE PUBLISH_EMAIL_BACK COLOR "#666666"
0 !LPUB PAGE PUBLISH_EMAIL_BACK CONTENT GLOBAL "CONTACT // NATHANEL.TITANE@GMAIL.COM // INFO@LEGOLINUX.COM"
0 !LPUB PAGE PUBLISH_EMAIL_BACK DISPLAY GLOBAL TRUE
0 !LPUB PAGE PUBLISH_EMAIL_BACK FONT "Noto Sans,18,-1,0,75,0,0,0,0,0,Bold"
0 !LPUB PAGE PUBLISH_EMAIL_BACK PLACEMENT GLOBAL CENTER PAGE INSIDE OFFSET 0.0000 -0.0500
0
0 // LPUB[3D] PAGE PUBLICATION URL
0 !LPUB PAGE PUBLISH_URL_BACK COLOR "#666666"
0 !LPUB PAGE PUBLISH_URL_BACK CONTENT GLOBAL "WEB // HTTPS://LEGOLINUX.COM/MODELS/EVANGELIONS/EVA-00-EVANGELION"
0 !LPUB PAGE PUBLISH_URL_BACK DISPLAY GLOBAL TRUE
0 !LPUB PAGE PUBLISH_URL_BACK FONT "Noto Sans,18,-1,0,75,0,0,0,0,0,Bold"
0 !LPUB PAGE PUBLISH_URL_BACK PLACEMENT GLOBAL CENTER PAGE INSIDE OFFSET 0.0000 -0.0250
0
0 // LPUB[3D] PAGE LOGO
0 !LPUB PAGE DOCUMENT_LOGO_BACK DISPLAY GLOBAL TRUE
0 !LPUB PAGE DOCUMENT_LOGO_BACK FILE GLOBAL "/media/internal/Lego/lpub3d/instructions/logo.png"
0 !LPUB PAGE DOCUMENT_LOGO_BACK PLACEMENT CENTER PAGE INSIDE OFFSET 0.0000 0.45000
0 !LPUB PAGE DOCUMENT_LOGO_BACK SCALE GLOBAL  1.0000
0
0 // LPUB[3D] CONFIGURATION ////////////////////////////////////////////////////
0
0 // LPUB[3D] PAGE WATERMARK
0 !LPUB PAGE PUBLISH_EMAIL CONTENT GLOBAL "CONTACT // NATHANEL.TITANE@GMAIL.COM // INFO@LEGOLINUX.COM"
0 !LPUB PAGE PUBLISH_EMAIL COLOR "#666666"
0 !LPUB PAGE PUBLISH_EMAIL DISPLAY GLOBAL TRUE
0 !LPUB PAGE PUBLISH_EMAIL FONT "Noto Sans,18,-1,0,75,0,0,0,0,0,Bold"
0 !LPUB PAGE PUBLISH_EMAIL MARGINS 0.0000 0.1500
0 !LPUB PAGE PUBLISH_EMAIL PLACEMENT GLOBAL BOTTOM PAGE INSIDE OFFSET 0.0000 0.0000
0 !LPUB PAGE DOCUMENT_AUTHOR CONTENT GLOBAL "MODEL DESIGN AND INSTRUCTIONS // NATHANEL TITANE"
0 !LPUB PAGE DOCUMENT_AUTHOR COLOR "#666666"
0 !LPUB PAGE DOCUMENT_AUTHOR DISPLAY GLOBAL TRUE
0 !LPUB PAGE DOCUMENT_AUTHOR FONT "Noto Sans,18,-1,0,75,0,0,0,0,0,Bold"
0 !LPUB PAGE DOCUMENT_AUTHOR MARGINS 0.0000 0.2000
0 !LPUB PAGE DOCUMENT_AUTHOR PLACEMENT GLOBAL TOP PAGE INSIDE OFFSET 0.0000 0.0000
0
0 // LPUB[3D] STEPS HIGHLIGHT
0 !LPUB HIGHLIGHT_STEP ENABLED GLOBAL TRUE
0 !LPUB HIGHLIGHT_STEP COLOR GLOBAL "#7137C8"
0
0 // LPUB[3D] STEP FADE
0 !LPUB FADE_STEP OPACITY GLOBAL "50"
0 !LPUB FADE_STEP COLOR GLOBAL "Trans_Black"
0 !LPUB FADE_STEP ENABLED GLOBAL TRUE
0 !LPUB FINAL_MODEL_ENABLED GLOBAL TRUE
0
0 // LPUB[3D] SUBMODEL PREVIEW
0 !LPUB SUBMODEL_DISPLAY SHOW GLOBAL TRUE
0 !LPUB SUBMODEL_DISPLAY BACKGROUND COLOR "#DDDDDD"
0 !LPUB SUBMODEL_DISPLAY MARGINS 0.1500 0.7500
0 !LPUB SUBMODEL_DISPLAY BORDER SQUARE 0 Black 0.031 MARGINS 0.050 0.050
0 !LPUB SUBMODEL_DISPLAY PLACEMENT GLOBAL LEFT PAGE INSIDE
0 !LPUB SUBMODEL_DISPLAY CAMERA_ANGLES 30.0000 45.0000
0
0 // LPUB[3D] ASSEMBLIES
0 !LPUB ASSEM CAMERA_ANGLES 30.0000 45.0000
0 !LPUB ASSEM MARGINS 0.5000 0.5000
0 !LPUB ASSEM MODEL_SCALE 1.0000
0 !LPUB ASSEM PLACEMENT CENTER PAGE INSIDE OFFSET 0.0000 0.0000
0
0 // LPUB[3D] BILL OF MATERIALS
0 !LPUB BOM BACKGROUND COLOR "#DDDDDD"
0 !LPUB BOM BORDER SQUARE 0 #666666 0.025 MARGINS 0.050 0.050
0 !LPUB BOM CONSTRAIN HEIGHT 13.0000
0 !LPUB BOM CONSTRAIN SQUARE
0 !LPUB BOM PLACEMENT CENTER PAGE INSIDE OFFSET 0.0000 0.0000
0
0 // LPUB[3D] CALLOUTS
0 !LPUB CALLOUT BORDER SQUARE 0 #666666 0.025 MARGINS 0.050 0.050
0 !LPUB CALLOUT MARGINS 0.1250 0.1250
0 !LPUB CALLOUT PLACEMENT RIGHT PAGE INSIDE OFFSET 0.0000 0.0000
0
0 // LPUB[3D] PAGE
0 !LPUB PAGE DOCUMENT_COVER_IMAGE DISPLAY GLOBAL TRUE
0 !LPUB PAGE DOCUMENT_COVER_IMAGE FILE GLOBAL "../renders/flat/flat.png"
0 !LPUB PAGE DOCUMENT_COVER_IMAGE FILL GLOBAL ASPECT
0 !LPUB PAGE DOCUMENT_COVER_IMAGE MARGINS GLOBAL 0.0000 0.0000
0 !LPUB PAGE DOCUMENT_COVER_IMAGE PLACEMENT GLOBAL CENTER PAGE INSIDE OFFSET 0.0000 0.0000
0 !LPUB PAGE DOCUMENT_COVER_IMAGE SCALE GLOBAL 1.0000
0
0 // LPUB[3D] PAGE NUMBER
0 !LPUB PAGE NUMBER FONT "Noto Sans,36,-1,0,75,0,0,0,0,0,Bold"
0 !LPUB PAGE NUMBER FONT_COLOR "#666666"
0 !LPUB PAGE NUMBER MARGINS 0.1250 0.1250
0 !LPUB PAGE NUMBER PLACEMENT BOTTOM_RIGHT PAGE INSIDE OFFSET 0.0000 0.0000
0
0 // LPUB[3D] PAGE SETUP
0 !LPUB PAGE BORDER GLOBAL NONE 0 MARGINS 0.000 0.000
0 !LPUB PAGE ENABLE_TEXT_PLACEMENT GLOBAL CENTER PAGE INSIDE OFFSET 0.0000 0.0000
0 !LPUB PAGE TEXT_PLACEMENT GLOBAL TRUE
0 !LPUB PAGE PAGE_FOOTER SIZE GLOBAL 32.0000 0.5000
0 !LPUB PAGE PAGE_HEADER SIZE GLOBAL 32.0000 0.5000
0 !LPUB PAGE MARGINS GLOBAL 0.0000 0.0000
0 !LPUB PAGE ORIENTATION GLOBAL LANDSCAPE
0 !LPUB PAGE SIZE GLOBAL 16.0000 32.0000
0
0 // LPUB[3D] PAGE COLORS
0 !LPUB PAGE SUBMODEL_BACKGROUND_COLOR GLOBAL "#DDDDDD" "#FFE680" "#FFAAAA" "#C6AFE9"
0
0 // LPUB[3D] SUBMODELS
0 !LPUB PAGE SUBMODEL_INSTANCE_COUNT FONT_COLOR "#FF5555"
0 !LPUB PAGE SUBMODEL_INSTANCE_COUNT FONT "Noto Sans,72,-1,0,75,0,0,0,0,0,Bold"
0 !LPUB PAGE SUBMODEL_INSTANCE_COUNT MARGINS 0.0000 0.1250
0 !LPUB PAGE SUBMODEL_INSTANCE_COUNT PLACEMENT BOTTOM_RIGHT PAGE INSIDE OFFSET 0.0000 -0.0500
0
0 // LPUB[3D] PARTS LIST
0 !LPUB PLI BACKGROUND COLOR "#DDDDDD"
0 !LPUB PLI BORDER SQUARE 0 #666666 0.025 MARGINS 0.0500 0.050
0 !LPUB PLI CAMERA_ANGLES 30.0000 45.0000
0 !LPUB PLI CONSTRAIN HEIGHT 5.0000
0 !LPUB PLI MODEL_SCALE  1.0000
0 !LPUB PLI MARGINS 0.1500 0.7500
0 !LPUB PLI PLACEMENT TOP_RIGHT PAGE INSIDE OFFSET 0.0000 0.0000
0 !LPUB PLI INSTANCE_COUNT FONT "Noto Sans,36,-1,0,75,0,0,0,0,0,Bold"
0 !LPUB PLI INSTANCE_COUNT FONT_COLOR "#666666"
0 !LPUB PLI INSTANCE_COUNT MARGINS 0.0125 0.0125
0 !LPUB PLI INSTANCE_COUNT MARGINS 0.0125 0.3000
0
0 // LPUB[3D] STEP NUMBER
0 !LPUB STEP_NUMBER FONT "Noto Sans,72,-1,0,75,0,0,0,0,0,Bold"
0 !LPUB STEP_NUMBER FONT_COLOR "#666666"
0 !LPUB STEP_NUMBER MARGINS 0.1250 0.0000
0 !LPUB STEP_NUMBER PLACEMENT TOP_LEFT PAGE INSIDE OFFSET 0.0000 0.0000
0
0 // LPUB[3D] BEGIN INSTRUCTIONS ///////////////////////////////////////////////
0
0 STEP
0 !LPUB INSERT COVER_PAGE FRONT
0 STEP
0 !LPUB ASSEM MODEL_SCALE LOCAL 0.7500
1 0 0 0 0 1 0 0 0 1 0 0 0 1 00-model.ldr
0 STEP
0
0 // LPUB[3D] DISABLE FINAL MODEL SHOWCASE /////////////////////////////////////
0
0 !LPUB NOSTEP
0
0 // LPUB[3D] BOM PAGES
0 STEP
0 !LPUB INSERT PAGE
0 !LPUB INSERT BOM
0 STEP
0 !LPUB INSERT PAGE
0 !LPUB INSERT BOM
0 STEP
0 !LPUB INSERT PAGE
0 !LPUB INSERT BOM
0 STEP
0 !LPUB INSERT PAGE
0 !LPUB INSERT BOM
0 STEP
0 !LPUB INSERT PAGE
0 !LPUB INSERT BOM
0 STEP
0 !LPUB INSERT PAGE
0 !LPUB INSERT BOM
0 STEP
0 !LPUB INSERT PAGE
0 !LPUB INSERT BOM
0 STEP
0 !LPUB INSERT PAGE
0 !LPUB INSERT BOM
0 STEP
0 !LPUB INSERT PAGE
0 !LPUB INSERT BOM
0 STEP
0 !LPUB INSERT PAGE
0 !LPUB INSERT BOM
0 STEP
0 !LPUB INSERT PAGE
0 !LPUB INSERT BOM
0 STEP
0 !LPUB INSERT PAGE
0 !LPUB INSERT BOM
0 STEP
0
0 !LPUB NOSTEP
0
0 !LPUB INSERT COVER_PAGE BACK
0
0 // LPUB[3D] END INSTRUCTIONS /////////////////////////////////////////////////
0
0 NOFILE
0 FILE 00-model.ldr
0 Author: Nathanel Titane // nathanel.titane@gmail.com // All Rights Reserved
1 0 0 0 0 1 0.000026 0.000026 0.000026 0.000026 -1 -0.000026 1 0.000026 04-waist.ldr
0 STEP
1 0 0.0041 -100.7363 54.5526 1 0.00003 0.000026 0.00003 -0.139145 -0.990272 -0.000026 0.990272 -0.139145 05-abdomen.ldr
0 STEP
1 0 0.0062 -162.9078 60.5096 1 0.000034 0.000025 0.000034 -0.275608 -0.96127 -0.000025 0.96127 -0.275608 06-apex.ldr
0 STEP
1 0 0.008 -216.5441 61.6397 1 0.000039 0.000024 0.000039 -0.469441 -0.882964 -0.000024 0.882964 -0.469441 07-torso.ldr
0 STEP
0 NOFILE
0 FILE 01-foot.ldr
0 Author: Nathanel Titane // nathanel.titane@gmail.com // All Rights Reserved
1 15 0 0 0 0.000026 0 -1 0 1 0 1 0 0.000026 3023.dat
1 15 0 -8 10 1 0 0 0 1 0 0 0 1 3024.dat
0 STEP
1 1 0 -24 -10 1 0 0 0 1 0 0 0 1 6541.dat
1 1 0 -40 -10 -1 0 0.000053 0 1 0 -0.000053 0 -1 6091.dat
1 0 0 -40 -10 -1 0 0.000053 0 1 0 -0.000053 0 -1 2555.dat
0 STEP
1 0 0.0013 -13.9995 -20 1 -0.000053 0.000053 -0.000053 -0.000026 1 -0.000053 -1 -0.000026 87087.dat
1 0 0 -32 -30 -0.000079 0 -1 0 1 0 1 0 -0.000079 2555.dat
0 STEP
1 1 0 -24 -50 -1 0 0.000053 0 1 0 -0.000053 0 -1 4070.dat
1 15 0 0 -80 0.000026 0 -1 0 1 0 1 0 0.000026 3710.dat
0 STEP
1 1 0 -8 -80 0.000026 0 -1 0 1 0 1 0 0.000026 3023.dat
1 1 0 -16 -70 0.000026 0 -1 0 1 0 1 0 0.000026 3024.dat
1 1 0 -16 -60 1 0 -0.000106 0 1 0 0.000106 0 1 11477.dat
1 1 0 0 -100 1 0 -0.000106 0 1 0 0.000106 0 1 11477.dat
0 STEP
1 0 0.0004 -54.3201 -41.7319 1 0.000039 -0.000082 -0.000052 -0.49997 -0.866043 -0.000075 0.866043 -0.49997 2540.dat
1 1 -0.0006 -42.3209 -62.517 1 0.000039 -0.000082 -0.000052 -0.49997 -0.866043 -0.000075 0.866043 -0.49997 3049c.dat
0 STEP
1 0 -19.9999 -18.0001 -30.0001 0 1 -0.000026 0.000079 0.000026 1 1 0 -0.000079 4085d.dat
1 1 -12.0009 -18.002 -20.0033 -0.000027 1 0.000105 1 0.000027 -0.000157 -0.000157 0.000105 -1 11477.dat
1 0 19.9999 -18.0001 -29.9997 0.000053 -1 0.000026 0.000079 0.000026 1 -1 -0.000053 0.000079 4085d.dat
1 1 11.9993 -18.0009 -20.0014 -0.000026 -1 0.000053 -1 0.000026 0.000105 -0.000105 -0.000053 -1 11477.dat
0 NOFILE
0 FILE 02-shin.ldr
0 Author: Nathanel Titane // nathanel.titane@gmail.com // All Rights Reserved
1 71 -0.0003 -2.6794 9.9999 -0.000024 -0.000021 -1 0.996193 0.08718 -0.000026 0.08718 -0.996193 0.000019 4697b.dat
1 0 -9.0003 -2.6795 9.9998 -0.000003 1 0.000039 0.499969 0.000036 -0.866043 -0.866043 0.000016 -0.499969 41677.dat
1 0 -19.0003 -2.6801 9.9995 -0.000003 1 0.00004 0.499969 0.000036 -0.866043 -0.866043 0.000017 -0.499969 41677.dat
1 71 0 -20 0 0.000026 0 -1 -0.000053 -1 0 -1 0.000053 -0.000026 4697b.dat
1 0 8.9997 -2.6793 9.9999 -0.000003 1 0.000039 0.499969 0.000036 -0.866043 -0.866043 0.000016 -0.499969 41677.dat
1 0 18.9997 -2.6791 9.9999 -0.000003 1 0.000039 0.499969 0.000036 -0.866043 -0.866043 0.000016 -0.499969 41677.dat
0 STEP
1 0 0 -33 0.0017 0.000132 0 1 0.000053 -1 0 1 0.000053 -0.000132 4733.dat
1 1 -0.0005 -73.0005 -17.9972 0 0.000026 1 1 0.000027 0 -0.000027 1 -0.000026 92593.dat
1 1 0 -33.0005 -9.998 1 0.000026 0.000026 0.000026 0.000027 -1 -0.000026 1 0.000027 11477.dat
1 1 -0.0002 -103.0007 -17.9961 1 0.000026 0 0 0.000027 -1 -0.000026 1 0.000027 54200.dat
1 0 -0.0013 -113.0003 -9.9961 -1 0.000026 0.000026 0.000026 0.000027 1 0.000026 1 -0.000027 4595.dat
0 STEP
1 0 -0.0016 -126.0003 0.0033 -1 0.000026 0.000026 -0.000026 -1 0.000053 0.000026 0.000053 1 87994.dat
1 0 0 -169 0.0161 1 0 0 0 1 0.000106 0 -0.000106 1 85861.dat
1 0 0 -193 0.0186 1 0 0 0 1 0.000106 0 -0.000106 1 4733.dat
0 STEP
1 0 -0.0017 -173.0007 -25.9945 -0.000053 0.000026 -1 -1 0.000027 0.000053 0.000027 1 0.000026 92280.dat
1 0 -0.0005 -153.0005 -17.995 0 0.000026 1 1 0.000027 0 -0.000027 1 -0.000026 3710.dat
1 15 0.0002 -143.0011 -41.9953 1 0.000026 -0.000079 -0.000079 0.000027 -1 -0.000026 1 0.000027 50950.dat
0 STEP
1 1 -0.0002 -132.9976 34.0094 -1 -0.000079 -0.000026 0.000026 -0.000079 -1 0.000079 -1 0.000079 42022.dat
1 1 0.0001 -122.9976 34.0086 -1 -0.000079 0 0 -0.000079 -1 0.000079 -1 0.000079 54200.dat
1 1 -0.0005 -172.9967 18.0275 0 0.000027 -1 1 -0.000185 0 -0.000185 -1 -0.000027 3023.dat
1 1 -0.0007 -172.9952 26.0275 0 0.000027 -1 1 -0.000185 0 -0.000185 -1 -0.000027 3023.dat
1 1 -0.0016 -162.9907 50.0257 1 0.000027 -0.000026 0.000026 -0.000185 1 0.000027 -1 -0.000185 50950.dat
0 STEP
1 1 -18.0016 -92.9995 0.0068 0.000026 1 -0.000105 1 -0.000026 -0.000053 -0.000053 -0.000105 -1 6636.dat
1 72 -17.9964 -172.9975 0.0059 0.000027 1 -0.000052 1 -0.000027 0 0 -0.000052 -1 32028.dat
1 1 -9.9969 -172.9982 -9.9945 -0.000027 1 0.000052 -1 -0.000027 0.000053 0.000053 -0.000052 1 15068.dat
0 STEP
1 1 18.0016 -92.9995 0.004 -0.000026 -1 0.000052 1 -0.000026 0.000053 -0.000053 0.000052 1 6636.dat
1 72 18.0036 -172.9985 0.004 0.000026 -1 -0.000052 -1 -0.000026 0 0 0.000052 -1 32028.dat
1 1 10.0031 -172.9982 -9.9956 -0.000026 -1 0.000052 1 -0.000026 -0.000053 0.000053 0.000052 1 15068.dat
0 STEP
1 0 -0.0056 -202.8008 -54.6208 0.000092 -0.000027 1 0.707135 -0.707079 -0.000084 0.707079 0.707135 -0.000046 60478.dat
1 1 -0.0078 -229.6714 -70.1761 1 -0.000027 -0.000065 -0.000065 -0.707079 -0.707135 -0.000027 0.707135 -0.707079 4287.dat
1 1 -0.0078 -229.6715 -70.1761 -1 -0.000028 0.000039 0.000047 -0.707078 0.707135 0.000008 0.707135 0.707078 54200.dat
1 1 -0.0062 -197.1441 -60.2779 -0.00004 -0.000027 -1 -0.707135 -0.707079 0.000048 -0.707079 0.707135 0.000009 3069b.dat
0 STEP
1 71 0 -206 0.0211 0.000026 0 -1 0.000106 1 0 1 -0.000106 0.000026 4697b.dat
1 0 -9.0005 -206.0013 -19.9787 -0.000026 1 0.000052 -1 -0.000026 0.000106 0.000106 -0.000052 1 41677.dat
1 0 -19.0005 -206.0011 -19.9779 -0.000026 1 0.000053 -1 -0.000026 0.000106 0.000106 -0.000053 1 41677.dat
1 71 -0.0005 -206.0016 -19.9789 0 -0.000026 -1 -0.000053 -1 0.000026 -1 0.000053 0 4697b.dat
1 0 8.9995 -206.0018 -19.9792 -0.000026 1 0.000052 -1 -0.000026 0.000106 0.000106 -0.000052 1 41677.dat
1 0 18.9995 -206.0021 -19.9794 -0.000026 1 0.000052 -1 -0.000026 0.000106 0.000106 -0.000052 1 41677.dat
0 STEP
1 0 -0.006 43.6676 8.0292 1 -0.000077 0.000074 0.000083 0.996199 -0.087101 -0.000067 0.087101 0.996199 01-foot.ldr
0 NOFILE
0 FILE 03-01-thigh.ldr
0 Author: Nathanel Titane // nathanel.titane@gmail.com // All Rights Reserved
1 1 4.4404 29.736 40.0002 0.965927 0.258815 -0.000009 -0.258815 0.965927 -0.00002 0.000004 0.000021 1 4287.dat
1 1 4.4402 29.7356 60.0002 0.965927 0.258815 -0.000009 -0.258815 0.965927 -0.00002 0.000004 0.000021 1 3005.dat
1 1 4.44 29.7353 80.0002 0.965927 0.258815 -0.000009 -0.258815 0.965927 -0.00002 0.000004 0.000021 1 3005.dat
1 1 4.4398 29.7349 100.0002 -0.965927 0.258815 0.000061 0.258815 0.965927 0.000006 -0.000057 0.000021 -1 4287.dat
0 STEP
1 0 -1.7708 6.5546 -0.0003 0.965927 0.258815 -0.000009 -0.258815 0.965927 -0.00002 0.000004 0.000021 1 87087.dat
1 0 -1.771 6.5542 19.9997 0.000035 0.258815 0.965927 0.000013 0.965927 -0.258815 -1 0.000021 0.00003 47905.dat
1 0 -1.7713 6.5536 49.9997 0.000035 0.258815 0.965927 0.000013 0.965927 -0.258815 -1 0.000021 0.00003 52107.dat
1 0 -1.7726 6.5531 89.9997 0.000035 0.258815 0.965927 0.000013 0.965927 -0.258815 -1 0.000021 0.00003 52107.dat
1 0 -1.774 6.5526 129.9997 0.000035 0.258815 0.965927 0.000013 0.965927 -0.258815 -1 0.000021 0.00003 52107.dat
0 STEP
1 1 -3.842 -1.1742 69.9995 0.000035 0.258815 0.965927 0.000013 0.965927 -0.258815 -1 0.000021 0.00003 3710.dat
1 1 -5.9125 -8.9016 69.9994 0.000035 0.258815 0.965927 0.000013 0.965927 -0.258815 -1 0.000021 0.00003 32028.dat
1 1 -7.983 -16.629 69.9992 0.000035 0.258815 0.965927 0.000013 0.965927 -0.258815 -1 0.000021 0.00003 3069b.dat
1 1 -7.9825 -16.6281 19.9992 0.965927 0.258815 -0.000111 -0.258815 0.965927 0.000008 0.000109 0.000021 1 50950.dat
1 1 -7.9835 -16.63 119.9992 -0.965927 0.258815 0.00006 0.258815 0.965927 0.000006 -0.000056 0.000021 -1 50950.dat
0 STEP
1 1 -16.5701 20.8726 70.0012 0.000035 0.965934 -0.25879 0.000013 -0.25879 -0.965934 -1 0.00003 -0.000021 3666.dat
1 1 -8.8401 18.8045 10.0014 -0.25879 0.965934 -0.000014 -0.965934 -0.25879 0.000063 0.000058 0.00003 1 11477.dat
1 1 -6.2539 28.4624 50.0019 0.000035 0.965934 -0.25879 0.000013 -0.25879 -0.965934 -1 0.00003 -0.000021 15068.dat
1 1 -6.2555 28.4608 90.0019 0.000035 0.965934 -0.25879 0.000013 -0.25879 -0.965934 -1 0.00003 -0.000021 15068.dat
1 1 -8.8451 18.8 130.0015 0.25879 0.965934 0.000028 0.965934 -0.25879 -0.000012 -0.000005 0.00003 -1 11477.dat
0 STEP
1 1 18.2047 11.5582 50.0021 0.000035 -0.965947 0.258738 0.000013 0.258738 0.965947 -1 -0.00003 0.000021 3710.dat
1 1 10.4781 13.6271 10.002 0.258738 -0.965947 -0.000055 0.965947 0.258738 -0.000089 0.0001 -0.00003 1 11477.dat
1 1 13.0644 23.2871 50.0036 -0.000048 -0.965947 -0.258738 -0.000064 0.258738 -0.965947 1 -0.00003 -0.000074 15068.dat
1 1 13.0633 23.2876 90.0034 -0.000048 -0.965947 -0.258738 -0.000064 0.258738 -0.965947 1 -0.00003 -0.000074 15068.dat
1 1 18.2042 11.5572 100.0021 0.000035 -0.965947 0.258738 0.000013 0.258738 0.965947 -1 -0.00003 0.000021 3024.dat
0 STEP
1 0 18.2028 11.5591 120.0025 -0.258738 -0.965947 0.000041 -0.965947 0.258738 0.000038 -0.000047 -0.00003 -1 2555.dat
1 0 18.2026 11.5587 140.0025 -0.258738 -0.965947 0.000041 -0.965947 0.258738 0.000038 -0.000047 -0.00003 -1 2555.dat
1 71 23.9982 10.006 130.0025 -0.000079 1 -0.000079 -1 -0.000079 0.000026 0.000026 0.000079 1 4697b.dat
0 STEP
1 0 5.9957 35.5364 -228.9991 0.965927 0.000016 0.258815 -0.258815 0.000045 0.965927 0.000004 -1 0.000048 02-shin.ldr
0 NOFILE
0 FILE 03-02-thigh.ldr
0 Author: Nathanel Titane // nathanel.titane@gmail.com // All Rights Reserved
1 1 -4.4387 29.7324 39.9996 0.965927 -0.258815 -0.000011 0.258815 0.965927 0.000033 0.000002 -0.000035 1 4287.dat
1 1 -4.4389 29.733 59.9996 0.965927 -0.258815 -0.000011 0.258815 0.965927 0.000033 0.000002 -0.000035 1 3005.dat
1 1 -4.4391 29.7337 79.9996 0.965927 -0.258815 -0.000011 0.258815 0.965927 0.000033 0.000002 -0.000035 1 3005.dat
1 1 -4.4394 29.7344 99.9996 -0.965927 -0.258815 0.000062 -0.258815 0.965927 -0.00002 -0.000055 -0.000035 -1 4287.dat
0 STEP
1 0 1.7733 6.5488 0.0004 0.965927 -0.258815 -0.000011 0.258815 0.965927 0.000033 0.000002 -0.000035 1 87087.dat
1 0 1.7731 6.5494 20.0004 0.000036 -0.258815 0.965927 -0.000027 0.965927 0.258815 -1 -0.000035 0.000028 47905.dat
1 0 1.7728 6.5504 50.0004 0.000036 -0.258815 0.965927 -0.000027 0.965927 0.258815 -1 -0.000035 0.000028 52107.dat
1 0 1.7713 6.5515 90.0004 0.000036 -0.258815 0.965927 -0.000027 0.965927 0.258815 -1 -0.000035 0.000028 52107.dat
1 0 1.7699 6.5526 130.0004 -0.000088 -0.258815 -0.965927 0.000013 0.965927 -0.258815 1 -0.000035 -0.000081 52107.dat
0 STEP
1 1 3.8431 -1.1763 70.0007 0.000036 -0.258815 0.965927 -0.000027 0.965927 0.258815 -1 -0.000035 0.000028 3710.dat
1 1 5.9136 -8.9037 70.001 -0.000088 -0.258815 -0.965927 0.000013 0.965927 -0.258815 1 -0.000035 -0.000081 32028.dat
1 1 7.9841 -16.6311 70.0013 0.000036 -0.258815 0.965927 -0.000027 0.965927 0.258815 -1 -0.000035 0.000028 3069b.dat
1 1 7.9847 -16.6328 20.0012 0.965927 -0.258815 -0.000113 0.258815 0.965927 0.000006 0.000107 -0.000035 1 50950.dat
1 1 7.9835 -16.6295 120.0012 -0.965927 -0.258815 0.000061 -0.258815 0.965927 -0.00002 -0.000054 -0.000035 -1 50950.dat
0 STEP
1 1 16.5695 20.873 70.0024 0.000036 -0.965907 -0.258891 -0.000027 -0.258891 0.965907 -1 -0.000028 -0.000035 3666.dat
1 1 8.8449 18.7987 10.0021 -0.258891 -0.965907 -0.000016 0.965907 -0.258891 -0.00005 0.000044 -0.000028 1 11477.dat
1 1 6.2542 28.4599 50.0031 -0.000023 -0.965907 0.258891 -0.000025 -0.258891 -0.965907 1 -0.000028 -0.000018 15068.dat
1 1 6.2525 28.4619 90.0031 -0.000023 -0.965907 0.258891 -0.000025 -0.258891 -0.965907 1 -0.000028 -0.000018 15068.dat
1 1 8.8397 18.8049 130.0022 0.258891 -0.965907 0.00003 -0.965907 -0.258891 -0.000001 0.000009 -0.000028 -1 11477.dat
0 STEP
1 1 -18.2019 11.5506 50.0012 0.000036 0.965893 0.258942 -0.000027 0.258942 -0.965893 -1 0.000028 0.000035 3710.dat
1 1 -10.4737 13.6225 10.0016 0.258942 0.965893 -0.000057 -0.965893 0.258942 0.000103 0.000114 0.000028 1 11477.dat
1 1 -13.0643 23.2815 50.0005 0.000064 0.965893 0.258942 -0.000129 0.258942 -0.965893 -1 0.000028 0.000141 15068.dat
1 1 -13.0655 23.2816 90.0003 0.000064 0.965893 0.258942 -0.000129 0.258942 -0.965893 -1 0.000028 0.000141 15068.dat
1 1 -18.205 11.5516 100.0012 0.000036 0.965893 0.258942 -0.000027 0.258942 -0.965893 -1 0.000028 0.000035 3024.dat
0 STEP
1 0 -18.2056 11.5583 119.9966 0.258738 0.965947 -0.000094 -0.965947 0.258738 0.000038 0.000061 0.000081 1 2555.dat
1 0 -18.2081 11.5595 139.9966 0.258738 0.965947 -0.000094 -0.965947 0.258738 0.000038 0.000061 0.000081 1 2555.dat
1 71 -24.0024 10.006 129.9962 0.000079 -1 0.000132 -1 -0.000079 0.000026 -0.000026 -0.000132 -1 4697b.dat
0 STEP
1 0 -5.9884 35.5185 -229 0.965927 0.000005 -0.258815 0.258815 -0.000008 0.965927 0.000002 -1 -0.000009 02-shin.ldr
0 NOFILE
0 FILE 04-waist.ldr
0 Author: Nathanel Titane // nathanel.titane@gmail.com // All Rights Reserved
1 0 19.9979 48 60.0016 -0.000184 0 -1 0 1 0 1 0 -0.000184 60478.dat
1 0 -0.0021 48 60.0016 -0.000184 0 -1 0 1 0 1 0 -0.000184 60478.dat
1 72 19.9997 56 70.0016 1 0 -0.000105 0 1 0 0.000105 0 1 3665.dat
1 72 -0.0003 56 70.0016 1 0 -0.000105 0 1 0 0.000105 0 1 3665.dat
0 STEP
1 0 19.9963 24 70.0016 -1 0 0.000157 0 1 0 -0.000157 0 -1 4070.dat
1 0 -0.0037 24 70.0016 -1 0 0.000157 0 1 0 -0.000157 0 -1 4070.dat
1 0 9.9963 24 70 -1 0 0.000157 0 1 0 -0.000157 0 -1 85984.dat
1 0 9.9963 34 76 1 0 -0.00021 0.00021 0.000026 1 0 -1 0.000026 85984.dat
0 STEP
1 1 -0.0003 24 50.0016 0.000131 0 1 0 1 0 -1 0 0.000131 3665.dat
1 1 19.9997 24 50.0016 -0.000184 0 -1 0 1 0 1 0 -0.000184 3665.dat
0 STEP
1 0 9.9997 0 40 0.000026 0 1 0 1 0 -1 0 0.000026 3003.dat
1 1 39.9997 0 50.0016 -0.000184 0 -1 0 1 0 1 0 -0.000184 3005.dat
1 1 -20.0003 0 50.0016 -0.000184 0 -1 0 1 0 1 0 -0.000184 3005.dat
1 1 29.9997 -8 50.0016 -0.000184 0 -1 0 1 0 1 0 -0.000184 92946.dat
1 1 -10.0003 -8 50.0016 0.000131 0 1 0 1 0 -1 0 0.000131 92946.dat
0 STEP
1 0 -0.0003 0 10 0.000026 0 1 0 1 0 -1 0 0.000026 87087.dat
1 0 19.9997 0 10.0016 -0.000079 0 -1 0 1 0 1 0 -0.000079 87087.dat
1 0 9.9997 -8 20 0.000026 0 1 0 1 0 -1 0 0.000026 3022.dat
1 1 9.9997 -32 10.0016 -1 0 0.000157 0 1 0 -0.000157 0 -1 3039.dat
1 1 9.9997 -40 10.0016 -1 0 0.000157 0 1 0 -0.000157 0 -1 3794b.dat
0 STEP
1 1 19.9997 24 30.0016 1 0 -0.000105 0 1 0 0.000105 0 1 3665.dat
1 1 -0.0003 24 30.0016 1 0 -0.000105 0 1 0 0.000105 0 1 3665.dat
1 1 9.9934 -32 50.0016 -1 0 0.000157 0 1 0 -0.000157 0 -1 3049c.dat
0 STEP
1 1 10.0039 -56 -9.9984 1 0 -0.00021 0 1 0 0.00021 0 1 50950.dat
1 1 10.0039 -32 -9.9984 1 0 -0.00021 0 1 0 0.00021 0 1 3665.dat
1 0 10.0039 -6 -9.9984 0.000236 0 1 1 0.000026 -0.000236 -0.000026 1 0 2780.dat
1 1 10.0039 20 -9.9984 1 0 -0.00021 0 -1 -0.000053 -0.00021 0.000053 -1 3005.dat
1 1 10.0039 20 -9.9984 -1 0.000053 0.000184 -0.000053 -1 0 0.000184 0 1 54200.dat
0 STEP
1 0 -41.99 0 -120.0033 1 0 -0.000079 0 1 0 0.000079 0 1 03-01-thigh.ldr
0 STEP
1 0 62.01 0 -119.9951 1 0 -0.000079 0 1 0 0.000079 0 1 03-02-thigh.ldr
0 NOFILE
0 FILE 05-abdomen.ldr
0 Author: Nathanel Titane // nathanel.titane@gmail.com // All Rights Reserved
1 0 19.9979 8 20.0016 -0.000184 0 -1 0 1 0 1 0 -0.000184 60478.dat
1 0 -0.0021 8 20.0016 -0.000184 0 -1 0 1 0 1 0 -0.000184 60478.dat
1 72 20.0029 16 10.0016 -1 0 0.000158 0 1 0 -0.000158 0 -1 3665.dat
1 72 0.0029 16 10.0016 -1 0 0.000158 0 1 0 -0.000158 0 -1 3665.dat
0 STEP
1 0 19.9963 -16 30.0016 -1 0 0.000157 0 1 0 -0.000157 0 -1 4070.dat
1 0 -0.0037 -16 30.0016 -1 0 0.000157 0 1 0 -0.000157 0 -1 4070.dat
1 0 9.9963 -16 30 -1 0 0.000157 0 1 0 -0.000157 0 -1 85984.dat
1 0 9.9963 -6 36 1 0 -0.00021 0.00021 0.000026 1 0 -1 0.000026 85984.dat
0 STEP
1 0 0 0 -0.0003 0.000026 0 1 0 1 0 -1 0 0.000026 92280.dat
1 0 20 0 -0.0003 0.000026 0 1 0 1 0 -1 0 0.000026 92280.dat
1 72 0.0003 8 -10.0008 0.000026 0 1 0 1 0 -1 0 0.000026 4073.dat
1 72 20.0003 8 -10.0008 0.000026 0 1 0 1 0 -1 0 0.000026 4073.dat
0 STEP
1 1 -0.0003 -24 10.0016 0.000131 0 1 0 1 0 -1 0 0.000131 3665.dat
1 1 19.9997 -24 10.0016 -0.000184 0 -1 0 1 0 1 0 -0.000184 3665.dat
1 1 9.9997 -48 10.0016 1 0 -0.00021 0 1 0 0.00021 0 1 3660.dat
1 1 39.9997 -48 10.0016 -0.000184 0 -1 0 1 0 1 0 -0.000184 3005.dat
1 1 -20.0003 -48 10.0016 -0.000184 0 -1 0 1 0 1 0 -0.000184 3005.dat
1 1 29.9997 -56 10.0016 -0.000184 0 -1 0 1 0 1 0 -0.000184 92946.dat
1 1 -10.0003 -56 10.0016 0.000131 0 1 0 1 0 -1 0 0.000131 92946.dat
0 STEP
1 0 9.9979 -56 -9.9984 1 0 -0.00021 0 1 0 0.00021 0 1 32028.dat
1 71 9.9934 -80 -9.9984 -1 0 0.000157 0 1 0 -0.000157 0 -1 3048b.dat
1 1 9.9934 -80 10.0016 -1 0 0.000157 0 1 0 -0.000157 0 -1 3049c.dat
0 NOFILE
0 FILE 06-apex.ldr
0 Author: Nathanel Titane // nathanel.titane@gmail.com // All Rights Reserved
1 0 19.9979 8 20.0016 -0.000184 0 -1 0 1 0 1 0 -0.000184 60478.dat
1 0 -0.0021 8 20.0016 -0.000184 0 -1 0 1 0 1 0 -0.000184 60478.dat
1 72 20.0029 16 10.0016 -1 0 0.000158 0 1 0 -0.000158 0 -1 3665.dat
1 72 0.0029 16 10.0016 -1 0 0.000158 0 1 0 -0.000158 0 -1 3665.dat
0 STEP
1 0 19.9963 -16 30.0016 -1 0 0.000157 0 1 0 -0.000157 0 -1 4070.dat
1 0 -0.0037 -16 30.0016 -1 0 0.000157 0 1 0 -0.000157 0 -1 4070.dat
1 0 9.9963 -16 30 -1 0 0.000157 0 1 0 -0.000157 0 -1 85984.dat
1 0 9.9963 -6 36 1 0 -0.00021 0.00021 0.000026 1 0 -1 0.000026 85984.dat
0 STEP
1 0 0 0 -0.0003 0.000026 0 1 0 1 0 -1 0 0.000026 92280.dat
1 0 20 0 -0.0003 0.000026 0 1 0 1 0 -1 0 0.000026 92280.dat
1 72 0.0003 8 -10.0008 0.000026 0 1 0 1 0 -1 0 0.000026 4073.dat
1 72 20.0003 8 -10.0008 0.000026 0 1 0 1 0 -1 0 0.000026 4073.dat
0 STEP
1 1 -0.0003 -24 10.0016 0.000131 0 1 0 1 0 -1 0 0.000131 3665.dat
1 1 19.9997 -24 10.0016 -0.000184 0 -1 0 1 0 1 0 -0.000184 3665.dat
1 1 9.9997 -48 10.0016 1 0 -0.00021 0 1 0 0.00021 0 1 3660.dat
1 1 39.9997 -48 10.0016 -0.000184 0 -1 0 1 0 1 0 -0.000184 3005.dat
1 1 -20.0003 -48 10.0016 -0.000184 0 -1 0 1 0 1 0 -0.000184 3005.dat
1 1 29.9997 -56 10.0016 -0.000184 0 -1 0 1 0 1 0 -0.000184 92946.dat
1 1 -10.0003 -56 10.0016 0.000131 0 1 0 1 0 -1 0 0.000131 92946.dat
0 STEP
1 0 9.9979 -56 -9.9984 1 0 -0.00021 0 1 0 0.00021 0 1 32028.dat
1 71 9.9934 -80 -9.9984 -1 0 0.000157 0 1 0 -0.000157 0 -1 3048b.dat
1 1 9.9934 -80 10.0016 -1 0 0.000157 0 1 0 -0.000157 0 -1 3049c.dat
0 NOFILE
0 FILE 07-torso.ldr
0 Author: Nathanel Titane // nathanel.titane@gmail.com // All Rights Reserved
1 1 9.9995 40 -10 0.000026 0 1 0 1 0 -1 0 0.000026 4871.dat
1 72 10.0003 64 -9.9995 -1 0 0.000053 0 1 0 -0.000053 0 -1 18674.dat
1 72 10.0003 72 -9.9995 -1 0 0.000053 0 1 0 -0.000053 0 -1 2654.dat
0 STEP
1 72 9.9997 8 0 1 0 0 0 1 0 0 0 1 3039.dat
1 72 9.9997 32 0 1 0 0 0 1 0 0 0 1 3004.dat
1 72 9.9997 32 -20 1 0 0 0 1 0 0 0 1 3700.dat
0 STEP
1 1 -20.0003 16 0 1 0 0 0 1 0 0 0 1 3040.dat
1 1 -20.0003 16 0 -1 0 -0.000026 0 1 0 0.000026 0 -1 54200.dat
1 1 39.9997 16 0 1 0 0 0 1 0 0 0 1 3040.dat
1 1 39.9997 16 0 -1 0 -0.000026 0 1 0 0.000026 0 -1 54200.dat
0 STEP
1 0 -0.0003 0 10 0.000026 0 1 0 1 0 -1 0 0.000026 92280.dat
1 0 19.9997 0 10 0.000026 0 1 0 1 0 -1 0 0.000026 92280.dat
1 0 10 -8 20 1 0 0 0 1 0 0 0 1 3023.dat
1 0 10 -16 20 1 0 0 0 1 0 0 0 1 3023.dat
1 1 0 8 20 0.000026 0 1 0 1 0 -1 0 0.000026 4287.dat
1 1 20 8 20.0016 -0.000079 0 -1 0 1 0 1 0 -0.000079 4287.dat
0 STEP
1 0 0 34 20 -0.000079 0 -1 -1 0.000026 0.000079 0.000026 1 0 2780.dat
1 0 20 34 20 -0.000079 0 -1 -1 0.000026 0.000079 0.000026 1 0 2780.dat
1 15 9.9997 60 20 1 0 0 0 -1 -0.000053 0 0.000053 -1 3004.dat
1 15 -0.0003 60 20.0017 -0 0 1 0.000053 -1 0 1 0.000053 0 54200.dat
1 15 19.9997 60 20.0017 0 0 -1 -0.000053 -1 -0 -1 0.000053 -0 54200.dat
0 STEP
1 1 -19.9992 -16 20 1 0 0 0 1 0 0 0 1 3665.dat
1 1 -39.9992 -16 20 0.000026 0 1 0 1 0 -1 0 0.000026 3676.dat
1 1 40.0008 -16 20 1 0 0 0 1 0 0 0 1 3665.dat
1 1 60.0008 -16 20 1 0 0 0 1 0 0 0 1 3676.dat
0 STEP
1 0 10 -40 20 -1 0 0.000053 0 1 0 -0.000053 0 -1 30414.dat
1 0 -40 -40 20 -1 0 0.000053 0 1 0 -0.000053 0 -1 87087.dat
1 0 -60 -40 20 0.000027 0 1 0 1 0 -1 0 0.000027 87087.dat
1 0 60 -40 20 -1 0 0.000053 0 1 0 -0.000053 0 -1 87087.dat
1 0 80 -40 20 -0.000079 0 -1 0 1 0 1 0 -0.000079 87087.dat
0 STEP
1 1 60.0011 -40 0 -1 0 0.000053 0 1 0 -0.000053 0 -1 3622.dat
1 1 -39.9989 -40 0 -1 0 0.000053 0 1 0 -0.000053 0 -1 3622.dat
0 STEP
1 0 10 -64 20 -1 0 0.000053 0 1 0 -0.000053 0 -1 3004.dat
1 1 40 -64 10.0016 -0.000079 0 -1 0 1 0 1 0 -0.000079 3298.dat
1 1 -20 -64 10.0016 0.000132 0 1 0 1 0 -1 0 0.000132 3298.dat
0 STEP
1 0 10 -72 20 1 0 -0.000105 0 1 0 0.000105 0 1 32028.dat
1 1 10 -96 20 1 0 -0.000105 0 1 0 0.000105 0 1 3660.dat
1 1 10.0032 -120 0 -1 0 0.000158 0 1 0 -0.000158 0 -1 3049c.dat
1 1 10 -120 20 -1 0 0.000158 0 1 0 -0.000158 0 -1 3048b.dat
0 STEP
1 0 10 -19.9997 37.9995 0.000026 0 -1 1 0.000026 0.000026 0.000026 -1 0 3020.dat
1 0 50.0005 -9.9997 37.9997 -1 0 0.000053 -0.000053 0.000026 -1 0 -1 -0.000026 32028.dat
1 0 -29.9995 -9.9997 37.9997 -1 0 0.000053 -0.000053 0.000026 -1 0 -1 -0.000026 32028.dat
1 0 -20 -29.9997 37.9992 1 0 0 0 0.000026 1 0 -1 0.000026 49668.dat
1 0 40 -29.9997 37.9992 1 0 0 0 0.000026 1 0 -1 0.000026 49668.dat
0 STEP
1 0 10 -59.9995 29.9984 1 0 0 0 0.000026 1 0 -1 0.000026 15068.dat
1 0 0 -29.9999 45.9992 0.000026 0 1 -1 0.000026 0.000026 -0.000026 -1 0 2555.dat
1 0 20 -29.9999 45.9992 0.000026 0 1 -1 0.000026 0.000026 -0.000026 -1 0 2555.dat
1 0 10 -9.9999 45.9997 1 0 0 0 0.000026 1 0 -1 0.000026 3710.dat
0 STEP
1 15 10 19.9999 54.0005 -1 0 0.000053 -0.000053 0.000026 -1 0 -1 -0.000026 93606.dat
1 1 -40 -30.0001 53.9992 0.000026 0 1 -1 0.000026 0.000026 -0.000026 -1 0 50950.dat
1 1 60 -30.0001 53.9992 0.000027 0 -1 1 0.000026 0.000027 0.000026 -1 0 50950.dat
1 1 50.0024 -9.9965 37.9997 -0.000079 0 -1 1 0.000026 -0.000079 0.000026 -1 0 11477.dat
1 1 -29.9976 -9.9965 37.9997 0.000132 0 1 -1 0.000026 0.000132 -0.000026 -1 0 11477.dat
0 STEP
1 1 -20 -88 10.0016 0.000132 0 1 0 1 0 -1 0 0.000132 3937.dat
1 71 -27.0722 -85.0741 10.0005 0.00014 0.707098 0.707116 0.000019 0.707116 -0.707098 -1 0.000112 0.000086 3938.dat
1 72 -32.7276 -90.7309 -0.0004 0.00014 0.707098 0.707116 0.000019 0.707116 -0.707098 -1 0.000112 0.000086 3623.dat
0 STEP
1 15 -34.1392 -78.0025 -20.0004 0.00014 0.707098 0.707116 0.000019 0.707116 -0.707098 -1 0.000112 0.000086 29120.dat
0 STEP
1 72 -41.2145 -70.9322 10.0014 0.00014 0.707098 0.707116 0.000019 0.707116 -0.707098 -1 0.000112 0.000086 32028.dat
1 1 -20.0043 -92.1435 19.9987 0.00014 0.707098 0.707116 0.000019 0.707116 -0.707098 -1 0.000112 0.000086 93273.dat
1 1 -20.0015 -92.1431 -0.0013 0.00014 0.707098 0.707116 0.000019 0.707116 -0.707098 -1 0.000112 0.000086 93273.dat
1 72 -18.5885 -104.8712 9.9986 0.00014 0.707098 0.707116 0.000019 0.707116 -0.707098 -1 0.000112 0.000086 3023.dat
0 STEP
1 1 40 -88 10.0126 -0.000185 0 -1 0 1 0 1 0 -0.000185 3937.dat
1 71 47.0722 -85.0741 10.0141 -0.000193 -0.707098 -0.707116 0.000019 0.707116 -0.707098 1 -0.00015 -0.000123 3938.dat
1 72 52.7304 -90.7309 0.0153 -0.000193 -0.707098 -0.707116 0.000019 0.707116 -0.707098 1 -0.00015 -0.000123 3623.dat
0 STEP
1 15 54.1471 -78.0022 -19.9846 -0.000193 -0.707098 -0.707116 0.000019 0.707116 -0.707098 1 -0.00015 -0.000123 29119.dat
0 STEP
1 72 61.2146 -70.9322 10.014 -0.000193 -0.707098 -0.707116 0.000019 0.707116 -0.707098 1 -0.00015 -0.000123 32028.dat
1 1 40.0009 -92.143 20.0155 -0.000193 -0.707098 -0.707116 0.000019 0.707116 -0.707098 1 -0.00015 -0.000123 93273.dat
1 1 40.0037 -92.1426 0.0155 -0.000193 -0.707098 -0.707116 0.000019 0.707116 -0.707098 1 -0.00015 -0.000123 93273.dat
1 72 38.5896 -104.872 10.0155 -0.000193 -0.707098 -0.707116 0.000019 0.707116 -0.707098 1 -0.00015 -0.000123 3023.dat
0 STEP
1 0 10 -29.9995 51.9984 1 0 0 0 0.342015 0.939695 0 -0.939695 0.342015 08-head.ldr
0 STEP
1 0 -102.0003 -27.4135 29.6583 1 0.000033 -0.000026 0.000034 -0.258789 0.965934 0.000025 -0.965934 -0.258789 09-01-shoulder.ldr
0 STEP
1 0 121.9997 -27.4061 29.664 1 0.000033 -0.000026 0.000034 -0.258789 0.965934 0.000025 -0.965934 -0.258789 09-02-shoulder.ldr
0 NOFILE
0 FILE 08-head.ldr
0 Author: Nathanel Titane // nathanel.titane@gmail.com // All Rights Reserved
1 71 0 0 0 -0.000026 0 1 0.000026 -1 0 1 0.000026 0.000026 4697b.dat
1 0 0.0002 -9 0 1 0.000052 0.000052 0.000052 -1 -0.000026 0.000052 0.000026 -1 41677.dat
1 0 0.0005 -19 0 1 0.000052 0.000052 0.000052 -1 -0.000026 0.000052 0.000026 -1 41677.dat
1 71 0.0012 -28 -20 -1 -0.000105 0.000052 -0.000105 1 0.000026 -0.000052 0.000026 -1 4697b.dat
0 STEP
1 0 0.0011 -34.0003 -10 1 0.000026 0.000026 0.000026 -1 -0.000026 0.000026 0.000026 -1 2555.dat
1 0 0.0017 -34.0008 -30 1 0.000026 0.000026 0.000026 -1 -0.000026 0.000026 0.000026 -1 2555.dat
1 71 0.0016 -42.0005 -19.9998 0.000052 0.000026 -1 -0.000026 -1 -0.000026 -1 0.000026 -0.000052 18649.dat
0 STEP
1 0 0.0026 -60 -40 1 -0.000026 0.000026 0.000026 0 -1 0.000026 1 0 4733.dat
1 72 0.003 -60 -56 1 -0.000026 0.000026 0.000026 0 -1 0.000026 1 0 4073.dat
1 72 0.0028 -60 -48 1 -0.000026 0 0 0 -1 0.000026 1 0 3024.dat
1 36 0.0032 -60 -64 1 -0.000026 0 0 0 -1 0.000026 1 0 98138.dat
1 0 0.002 -60 -16 -1 -0.000026 0 0 0 1 -0.000026 1 0 3024.dat
1 0 0.0018 -60 -8 -1 -0.000026 0 0 0 1 -0.000026 1 0 6541.dat
1 1 0.0012 -60 16 -1 -0.000026 0 0 0 1 -0.000026 1 0 3024.dat
0 STEP
1 15 -0.001 -39.7603 14.2427 0.000018 -0.000055 1 0.707125 0.707088 0.000026 -0.707088 0.707125 0.000052 2555.dat
1 71 0.0023 -38.0013 -49.9999 0.000052 -0.000026 1 0.000026 1 0.000026 -1 0.000026 0.000052 2555.dat
1 71 0.0021 -30.0013 -50.0001 1 -0.000079 -0.000026 0.000079 1 0.000026 0.000026 -0.000026 1 49668.dat
0 STEP
1 72 -17.9955 -40.0022 -10.0009 0.000052 1 0.000052 0 0.000052 -1 -1 0.000052 0 2420.dat
1 72 -25.995 -50.0026 -10.0013 0.000052 1 -0.000052 -1 0.000052 0 0 0.000052 1 3023.dat
1 72 -17.995 -50.0022 9.9991 0.000052 1 -0.000052 -1 0.000052 0 0 0.000052 1 3023.dat
0 STEP
1 71 -17.9956 -60.0011 -30.0009 0.000052 1 0.000054 -1 0.000052 0 0 -0.000054 1 49668.dat
1 1 -9.995 -40.0021 -40.0008 0.000052 1 -0.000052 -1 0.000052 0 0 0.000052 1 29119.dat
1 1 -17.9945 -60.0024 -30.0007 0.000052 1 -0.000052 -1 0.000052 0.000053 0.000053 0.000052 1 54200.dat
1 15 -17.9982 -50.0015 -0.0007 -0.000052 1 0.000158 1 0.000052 -0.000053 -0.000053 0.000158 -1 15068.dat
0 STEP
1 72 18.0045 -40.0003 -10.001 0.000052 -1 -0.000001 -1 -0.000052 0 0 0.000001 -1 2420.dat
1 72 26.005 -49.9999 -10.001 0.000052 -1 -0.000001 -1 -0.000052 0 0 0.000001 -1 3023.dat
1 72 18.005 -50.0003 9.999 0.000052 -1 -0.000001 -1 -0.000052 0 0 0.000001 -1 3023.dat
0 STEP
1 71 18.0044 -59.9993 -30.001 -0.000052 -1 0.000001 1 -0.000052 0 0 0.000001 1 49668.dat
1 1 18.006 -60.0001 -29.9969 -0.000052 -1 -0.000105 1 -0.000052 0 0 -0.000105 1 54200.dat
1 15 18.0023 -50.0001 0.0031 0.000052 -1 0.000105 -1 -0.000052 0 0 -0.000105 -1 15068.dat
1 1 10.0044 -40.0005 -39.9991 -0.000052 -1 0.000001 1 -0.000052 -0.000053 0.000053 0.000001 1 29120.dat
0 STEP
1 1 0.0021 -69.9995 2.0002 -0.000052 0.000026 1 -0.000026 -1 0.000026 1 -0.000026 0.000052 18674.dat
1 0 0.0023 -77.9995 2 -0.000052 0.000026 1 -0.000026 -1 0.000026 1 -0.000026 0.000052 4032.dat
1 34 0.0026 -85.9995 1.9998 -0.000052 0.000026 1 -0.000026 -1 0.000026 1 -0.000026 0.000052 2654.dat
0 STEP
1 1 0.0037 -77.9995 -48 -0.000052 -0.000026 -1 -0.000026 1 -0.000026 1 0.000026 -0.000052 3623.dat
1 15 0.0034 -85.9997 -38.0002 -0.000052 -0.000026 -1 -0.000026 1 -0.000026 1 0.000026 -0.000052 3023.dat
1 71 0.0025 -93.9999 -28.0004 -0.000052 -0.000026 -1 -0.000026 1 -0.000026 1 0.000026 -0.000052 98138.dat
1 15 0.0045 -77.9991 -58 1 -0.000026 -0.000078 0.000026 1 -0.000026 0.000078 0.000026 1 11477.dat
0 NOFILE
0 FILE 09-01-shoulder.ldr
0 Author: Nathanel Titane // nathanel.titane@gmail.com // All Rights Reserved
1 0 0 0 0 0.000026 0 1 0 1 0 -1 0 0.000026 52107.dat
1 0 18.0004 9.9995 10.0009 -0.000026 -1 0.000053 -1 0.000026 0 0 -0.000053 -1 2555.dat
1 0 18.0004 9.9995 -9.9991 -0.000026 -1 0.000053 -1 0.000026 0 0 -0.000053 -1 2555.dat
1 71 24.0004 9.9995 0.0009 -0.000027 1 -0.000053 1 0.000027 0 0 -0.000053 -1 4697b.dat
0 STEP
1 1 0 24 -30 -1 0 0.000052 0 1 0 -0.000052 0 -1 4287.dat
1 1 0 0 -30 -1 0 0.000052 0 1 0 -0.000052 0 -1 6541.dat
1 1 0 -24 -10 1 0 -0.000105 0 1 0 0.000105 0 1 4286.dat
1 1 0 -24 10 -1 0 0.000158 0 1 0 -0.000158 0 -1 3665.dat
0 STEP
1 1 0 -72 30 1 0 -0.000211 0 1 0 0.000211 0 1 15444.dat
1 1 0 -72 0 0.000237 0 1 0 1 0 -1 0 0.000237 3245b.dat
1 1 0 -96 30 1 0 -0.000211 0 1 0 0.000211 0 1 3040.dat
1 1 0 -96 30 -1 0 0.000185 0 1 0 -0.000185 0 -1 54200.dat
1 0 0 -80 -10 -0.000185 0 -1 0 1 0 1 0 -0.000185 3024.dat
1 15 0 -104 -10 -1 0 0.000158 0 1 0 -0.000158 0 -1 3665.dat
1 15 0 -112 0 -0.000184 0 -1 0 1 0 1 0 -0.000184 3069b.dat
0 STEP
1 72 0 9.9999 -39.6668 -0.000185 0 -1 1 0.000026 -0.000185 0.000026 -1 0 3024.dat
1 0 0 29.9999 -39.6663 -0.000184 0 -1 1 0.000026 -0.000184 0.000026 -1 0 3070b.dat
1 1 0 10.0001 -47.6668 -1 0 0.000158 -0.000158 0.000026 -1 0 -1 -0.000026 3665.dat
0 STEP
1 0 -25.9995 10 -0.0083 0 1 0.000026 -0.000131 0.000026 -1 -1 0 0.000131 99206.dat
1 15 -17.9992 0.0002 -0.0065 0 1 -0.000026 0.000184 0.000026 1 1 0 -0.000184 15068.dat
0 STEP
1 0 -20.0004 28 -10.0102 -1 0.000052 0 -0.000052 -1 0.000106 0 0.000106 1 2555.dat
1 0 -20.0004 28.0011 9.9898 -1 0.000052 0 -0.000052 -1 0.000106 0 0.000106 1 2555.dat
1 71 -20.0006 34.0005 -0.0105 0.996195 -0.087153 0 0.087153 0.996195 0 0 0 1 4697b.dat
0 STEP
1 0 -20.6978 41.9701 -0.0105 0.996195 -0.087153 0 0.087153 0.996195 0 0 0 1 10-01-arm.ldr
0 NOFILE
0 FILE 09-02-shoulder.ldr
0 Author: Nathanel Titane // nathanel.titane@gmail.com // All Rights Reserved
1 0 0 0 0 -0.000079 0 -1 0 1 0 1 0 -0.000079 52107.dat
1 0 -18.0019 9.9995 9.9981 0.000026 1 -0.000106 -1 0.000026 0 0 0.000106 1 2555.dat
1 0 -17.9988 9.9995 -10.0019 0.000026 1 -0.000106 -1 0.000026 0 0 0.000106 1 2555.dat
1 71 -24.0004 9.9995 -0.0022 0.000027 -1 0 1 0.000027 0 0 0 1 4697b.dat
0 STEP
1 1 0 24 -30 -1 0 0.000052 0 1 0 -0.000052 0 -1 4287.dat
1 1 0 0 -30 -1 0 0.000052 0 1 0 -0.000052 0 -1 6541.dat
1 1 0 -24 -10 1 0 -0.000105 0 1 0 0.000105 0 1 4286.dat
1 1 0 -24 10 -1 0 0.000158 0 1 0 -0.000158 0 -1 3665.dat
0 STEP
1 1 0 -72 30 1 0 -0.000211 0 1 0 0.000211 0 1 15444.dat
1 1 0 -72 0 0.000237 0 1 0 1 0 -1 0 0.000237 3245b.dat
