0 FILE 00-instructions.ldr
0 Name: 00-instructions.ldr
0 Author: Nathanel Titane // nathanel.titane@gmail.com // All Rights Reserved
0
0 // LPUB[3D] FRONT COVER PAGE /////////////////////////////////////////////////
0
0 !LPUB PAGE DOCUMENT_TITLE_FRONT COLOR "#666666"
0 !LPUB PAGE DOCUMENT_TITLE_FRONT CONTENT GLOBAL "MODEL // ZGMF-X56S IMPULSE // FORCE"
0 !LPUB PAGE DOCUMENT_TITLE_FRONT DISPLAY GLOBAL TRUE
0 !LPUB PAGE DOCUMENT_TITLE_FRONT FONT "Noto Sans,72,-1,0,75,0,0,0,0,0,Bold"
0 !LPUB PAGE DOCUMENT_TITLE_FRONT MARGINS 0.2500 0.1000
0 !LPUB PAGE DOCUMENT_TITLE_FRONT PLACEMENT GLOBAL TOP_LEFT PAGE INSIDE OFFSET 0.0000 0.0000

0 !LPUB PAGE DOCUMENT_AUTHOR_FRONT CONTENT GLOBAL "MODEL DESIGN AND INSTRUCTIONS // NATHANEL TITANE"
0 !LPUB PAGE DOCUMENT_AUTHOR_FRONT COLOR "#666666"
0 !LPUB PAGE DOCUMENT_AUTHOR_FRONT DISPLAY GLOBAL TRUE
0 !LPUB PAGE DOCUMENT_AUTHOR_FRONT FONT "Noto Sans,18,-1,0,75,0,0,0,0,0,Bold"
0 !LPUB PAGE DOCUMENT_AUTHOR_FRONT MARGINS 0.3000 1.0000
0 !LPUB PAGE DOCUMENT_AUTHOR_FRONT PLACEMENT TOP_LEFT PAGE INSIDE OFFSET 0.0000 0.0000

0 !LPUB PAGE MODEL_PARTS COLOR "#666666"
0 !LPUB PAGE MODEL_PARTS CONTENT GLOBAL "1234 PIECES"
0 !LPUB PAGE MODEL_PARTS DISPLAY GLOBAL TRUE
0 !LPUB PAGE MODEL_PARTS FONT "Noto Sans,72,-1,0,75,0,0,0,0,0,Bold"
0 !LPUB PAGE MODEL_PARTS MARGINS 0.2500 0.1000
0 !LPUB PAGE MODEL_PARTS PLACEMENT GLOBAL BOTTOM_LEFT PAGE INSIDE OFFSET 0.0000 0.0000

0 !LPUB PAGE PUBLISH_DESCRIPTION COLOR "#666666"
0 !LPUB PAGE PUBLISH_DESCRIPTION CONTENT GLOBAL "LEGO // LINUX - Where Lego and Linux Meet"
0 !LPUB PAGE PUBLISH_DESCRIPTION DISPLAY GLOBAL TRUE
0 !LPUB PAGE PUBLISH_DESCRIPTION FONT "Noto Sans,36,-1,0,75,0,0,0,0,0,Bold"
0 !LPUB PAGE PUBLISH_DESCRIPTION MARGINS 0.2000 0.2000
0 !LPUB PAGE PUBLISH_DESCRIPTION PLACEMENT GLOBAL BOTTOM_RIGHT PAGE INSIDE OFFSET 0.0000 0.0000
0
0 // LPUB[3D] BACK COVER PAGE //////////////////////////////////////////////////
0
0 // LPUB[3D] DOCUMENT DISCLAIMER
0 !LPUB PAGE LEGO_DISCLAIMER COLOR "#666666"
0 !LPUB PAGE LEGO_DISCLAIMER CONTENT GLOBAL "LEGO® // REGISTERED TRADEMARK OF THE LEGO GROUP"
0 !LPUB PAGE LEGO_DISCLAIMER DISPLAY GLOBAL TRUE
0 !LPUB PAGE LEGO_DISCLAIMER FONT "Noto Sans,36,-1,0,75,0,0,0,0,0,Bold"
0 !LPUB PAGE LEGO_DISCLAIMER PLACEMENT GLOBAL CENTER PAGE INSIDE OFFSET 0.0000 -0.2500
0
0 // LPUB[3D] PAGE DOCUMENT AUTHOR
0 !LPUB PAGE DOCUMENT_AUTHOR_BACK COLOR "#666666"
0 !LPUB PAGE DOCUMENT_AUTHOR_BACK CONTENT GLOBAL "MODEL DESIGN AND INSTRUCTIONS // NATHANEL TITANE"
0 !LPUB PAGE DOCUMENT_AUTHOR_BACK DISPLAY GLOBAL TRUE
0 !LPUB PAGE DOCUMENT_AUTHOR_BACK FONT "Noto Sans,36,-1,0,75,0,0,0,0,0,Bold"
0 !LPUB PAGE DOCUMENT_AUTHOR_BACK PLACEMENT CENTER PAGE INSIDE OFFSET 0.0000 -0.2000
0
0 // LPUB[3D] PAGE PUBLICATION COPYRIGHT
0 !LPUB PAGE PUBLISH_COPYRIGHT_BACK COLOR "#666666"
0 !LPUB PAGE PUBLISH_COPYRIGHT_BACK CONTENT GLOBAL "COPYRIGHT // ALL RIGHTS RESERVED"
0 !LPUB PAGE PUBLISH_COPYRIGHT_BACK DISPLAY GLOBAL TRUE
0 !LPUB PAGE PUBLISH_COPYRIGHT_BACK FONT "Noto Sans,36,-1,0,75,0,0,0,0,0,Bold"
0 !LPUB PAGE PUBLISH_COPYRIGHT_BACK PLACEMENT GLOBAL CENTER PAGE INSIDE OFFSET 0.0000 -0.1500
0
0 // LPUB[3D] PAGE PUBLICATION EMAIL
0 !LPUB PAGE PUBLISH_EMAIL_BACK COLOR "#666666"
0 !LPUB PAGE PUBLISH_EMAIL_BACK CONTENT GLOBAL "CONTACT // NATHANEL.TITANE@GMAIL.COM // INFO@LEGOLINUX.COM"
0 !LPUB PAGE PUBLISH_EMAIL_BACK DISPLAY GLOBAL TRUE
0 !LPUB PAGE PUBLISH_EMAIL_BACK FONT "Noto Sans,18,-1,0,75,0,0,0,0,0,Bold"
0 !LPUB PAGE PUBLISH_EMAIL_BACK PLACEMENT GLOBAL CENTER PAGE INSIDE OFFSET 0.0000 -0.0500
0
0 // LPUB[3D] PAGE PUBLICATION URL
0 !LPUB PAGE PUBLISH_URL_BACK COLOR "#666666"
0 !LPUB PAGE PUBLISH_URL_BACK CONTENT GLOBAL "WEB // HTTPS://LEGOLINUX.COM/MODELS/MOBILE-SUITS/ZGMF-X56S-IMPULSE-FORCE"
0 !LPUB PAGE PUBLISH_URL_BACK DISPLAY GLOBAL TRUE
0 !LPUB PAGE PUBLISH_URL_BACK FONT "Noto Sans,18,-1,0,75,0,0,0,0,0,Bold"
0 !LPUB PAGE PUBLISH_URL_BACK PLACEMENT GLOBAL CENTER PAGE INSIDE OFFSET 0.0000 -0.0250
0
0 // LPUB[3D] PAGE LOGO
0 !LPUB PAGE DOCUMENT_LOGO_BACK DISPLAY GLOBAL TRUE
0 !LPUB PAGE DOCUMENT_LOGO_BACK FILE GLOBAL "/media/internal/Lego/lpub3d/instructions/logo.png"
0 !LPUB PAGE DOCUMENT_LOGO_BACK PLACEMENT CENTER PAGE INSIDE OFFSET 0.0000 0.45000
0 !LPUB PAGE DOCUMENT_LOGO_BACK SCALE GLOBAL  1.0000
0
0 // LPUB[3D] CONFIGURATION ////////////////////////////////////////////////////
0
0 // LPUB[3D] PAGE WATERMARK
0 !LPUB PAGE PUBLISH_EMAIL CONTENT GLOBAL "CONTACT // NATHANEL.TITANE@GMAIL.COM // INFO@LEGOLINUX.COM"
0 !LPUB PAGE PUBLISH_EMAIL COLOR "#666666"
0 !LPUB PAGE PUBLISH_EMAIL DISPLAY GLOBAL TRUE
0 !LPUB PAGE PUBLISH_EMAIL FONT "Noto Sans,18,-1,0,75,0,0,0,0,0,Bold"
0 !LPUB PAGE PUBLISH_EMAIL MARGINS 0.0000 0.1500
0 !LPUB PAGE PUBLISH_EMAIL PLACEMENT GLOBAL BOTTOM PAGE INSIDE OFFSET 0.0000 0.0000
0 !LPUB PAGE DOCUMENT_AUTHOR CONTENT GLOBAL "MODEL DESIGN AND INSTRUCTIONS // NATHANEL TITANE"
0 !LPUB PAGE DOCUMENT_AUTHOR COLOR "#666666"
0 !LPUB PAGE DOCUMENT_AUTHOR DISPLAY GLOBAL TRUE
0 !LPUB PAGE DOCUMENT_AUTHOR FONT "Noto Sans,18,-1,0,75,0,0,0,0,0,Bold"
0 !LPUB PAGE DOCUMENT_AUTHOR MARGINS 0.0000 0.2000
0 !LPUB PAGE DOCUMENT_AUTHOR PLACEMENT GLOBAL TOP PAGE INSIDE OFFSET 0.0000 0.0000
0
0 // LPUB[3D] STEPS HIGHLIGHT
0 !LPUB HIGHLIGHT_STEP ENABLED GLOBAL TRUE
0 !LPUB HIGHLIGHT_STEP COLOR GLOBAL "#7137C8"
0
0 // LPUB[3D] STEP FADE
0 !LPUB FADE_STEP OPACITY GLOBAL "50"
0 !LPUB FADE_STEP COLOR GLOBAL "Trans_Black"
0 !LPUB FADE_STEP ENABLED GLOBAL TRUE
0 !LPUB FINAL_MODEL_ENABLED GLOBAL TRUE
0
0 // LPUB[3D] SUBMODEL PREVIEW
0 !LPUB SUBMODEL_DISPLAY SHOW GLOBAL TRUE
0 !LPUB SUBMODEL_DISPLAY BACKGROUND COLOR "#DDDDDD"
0 !LPUB SUBMODEL_DISPLAY MARGINS 0.1500 0.7500
0 !LPUB SUBMODEL_DISPLAY BORDER SQUARE 0 Black 0.031 MARGINS 0.050 0.050
0 !LPUB SUBMODEL_DISPLAY PLACEMENT GLOBAL LEFT PAGE INSIDE
0 !LPUB SUBMODEL_DISPLAY CAMERA_ANGLES 30.0000 45.0000
0
0 // LPUB[3D] ASSEMBLIES
0 !LPUB ASSEM CAMERA_ANGLES 30.0000 45.0000
0 !LPUB ASSEM MARGINS 0.5000 0.5000
0 !LPUB ASSEM MODEL_SCALE 1.0000
0 !LPUB ASSEM PLACEMENT CENTER PAGE INSIDE OFFSET 0.0000 0.0000
0
0 // LPUB[3D] BILL OF MATERIALS
0 !LPUB BOM BACKGROUND COLOR "#DDDDDD"
0 !LPUB BOM BORDER SQUARE 0 #666666 0.025 MARGINS 0.050 0.050
0 !LPUB BOM CONSTRAIN HEIGHT 13.0000
0 !LPUB BOM CONSTRAIN SQUARE
0 !LPUB BOM PLACEMENT CENTER PAGE INSIDE OFFSET 0.0000 0.0000
0
0 // LPUB[3D] CALLOUTS
0 !LPUB CALLOUT BORDER SQUARE 0 #666666 0.025 MARGINS 0.050 0.050
0 !LPUB CALLOUT MARGINS 0.1250 0.1250
0 !LPUB CALLOUT PLACEMENT RIGHT PAGE INSIDE OFFSET 0.0000 0.0000
0
0 // LPUB[3D] PAGE
0 !LPUB PAGE DOCUMENT_COVER_IMAGE DISPLAY GLOBAL TRUE
0 !LPUB PAGE DOCUMENT_COVER_IMAGE FILE GLOBAL "../renders/flat/flat.png"
0 !LPUB PAGE DOCUMENT_COVER_IMAGE FILL GLOBAL ASPECT
0 !LPUB PAGE DOCUMENT_COVER_IMAGE MARGINS GLOBAL 0.0000 0.0000
0 !LPUB PAGE DOCUMENT_COVER_IMAGE PLACEMENT GLOBAL CENTER PAGE INSIDE OFFSET 0.0000 0.0000
0 !LPUB PAGE DOCUMENT_COVER_IMAGE SCALE GLOBAL 1.0000
0
0 // LPUB[3D] PAGE NUMBER
0 !LPUB PAGE NUMBER FONT "Noto Sans,36,-1,0,75,0,0,0,0,0,Bold"
0 !LPUB PAGE NUMBER FONT_COLOR "#666666"
0 !LPUB PAGE NUMBER MARGINS 0.1250 0.1250
0 !LPUB PAGE NUMBER PLACEMENT BOTTOM_RIGHT PAGE INSIDE OFFSET 0.0000 0.0000
0
0 // LPUB[3D] PAGE SETUP
0 !LPUB PAGE BORDER GLOBAL NONE 0 MARGINS 0.000 0.000
0 !LPUB PAGE ENABLE_TEXT_PLACEMENT GLOBAL CENTER PAGE INSIDE OFFSET 0.0000 0.0000
0 !LPUB PAGE TEXT_PLACEMENT GLOBAL TRUE
0 !LPUB PAGE PAGE_FOOTER SIZE GLOBAL 32.0000 0.5000
0 !LPUB PAGE PAGE_HEADER SIZE GLOBAL 32.0000 0.5000
0 !LPUB PAGE MARGINS GLOBAL 0.0000 0.0000
0 !LPUB PAGE ORIENTATION GLOBAL LANDSCAPE
0 !LPUB PAGE SIZE GLOBAL 16.0000 32.0000
0
0 // LPUB[3D] PAGE COLORS
0 !LPUB PAGE SUBMODEL_BACKGROUND_COLOR GLOBAL "#DDDDDD" "#FFE680" "#FFAAAA" "#C6AFE9"
0
0 // LPUB[3D] SUBMODELS
0 !LPUB PAGE SUBMODEL_INSTANCE_COUNT FONT_COLOR "#FF5555"
0 !LPUB PAGE SUBMODEL_INSTANCE_COUNT FONT "Noto Sans,72,-1,0,75,0,0,0,0,0,Bold"
0 !LPUB PAGE SUBMODEL_INSTANCE_COUNT MARGINS 0.0000 0.1250
0 !LPUB PAGE SUBMODEL_INSTANCE_COUNT PLACEMENT BOTTOM_RIGHT PAGE INSIDE OFFSET 0.0000 -0.0500
0
0 // LPUB[3D] PARTS LIST
0 !LPUB PLI BACKGROUND COLOR "#DDDDDD"
0 !LPUB PLI BORDER SQUARE 0 #666666 0.025 MARGINS 0.0500 0.050
0 !LPUB PLI CAMERA_ANGLES 30.0000 45.0000
0 !LPUB PLI CONSTRAIN HEIGHT 5.0000
0 !LPUB PLI MODEL_SCALE  1.0000
0 !LPUB PLI MARGINS 0.1500 0.7500
0 !LPUB PLI PLACEMENT TOP_RIGHT PAGE INSIDE OFFSET 0.0000 0.0000
0 !LPUB PLI INSTANCE_COUNT FONT "Noto Sans,36,-1,0,75,0,0,0,0,0,Bold"
0 !LPUB PLI INSTANCE_COUNT FONT_COLOR "#666666"
0 !LPUB PLI INSTANCE_COUNT MARGINS 0.0125 0.0125
0 !LPUB PLI INSTANCE_COUNT MARGINS 0.0125 0.3000
0
0 // LPUB[3D] STEP NUMBER
0 !LPUB STEP_NUMBER FONT "Noto Sans,72,-1,0,75,0,0,0,0,0,Bold"
0 !LPUB STEP_NUMBER FONT_COLOR "#666666"
0 !LPUB STEP_NUMBER MARGINS 0.1250 0.0000
0 !LPUB STEP_NUMBER PLACEMENT TOP_LEFT PAGE INSIDE OFFSET 0.0000 0.0000
0
0 // LPUB[3D] BEGIN INSTRUCTIONS ///////////////////////////////////////////////
0
0 STEP
0 !LPUB INSERT COVER_PAGE FRONT
0 STEP
0 !LPUB ASSEM MODEL_SCALE LOCAL 0.7500
1 0 0 0 0 1 0 0 0 1 0 0 0 1 00-model.ldr
0 STEP
0
0 // LPUB[3D] DISABLE FINAL MODEL SHOWCASE /////////////////////////////////////
0
0 !LPUB NOSTEP
0
0 // LPUB[3D] BOM PAGES
0 STEP
0 !LPUB INSERT PAGE
0 !LPUB INSERT BOM
0 STEP
0 !LPUB INSERT PAGE
0 !LPUB INSERT BOM
0 STEP
0 !LPUB INSERT PAGE
0 !LPUB INSERT BOM
0 STEP
0 !LPUB INSERT PAGE
0 !LPUB INSERT BOM
0 STEP
0 !LPUB INSERT PAGE
0 !LPUB INSERT BOM
0 STEP
0 !LPUB INSERT PAGE
0 !LPUB INSERT BOM
0 STEP
0 !LPUB INSERT PAGE
0 !LPUB INSERT BOM
0 STEP
0 !LPUB INSERT PAGE
0 !LPUB INSERT BOM
0 STEP
0 !LPUB INSERT PAGE
0 !LPUB INSERT BOM
0 STEP
0 !LPUB INSERT PAGE
0 !LPUB INSERT BOM
0 STEP
0 !LPUB INSERT PAGE
0 !LPUB INSERT BOM
0 STEP
0 !LPUB INSERT PAGE
0 !LPUB INSERT BOM
0 STEP
0
0 !LPUB NOSTEP
0
0 !LPUB INSERT COVER_PAGE BACK
0
0 // LPUB[3D] END INSTRUCTIONS /////////////////////////////////////////////////
0
0 NOFILE
0 FILE 00-model.ldr
0 Author: Nathanel Titane // nathanel.titane@gmail.com // All Rights Reserved
1 0 0 0 0 1 0 0 0 0 -1 0 1 0 05-waist.ldr
0 STEP
1 0 0 -80 0 1 0 0 0 0 -1 0 1 0 08-torso.ldr
0 STEP
1 0 -300 200 0 1 0 0 0 1 0 0 0 1 19-rifle.ldr
0 STEP
0 NOFILE
0 FILE 01-foot.ldr
0 Author: Nathanel Titane // nathanel.titane@gmail.com // All Rights Reserved
1 72 0 0 0 0 0 -1 0 1 0 1 0 0 92013.dat
1 72 0 -24 0 1 0 0 0 1 0 0 0 1 3043.dat
1 72 -10 24 0 0 0 1 0 1 0 -1 0 0 44301a.dat
1 72 10 24 0 0 0 1 0 1 0 -1 0 0 44301a.dat
1 72 -10 32 0 0 0 1 0 1 0 -1 0 0 32000.dat
1 72 10 32 0 0 0 1 0 1 0 -1 0 0 32000.dat
1 0 0 42 10 1 0 0 0 1 0 0 0 1 2780.dat
1 72 0 56 10 1 0 0 0 1 0 0 0 1 3023.dat
1 4 0 56 -20 1 0 0 0 1 0 0 0 1 3003.dat
1 4 0 64 -20 1 0 0 0 1 0 0 0 1 4871.dat
1 72 0 56 -50 1 0 0 0 1 0 0 0 1 3023.dat
1 4 0 48 -40 1 0 0 0 1 0 0 0 1 3068b.dat
1 72 -10 16 -30.0003 -1 0 0 0 0 -1 0 -1 0 30553.dat
1 1 -10 -4 -30.0008 0 0 -1 1 0 0 0 -1 0 43093.dat
1 1 10 -3.9984 -30.0008 0 0 -1 1 0 0 0 -1 0 43093.dat
1 72 10 16 -30.0003 -1 0 0 0 0 -1 0 -1 0 30553.dat
1 4 0 -30 -30 -1 0 0 0 1 0 0 0 -1 3660.dat
1 0 -10 -76 -50 0 0 1 -1 0 0 0 -1 0 2780.dat
1 0 10 -76 -50 0 0 1 -1 0 0 0 -1 0 2780.dat
1 4 0 -26 -50 1 0 0 0 -1 0 0 0 -1 3245b.dat
1 4 0 -26 -50 -1 0 0 0 -1 0 0 0 1 85984.dat
1 15 0 -78 -30 -1 0 0 0 1 0 0 0 -1 3678b.dat
1 4 0 -126 -50 -1 0 0 0 1 0 0 0 -1 3678b.dat
1 4 0 -126 -50 -1 0 0 0 1 0 0 0 -1 85984.dat
1 15 -30 47.7355 -1.8084 0 0 1 -0.819166 -0.573557 0 0.573557 -0.819166 0 47905.dat
1 15 -30 65.1043 5.563 0 0 1 -0.819166 -0.573557 0 0.573557 -0.819166 0 44302a.dat
1 72 -30 52.3241 4.7451 0 0 1 -0.819166 -0.573557 0 0.573557 -0.819166 0 44300.dat
1 15 -30 100.8265 39.1473 1 0 0 0 -0.573557 0.819166 0 -0.819166 -0.573557 60481.dat
1 15 -30 31.3524 9.6626 1 0 0 0 -0.573557 0.819166 0 -0.819166 -0.573557 6541.dat
1 15 -30 64.1187 -13.2795 0 0 1 -0.819166 -0.573557 0 0.573557 -0.819166 0 87087.dat
1 15 -30 17.5865 -9.9969 -1 0 0 0 -0.573557 -0.819166 0 -0.819166 0.573557 4287.dat
1 15 -30 100.8265 39.1473 0 0 1 -0.819166 -0.573557 0 0.573557 -0.819166 0 54200.dat
1 15 -48 36.2645 -18.1916 0 1 0 -0.573557 0 -0.819166 -0.819166 0 0.573557 43723.dat
1 15 -56 50.1917 -15.7356 0 1 0 -0.819166 0 0.573557 0.573557 0 0.819166 3069b.dat
1 15 -40 17.425 7.2067 0 1 0 0.573557 0 0.819166 0.819166 0 -0.573557 11477.dat
1 72 -30 17.4253 7.2066 0 0 1 0.573557 -0.819166 0 0.819166 0.573557 0 3024.dat
1 15 -30 5.9541 -9.1768 0 0 1 0.573557 -0.819166 0 0.819166 0.573557 0 3070b.dat
1 15 -30 5.135 3.6043 0 0 -1 -0.573557 -0.819166 0 -0.819166 0.573557 0 3004.dat
1 15 30 47.7355 -1.8084 0 0 1 -0.819166 -0.573557 0 0.573557 -0.819166 0 47905.dat
1 15 30 65.1043 5.563 0 0 1 -0.819166 -0.573557 0 0.573557 -0.819166 0 44302a.dat
1 72 30 52.3241 4.7451 0 0 1 -0.819166 -0.573557 0 0.573557 -0.819166 0 44300.dat
1 15 30 100.8265 39.1473 1 0 0 0 -0.573557 0.819166 0 -0.819166 -0.573557 60481.dat
1 15 30 31.3524 9.6626 1 0 0 0 -0.573557 0.819166 0 -0.819166 -0.573557 6541.dat
1 15 30 64.1186 -13.2794 0 0 -1 0.819166 -0.573557 0 -0.573557 -0.819166 0 87087.dat
1 15 30 17.5865 -9.9969 -1 0 0 0 -0.573557 -0.819166 0 -0.819166 0.573557 4287.dat
1 15 30 100.8265 39.1473 0 0 -1 0.819166 -0.573557 0 -0.573557 -0.819166 0 54200.dat
1 15 48 36.2645 -18.1916 0 -1 0 0.573557 0 -0.819166 0.819166 0 0.573557 43722.dat
1 15 56 50.1917 -15.7356 0 -1 0 -0.819166 0 -0.573557 0.573557 0 -0.819166 3069b.dat
1 15 40 17.425 7.2067 0 -1 0 -0.573557 0 0.819166 -0.819166 0 -0.573557 11477.dat
1 72 30 17.4253 7.2066 0 0 1 0.573557 -0.819166 0 0.819166 0.573557 0 3024.dat
1 15 30 5.9541 -9.1768 0 0 1 0.573557 -0.819166 0 0.819166 0.573557 0 3070b.dat
1 15 30 5.135 3.6043 0 0 -1 -0.573557 -0.819166 0 -0.819166 0.573557 0 3004.dat
1 15 0 -14.5255 17.37 0 0 -1 -0.573557 -0.819166 0 -0.819166 0.573557 0 4871.dat
1 15 0 -21.079 21.9586 0 0 -1 -0.573557 -0.819166 0 -0.819166 0.573557 0 3068b.dat
0 NOFILE
0 FILE 02-shin.ldr
0 Author: Nathanel Titane // nathanel.titane@gmail.com // All Rights Reserved
1 0 0 10 -20 1 0 0 0 0 -1 0 1 0 32474.dat
1 0 0 10 10 0 0 -1 0 1 0 1 0 0 3705.dat
1 72 0 0 0 1 0 0 0 1 0 0 0 1 32064.dat
1 72 0 0 20 1 0 0 0 1 0 0 0 1 32064.dat
1 72 0 0 40 1 0 0 0 1 0 0 0 1 32064.dat
1 72 0 24 90 0 0 1 0 1 0 -1 0 0 3832.dat
1 72 0 16 110 0 0 1 0 1 0 -1 0 0 3795.dat
1 0 -10 -8 150 0 0 1 0 1 0 -1 0 0 11211.dat
1 0 -10 -8 110 0 0 1 0 1 0 -1 0 0 11211.dat
1 0 -10 -8 70 0 0 1 0 1 0 -1 0 0 11211.dat
1 0 10 -8 150 0 0 -1 0 1 0 1 0 0 11211.dat
1 0 10 -8 110 0 0 -1 0 1 0 1 0 0 11211.dat
1 0 10 -8 70 0 0 -1 0 1 0 1 0 0 11211.dat
1 72 0 0 180 1 0 0 0 1 0 0 0 1 32000.dat
1 72 0 -8 180 -1 0 0 0 1 0 0 0 -1 3023.dat
1 72 0 -8 20 0 0 -1 0 1 0 1 0 0 3021.dat
1 15 0 -8 0 1 0 0 0 1 0 0 0 1 85984.dat
1 15 0 -32 20 -1 0 0 0 1 0 0 0 -1 30363.dat
1 15 10 -32 20 0 0 -1 0 1 0 1 0 0 54200.dat
1 15 -10 -32 20 0 0 1 0 1 0 -1 0 0 54200.dat
1 15 0 -32 180 -1 0 0 0 1 0 0 0 -1 3937.dat
1 71 0 -32 180 -1 0 0 0 1 0 0 0 -1 3938.dat
1 72 0 -40 180 -1 0 0 0 1 0 0 0 -1 3023.dat
1 15 0 -32 160 1 0 0 0 1 0 0 0 1 30363.dat
1 15 0 -32 170 1 0 0 0 1 0 0 0 1 15068.dat
1 0 -10 10 190 0 0 1 0 1 0 -1 0 0 2780.dat
1 0 10 10 190 0 0 1 0 1 0 -1 0 0 2780.dat
1 72 0 0 200 1 0 0 0 1 0 0 0 1 32000.dat
1 72 0 0 220 -1 0 0 0 1 0 0 0 -1 85943.dat
1 72 0 -8 210 -1 0 0 0 1 0 0 0 -1 3068b.dat
1 0 0 10 250 0 1 0 1 0 0 0 0 -1 53585.dat
1 0 0 10 250 -1 0 0 0 1 0 0 0 -1 3705.dat
1 72 -19.9997 9.9997 250 0 -1 0 -1 0 0 0 0 -1 15535.dat
1 72 -27.9997 10 250 0 -1 0 -1 0 0 0 0 -1 4032.dat
1 72 -35.9997 10.0002 250 0 -1 0 -1 0 0 0 0 -1 2654.dat
1 72 20.0003 9.9966 250 0 1 0 1 0 0 0 0 -1 15535.dat
1 72 28.0003 9.9959 250 0 1 0 1 0 0 0 0 -1 4032.dat
1 72 36.0003 9.9953 250 0 1 0 1 0 0 0 0 -1 2654.dat
1 15 10 32 60 -1 0 0 0 1 0 0 0 -1 4287.dat
1 15 -10 32 40 1 0 0 0 1 0 0 0 1 4287.dat
1 15 -10 32 60 -1 0 0 0 1 0 0 0 -1 4287.dat
1 15 10 32 40 1 0 0 0 1 0 0 0 1 4287.dat
1 15 -10 32 120 -1 0 0 0 1 0 0 0 -1 3665.dat
1 15 10 32 120 -1 0 0 0 1 0 0 0 -1 3665.dat
1 71 0 32 160 1 0 0 0 1 0 0 0 1 3938.dat
1 72 0 34.929 167.071 1 0 0 0 0.707107 0.707107 0 -0.707107 0.707107 3937.dat
1 72 -10 51.8991 150.1009 -1 0 0 0 0.707107 -0.707107 0 -0.707107 -0.707107 3665.dat
1 72 10 51.8991 150.1009 -1 0 0 0 0.707107 -0.707107 0 -0.707107 -0.707107 3665.dat
1 72 0 32 180 1 0 0 0 1 0 0 0 1 3023.dat
1 71 0 40 180 1 0 0 0 1 0 0 0 1 3938.dat
1 72 0 42.929 187.071 1 0 0 0 0.707107 0.707107 0 -0.707107 0.707107 3937.dat
1 72 0 59.899 170.101 -1 0 0 0 0.707107 -0.707107 0 -0.707107 -0.707107 3023.dat
1 72 -10 24 200 -1 0 0 0 1 0 0 0 -1 3665.dat
1 72 10 24 200 -1 0 0 0 1 0 0 0 -1 3665.dat
1 72 -20 12 100 0 1 0 -1 0 0 0 0 1 85984.dat
1 15 -52 12 20 0 1 0 1 0 0 0 0 -1 6069.dat
1 71 -28 -18 20 0 1 0 0 0 -1 -1 0 0 3024.dat
1 71 -28 42 20 0 1 0 0 0 -1 -1 0 0 3024.dat
1 71 -28 12 70 0 1 0 1 0 0 0 0 -1 48183.dat
1 15 -60 11.9997 20.0003 0 1 0 1 0 0 0 0 -1 3069b.dat
1 15 -44 11.9997 20.0003 0 1 0 -1 0 0 0 0 1 3039.dat
1 1 -52 12.0021 200 0 1 0 1 0 0 0 0 -1 47759.dat
1 15 -52 12.0021 150 0 1 0 -1 0 0 0 0 1 47753.dat
1 1 -60 11.9973 199.9959 0 1 0 -1 0 0 0 0 1 99563.dat
1 15 -28 12.0021 130 0 1 0 -1 0 0 0 0 1 43719.dat
1 1 -28 42.0026 200 0 1 0 0 0 -1 -1 0 0 3024.dat
1 72 -28 11.9978 189.9959 0 1 0 1 0 0 0 0 -1 3176.dat
1 72 -28 11.9978 219.9959 0 -1 0 1 0 0 0 0 1 3794b.dat
1 71 -36 11.9978 179.9959 0 1 0 -1 0 0 0 0 1 3023.dat
1 1 -28 -17.9974 200.0016 0 1 0 0 0 1 1 0 0 3024.dat
1 72 20 12 100 0 -1 0 1 0 0 0 0 1 85984.dat
1 15 52 12 20 0 -1 0 -1 0 0 0 0 -1 6069.dat
1 71 28 -18 19.9999 0 -1 0 -1 0 0 0 0 -1 3024.dat
1 71 28 42 19.9999 0 -1 0 -1 0 0 0 0 -1 3024.dat
1 71 28 12 70 0 -1 0 -1 0 0 0 0 -1 48183.dat
1 15 60 12.0003 20.0003 0 -1 0 -1 0 0 0 0 -1 3069b.dat
1 15 44 12.0003 20.0002 0 -1 0 1 0 0 0 0 1 3039.dat
1 1 52 11.9979 200.0001 0 -1 0 -1 0 0 0 0 -1 47759.dat
1 15 52 11.9979 150.0001 0 -1 0 1 0 0 0 0 1 47753.dat
1 1 60 11.9974 200.0001 0 -1 0 -1 0 0 0 0 -1 99563.dat
1 15 28 11.9979 130 0 -1 0 1 0 0 0 0 1 43719.dat
1 1 28 -18.0016 200.0001 0 -1 0 0 0 1 -1 0 0 3024.dat
1 72 28 12.002 189.9958 0 -1 0 -1 0 0 0 0 -1 3176.dat
1 72 28 12.002 219.9958 0 1 0 -1 0 0 0 0 1 3794b.dat
1 71 36 11.9979 180.0001 0 -1 0 -1 0 0 0 0 -1 3023.dat
1 1 28 41.9984 200.0017 0 -1 0 0 0 -1 1 0 0 3024.dat
0 STEP
1 0 0 10.6933 -61.2252 1 0 0 0 0.965927 -0.258815 0 0.258815 0.965927 01-foot.ldr
0 NOFILE
0 FILE 04-01-foreleg.ldr
0 Author: Nathanel Titane // nathanel.titane@gmail.com // All Rights Reserved
1 72 0 0 50 0 0 -1 0 1 0 1 0 0 48170.dat
1 72 0 0 0 0 0 -1 0 1 0 1 0 0 3002.dat
1 72 0 0 -40 -1 0 0 0 1 0 0 0 -1 32064.dat
1 72 0 0 -60 -1 0 0 0 1 0 0 0 -1 32064.dat
1 71 0 24 60 1 0 0 0 1 0 0 0 1 3023.dat
1 15 0 24 10 0 0 -1 0 1 0 1 0 0 3020.dat
1 15 -10 32 20 -1 0 0 0 1 0 0 0 -1 4287.dat
1 15 10 32 20 -1 0 0 0 1 0 0 0 -1 4287.dat
1 15 -10 24 0 1 0 0 0 1 0 0 0 1 13547.dat
1 15 10 24 0 1 0 0 0 1 0 0 0 1 13547.dat
1 71 0 40 0 1 0 0 0 1 0 0 0 1 3023.dat
1 72 -10 48 0 1 0 0 0 1 0 0 0 1 3024.dat
1 72 10 48 0 1 0 0 0 1 0 0 0 1 3024.dat
1 15 0 -24 0 -1 0 0 0 1 0 0 0 -1 30363.dat
1 15 0 -24 -20 1 0 0 0 1 0 0 0 1 3298.dat
1 15 -10 -24 -10 0 0 1 0 1 0 -1 0 0 85984.dat
1 15 10 -24 -10 0 0 -1 0 1 0 1 0 0 85984.dat
1 0 0 10 -90 0 -1 0 0 0 -1 1 0 0 32174.dat
1 0 0 10 -60 0 0 -1 0 1 0 1 0 0 4519.dat
1 72 0 -20 -120 -1 0 0 0 1 0 0 0 -1 85943.dat
1 0 0 -10 -90 1 0 0 0 0 -1 0 1 0 32062.dat
1 0 0 -10 -130 0 0 -1 0 1 0 1 0 0 2780.dat
1 72 0 -20 -140 1 0 0 0 1 0 0 0 1 3700.dat
1 72 0 4 -130 1 0 0 0 1 0 0 0 1 11203.dat
1 15 -10 -28 -130 1 0 0 0 1 0 0 0 1 92946.dat
1 15 10 -28 -130 1 0 0 0 1 0 0 0 1 92946.dat
1 72 -10 -36 -120 0 0 1 0 1 0 -1 0 0 2555.dat
1 72 10 -36 -120 0 0 1 0 1 0 -1 0 0 2555.dat
1 71 9.9987 -51.7008 -91.5412 0 0 1 0.258819 0.965926 0 -0.965926 0.258819 0 60478.dat
1 71 -10.0013 -51.7006 -91.5418 0 0 1 0.258819 0.965926 0 -0.965926 0.258819 0 60478.dat
1 15 -0.0042 -64.6046 -74.2932 0 0 -1 -0.258819 0.965926 0 0.965926 0.258819 0 3022.dat
1 15 -0.0032 -51.7012 -91.5396 1 0 0 0 0.965926 -0.258819 0 0.258819 0.965926 15068.dat
1 15 -0.0077 -62.054 -52.9026 -1 0 0 0 0.965926 0.258819 0 0.258819 -0.965926 15068.dat
1 15 9.9921 -59.4651 -62.5646 -1 0 0 0 0.965926 0.258819 0 0.258819 -0.965926 3665.dat
1 15 -10.0079 -59.4648 -62.5653 -1 0 0 0 0.965926 0.258819 0 0.258819 -0.965926 3665.dat
1 72 9.999 -43.9735 -89.4703 0 0 -1 -0.258819 0.965926 0 0.965926 0.258819 0 44728.dat
1 15 31.9993 -24.6537 -84.3102 0 -1 0 -0.25887 0.00013 -0.965912 0.965912 0 -0.25887 51739.dat
1 15 39.9993 -24.655 -84.2929 0 -1 0 0.25887 0 0.965912 -0.965912 0 0.25887 3068b.dat
1 72 -10.001 -43.9726 -89.4735 0 0 1 0.258819 0.965926 0 -0.965926 0.258819 0.00016 44728.dat
1 15 -32.0003 -24.6482 -84.3044 0 1 0 0.25887 0 -0.965912 -0.965912 0 -0.25887 51739.dat
1 15 -40.0003 -24.6474 -84.3047 0 1 0 -0.25887 0 0.965912 0.965912 0 0.25887 3068b.dat
0 STEP
1 7 0 20 -340 1 0 0 0 1 0 0 0 1 02-shin.ldr
0 NOFILE
0 FILE 04-02-foreleg.ldr
0 Author: Nathanel Titane // nathanel.titane@gmail.com // All Rights Reserved
1 72 0 0 50 0 0 -1 0 1 0 1 0 0 48170.dat
1 72 0 0 0 0 0 -1 0 1 0 1 0 0 3002.dat
1 72 0 0 -40 -1 0 0 0 1 0 0 0 -1 32064.dat
1 72 0 0 -60 -1 0 0 0 1 0 0 0 -1 32064.dat
1 71 0 24 60 1 0 0 0 1 0 0 0 1 3023.dat
1 15 0 24 10 0 0 -1 0 1 0 1 0 0 3020.dat
1 15 -10 32 20 -1 0 0 0 1 0 0 0 -1 4287.dat
1 15 10 32 20 -1 0 0 0 1 0 0 0 -1 4287.dat
1 15 -10 24 0 1 0 0 0 1 0 0 0 1 13547.dat
1 15 10 24 0 1 0 0 0 1 0 0 0 1 13547.dat
1 71 0 40 0 1 0 0 0 1 0 0 0 1 3023.dat
1 72 -10 48 0 1 0 0 0 1 0 0 0 1 3024.dat
1 72 10 48 0 1 0 0 0 1 0 0 0 1 3024.dat
1 15 0 -24 0 -1 0 0 0 1 0 0 0 -1 30363.dat
1 15 0 -24 -20 1 0 0 0 1 0 0 0 1 3298.dat
1 15 -10 -24 -10 0 0 1 0 1 0 -1 0 0 85984.dat
1 15 10 -24 -10 0 0 -1 0 1 0 1 0 0 85984.dat
1 0 0 10 -90 0 -1 0 0 0 -1 1 0 0 32174.dat
1 0 0 10 -60 0 0 -1 0 1 0 1 0 0 4519.dat
1 72 0 -20 -120 -1 0 0 0 1 0 0 0 -1 85943.dat
1 0 0 -10 -90 1 0 0 0 0 -1 0 1 0 32062.dat
1 0 0 -10 -130 0 0 -1 0 1 0 1 0 0 2780.dat
1 72 0 -20 -140 1 0 0 0 1 0 0 0 1 3700.dat
1 72 0 4 -130 1 0 0 0 1 0 0 0 1 11203.dat
1 15 -10 -28 -130 1 0 0 0 1 0 0 0 1 92946.dat
1 15 10 -28 -130 1 0 0 0 1 0 0 0 1 92946.dat
1 72 -10 -36 -120 0 0 1 0 1 0 -1 0 0 2555.dat
1 72 10 -36 -120 0 0 1 0 1 0 -1 0 0 2555.dat
1 71 9.9987 -51.7008 -91.5412 0 0 1 0.258819 0.965926 0 -0.965926 0.258819 0 60478.dat
1 71 -10.0013 -51.7006 -91.5418 0 0 1 0.258819 0.965926 0 -0.965926 0.258819 0 60478.dat
1 15 -0.0042 -64.6046 -74.2932 0 0 -1 -0.258819 0.965926 0 0.965926 0.258819 0 3022.dat
1 15 -0.0032 -51.7012 -91.5396 1 0 0 0 0.965926 -0.258819 0 0.258819 0.965926 15068.dat
1 15 -0.0077 -62.054 -52.9026 -1 0 0 0 0.965926 0.258819 0 0.258819 -0.965926 15068.dat
1 15 9.9921 -59.4651 -62.5646 -1 0 0 0 0.965926 0.258819 0 0.258819 -0.965926 3665.dat
1 15 -10.0079 -59.4648 -62.5653 -1 0 0 0 0.965926 0.258819 0 0.258819 -0.965926 3665.dat
1 72 9.999 -43.9735 -89.4703 0 0 -1 -0.258819 0.965926 0 0.965926 0.258819 0 44728.dat
1 15 31.9993 -24.6537 -84.3102 0 -1 0 -0.25887 0.00013 -0.965912 0.965912 0 -0.25887 51739.dat
1 15 39.9993 -24.655 -84.2929 0 -1 0 0.25887 0 0.965912 -0.965912 0 0.25887 3068b.dat
1 72 -10.001 -43.9726 -89.4735 0 0 1 0.258819 0.965926 0 -0.965926 0.258819 0.00016 44728.dat
1 15 -32.0003 -24.6482 -84.3044 0 1 0 0.25887 0 -0.965912 -0.965912 0 -0.25887 51739.dat
1 15 -40.0003 -24.6474 -84.3047 0 1 0 -0.25887 0 0.965912 0.965912 0 0.25887 3068b.dat
0 STEP
1 7 0 20 -340 1 0 0 0 1 0 0 0 1 02-shin.ldr
0 NOFILE
0 FILE 05-waist.ldr
0 Author: Nathanel Titane // nathanel.titane@gmail.com // All Rights Reserved
1 15 0 24 30 0 0 1 0 1 0 -1 0 0 3020.dat
1 0 0 0 30.0003 -1 0 0 0 1 0 0 0 -1 48172.dat
1 0 0 0 60 1 0 0 0 1 0 0 0 1 3700.dat
1 0 0 0 0 1 0 0 0 1 0 0 0 1 32000.dat
1 15 0 -8 30 0 0 1 0 1 0 -1 0 0 3020.dat
1 72 -10 10 -10 1 0 0 0 0 1 0 -1 0 4073.dat
1 72 10 10 -10 1 0 0 0 0 1 0 -1 0 4073.dat
1 0 -60 10 30 1 0 0 0 1 0 0 0 1 47455.dat
1 0 60 10 30 -1 0 0 0 1 0 0 0 -1 47455.dat
1 0 0 10 60 0 0 1 0 1 0 -1 0 0 6558.dat
1 15 0 32 20 1 0 0 0 1 0 0 0 1 3660.dat
1 15 -10 32 50 0 0 1 0 1 0 -1 0 0 32000.dat
1 15 10 32 50 0 0 1 0 1 0 -1 0 0 32000.dat
1 0 -20 42 59.9995 -1 0 0 0 1 0 0 0 -1 2780.dat
1 0 -29.9995 42.0011 39.9995 0 -1 0 1 0 0 0 0 1 60483.dat
1 0 20 42 59.9995 -1 0 0 0 1 0 0 0 -1 2780.dat
1 0 30.0005 42.0011 39.9995 0 -1 0 1 0 0 0 0 1 60483.dat
1 0 0 42 40 -1 0 0 0 1 0 0 0 -1 3706.dat
1 15 -10 56 50 0 0 -1 0 1 0 1 0 0 3700.dat
1 15 10 56 50 0 0 -1 0 1 0 1 0 0 3700.dat
1 15 0 56 20 1 0 0 0 1 0 0 0 1 32000.dat
1 72 -10 80 30 0 0 1 0 1 0 -1 0 0 32028.dat
1 72 10 80 30 0 0 -1 0 1 0 1 0 0 32028.dat
1 72 -10 88 30 0 0 1 0 1 0 -1 0 0 32028.dat
1 72 10 88 30 0 0 -1 0 1 0 1 0 0 32028.dat
1 15 0 80 30 1 0 0 0 1 0 0 0 1 4871.dat
1 72 0 72 0 1 0 0 0 1 0 0 0 1 3023.dat
1 15 0 72 0 1 0 0 0 1 0 0 0 1 85984.dat
1 0 -20 66 49.9984 1 0 0 0 1 0 0 0 1 6628.dat
1 0 20 66 49.9984 -1 0 0 0 1 0 0 0 -1 6628.dat
1 15 0 -32 20 1 0 0 0 1 0 0 0 1 3039.dat
1 15 -10 -32 50 0 0 1 0 1 0 -1 0 0 32000.dat
1 15 10 -32 50 0 0 1 0 1 0 -1 0 0 32000.dat
1 0 20 -22 59.9995 -1 0 0 0 1 0 0 0 -1 2780.dat
1 0 30.0005 -21.9989 39.9995 0 -1 0 1 0 0 0 0 1 60483.dat
1 0 -20 -22 59.9995 -1 0 0 0 1 0 0 0 -1 2780.dat
1 0 -29.9995 -21.9989 39.9995 0 -1 0 1 0 0 0 0 1 60483.dat
1 0 0 -22 40 -1 0 0 0 1 0 0 0 -1 3706.dat
1 15 -10 -56 50 0 0 -1 0 1 0 1 0 0 3700.dat
1 15 10 -56 50 0 0 -1 0 1 0 1 0 0 3700.dat
1 15 0 -56 20 1 0 0 0 1 0 0 0 1 32000.dat
1 0 -20 -46 49.9984 1 0 0 0 1 0 0 0 1 6628.dat
1 0 20 -46 49.9984 -1 0 0 0 1 0 0 0 -1 6628.dat
1 72 0 -45.9997 10 -1 0 0 0 0 -1 0 -1 0 3039.dat
1 72 -0.0005 -35.9991 -13.9997 -1 0 0 0 0 -1 0 -1 0 3003.dat
1 72 -10 -45.999 -38 -1 0 0 0 0 -1 0 -1 0 3665.dat
1 72 10 -45.999 -38 -1 0 0 0 0 -1 0 -1 0 3665.dat
1 15 0 -80 -10 0 0 1 0 1 0 -1 0 0 3001.dat
1 72 -10 -64 50 0 0 1 0 1 0 -1 0 0 99780.dat
1 72 10 -64 50 0 0 -1 0 1 0 1 0 0 99780.dat
1 1 0 -88 50.0003 -1 0 0 0 1 0 0 0 -1 3003.dat
1 1 0.0003 -112 40.0003 -1 0 0 0 1 0 0 0 -1 3039.dat
1 1 0.0003 -112 40.0003 -1 0 0 0 1 0 0 0 -1 85984.dat
1 15 0 -104 20 1 0 0 0 1 0 0 0 1 30363.dat
1 15 0 -104 19.9989 1 0 0 0 1 0 0 0 1 85984.dat
1 0 -49.9995 42.0011 39.9995 1 0 0 0 0 -1 0 1 0 6536.dat
1 0 50.0005 42.0011 39.9995 1 0 0 0 0 -1 0 1 0 6536.dat
1 1 50.0005 32.0011 59.9995 0 0 -1 -1 0 0 0 1 0 43093.dat
1 1 -49.9995 32.0011 59.9995 0 0 -1 -1 0 0 0 1 0 43093.dat
1 0 50.0005 10.0011 59.9995 0 0 -1 -1 0 0 0 1 0 32174.dat
1 0 -49.9995 10.0011 59.9995 0 0 1 1 0 0 0 1 0 32174.dat
1 1 -49.9995 -11.9989 59.9995 0 0 -1 1 0 0 0 -1 0 43093.dat
1 1 50.0005 -11.9989 59.9995 0 0 -1 1 0 0 0 -1 0 43093.dat
1 0 -49.9995 -21.9989 39.9995 1 0 0 0 0 -1 0 1 0 6536.dat
1 0 50.0005 -21.9989 39.9995 1 0 0 0 0 -1 0 1 0 6536.dat
1 71 36.5348 85.3215 50.0006 0 0.866043 0.49997 0 -0.49997 0.866043 1 0 0 14704.dat
1 15 36.5348 85.3215 50.0006 0 0.866043 0.49997 0 -0.49997 0.866043 1 0 0 85984.dat
1 15 43.4631 81.3224 40.0003 0 0.866043 -0.49997 0 -0.49997 -0.866043 -1 0 0 3622.dat
1 15 36.534 85.3233 10.0006 0 0.866043 -0.49997 0 -0.49997 -0.866043 -1 0 0 3069b.dat
1 15 43.4611 81.3237 0.0003 -0.49997 0.866043 0 -0.866043 -0.49997 0 0 0 1 3040.dat
1 15 64.2466 69.3237 19.9994 -0.49997 0.866043 0 -0.866043 -0.49997 0 0 0 1 4287.dat
1 15 64.2485 69.3238 39.9993 0.49997 0.866043 -0 0.866043 -0.49997 0 0 0 -1 3665.dat
1 71 -36.5348 85.3215 50.0006 0 -0.866043 -0.49997 0 -0.49997 0.866043 -1 0 0 14704.dat
1 15 -36.5348 85.3215 50.0006 0 -0.866043 -0.49997 0 -0.49997 0.866043 -1 0 0 85984.dat
1 15 -43.4623 81.3224 40.0003 0 -0.866043 0.49997 0 -0.49997 -0.866043 1 0 0 3622.dat
1 15 -36.5332 85.3233 10.0006 0 -0.866043 -0.49997 0 -0.49997 0.866043 -1 0 0 3069b.dat
1 15 -43.4619 81.3237 0.0002 -0.49997 -0.866043 0 0.866043 -0.49997 -0 0 0 1 3040.dat
1 15 -64.2474 69.3237 19.9993 -0.49997 -0.866043 0 0.866043 -0.49997 -0 0 0 1 4287.dat
1 15 -64.2465 69.3238 39.9994 0.49997 -0.866043 0 -0.866043 -0.49997 0 0 0 -1 3665.dat
1 0 -83.294 0 -56.933 0.965926 0 0.258819 0 1 0 -0.258819 0 0.965926 04-01-foreleg.ldr
0 STEP
1 0 83.294 0 -56.933 0.965926 0 -0.258819 0 1 0 0.258819 0 0.965926 04-02-foreleg.ldr
0 STEP
1 0 -82.3199 -9.9995 78.6598 0.86604 -0.499974 0 0 0 1 -0.499974 -0.86604 0 06-side-skirt.ldr
0 STEP
1 0 82.3232 30.0006 78.66 -0.86604 0.499974 0 0 -0 -1 -0.499974 -0.86604 0 06-side-skirt.ldr
0 STEP
1 0 -50 -50 49.9984 1 0 0 0 1 0 0 0 1 07-01-front-skirt.ldr
0 STEP
1 0 50 -50 49.9984 1 0 0 0 1 0 0 0 1 07-02-front-skirt.ldr
0 STEP
0 NOFILE
0 FILE 06-side-skirt.ldr
0 Author: Nathanel Titane // nathanel.titane@gmail.com // All Rights Reserved
1 0 10 10 20 -1 0 0 0 1 0 0 0 -1 32062.dat
1 15 0 0 20 0 0 1 0 1 0 -1 0 0 32064.dat
1 0 20 10 20 0 -1 0 -1 0 0 0 0 -1 32474.dat
1 15 0 24 10 1 0 0 0 1 0 0 0 1 3665.dat
1 15 0 24 30 -1 0 0 0 1 0 0 0 -1 3665.dat
1 15 0 0 50 -1 0 0 0 1 0 0 0 -1 4070.dat
1 15 -0.0003 9.9996 64.0003 -1 0 0 0 0 -1 0 -1 0 3070b.dat
1 15 0.0048 0 -10 1 0 -0 0 1 0 0 0 1 4070.dat
1 15 0.0058 9.9996 -24.0003 1 0 0 0 0 -1 0 1 0 3070b.dat
1 15 0 48 20 0 0 1 0 1 0 -1 0 0 3004.dat
1 15 0 72 20 0 0 1 0 1 0 -1 0 0 3660.dat
1 15 -20 48 20 0 0 1 0 1 0 -1 0 0 3937.dat
1 71 -20 48 20 0 0 1 0 1 0 -1 0 0 3938.dat
1 15 -20 0 20 0 0 1 0 1 0 -1 0 0 3245b.dat
1 72 -20 -8 20 0 0 1 0 1 0 -1 0 0 3023.dat
1 15 -20 -8 20 0 0 1 0 1 0 -1 0 0 85984.dat
1 15 0 -8 0 1 0 0 0 1 0 0 0 1 92946.dat
1 15 0 -8 40 -1 0 0 0 1 0 0 0 -1 92946.dat
1 15 0 -16 20 0 0 1 0 1 0 -1 0 0 3023.dat
1 15 0 -24 20 0 0 1 0 1 0 -1 0 0 3069b.dat
1 15 0 124 20.0013 0 0 1 0 -1 0 1 0 0 85984.dat
1 15 0 124 20.0013 0 0 1 0 -1 0 1 0 0 3004.dat
1 0 -0.0007 98.0003 30.0006 0 1 0 1 0 0 0 0 -1 2780.dat
1 0 -0.0007 98.0003 10.0006 0 1 0 1 0 0 0 0 -1 2780.dat
0 NOFILE
0 FILE 07-01-front-skirt.ldr
0 Author: Nathanel Titane // nathanel.titane@gmail.com // All Rights Reserved
1 71 0 0 0 0 0 -1 0 1 0 1 0 0 14704.dat
1 71 0.0005 -24 0 0 0 1 0 1 0 -1 0 0 52107.dat
1 71 -10.0013 -32 10 -1 0 0 0 1 0 0 0 -1 32028.dat
1 15 -9.9997 -24 0 1 0 0 0 1 0 0 0 1 15068.dat
1 72 -18.0008 -14.0002 0 0 1 0 0 0 -1 -1 0 0 32028.dat
1 15 9.9936 -13.9999 -29.9963 0 -1 0 0 0 -1 1 0 0 3005.dat
1 15 9.9973 -14.002 -49.9963 0 -1 0 1 0 0 0 0 1 3665.dat
1 15 17.9955 -14.0003 -39.9949 0 -1 0 0 0 -1 1 0 0 6636.dat
1 212 10.0047 -14.0057 -89.9964 0 -1 0 1 0 0 -0 0 1 3040.dat
1 72 -13.9971 -14.0068 -80.0008 0 -1 0 -1 0 -0 0 0 -1 92946.dat
1 15 -14.0045 -14.0048 -40.0007 0 -1 0 0 0 1 -1 0 0 3023.dat
1 72 -13.9917 -14.0092 -110.0007 0 -1 0 0 0 -1 1 0 0 3024.dat
1 15 -22.0027 -14.0082 -50.0022 0 -1 0 -1 0 0 0 0 -1 3665.dat
1 212 -21.999 -14.0077 -70.0022 0 -1 0 1 0 0 0 0 1 4287.dat
1 72 -18.0008 -14.0002 0 0 1 0 0 0 -1 -1 0 0 85984.dat
0 NOFILE
0 FILE 07-02-front-skirt.ldr
0 Author: Nathanel Titane // nathanel.titane@gmail.com // All Rights Reserved
1 71 0 0 0 0 0 1 0 1 0 -1 0 0 14704.dat
1 71 -0.0005 -24 0 0 0 -1 0 1 0 1 0 0 52107.dat
1 71 9.9981 -32 10 -1 0 0 0 1 0 0 0 -1 32028.dat
1 15 9.9997 -24 0 1 0 0 0 1 0 0 0 1 15068.dat
1 72 18.0008 -14.0002 0 0 -1 0 0 0 -1 1 0 0 32028.dat
1 15 -9.9826 -13.9935 -30.0036 0 1 0 0 0 1 1 0 0 3005.dat
1 15 -9.9789 -13.9914 -50.0036 0 1 0 -1 0 0 0 0 1 3665.dat
1 15 -17.9808 -13.9918 -40.0051 0 1 0 0 0 1 1 0 0 6636.dat
1 212 -9.9716 -13.9877 -90.0036 0 1 0 -1 0 -0 -0 0 1 3040.dat
1 72 14.0266 -13.9904 -79.9992 0 1 0 1 0 0 0 0 -1 92946.dat
1 15 14.0192 -13.9924 -39.9991 0 1 0 0 0 -1 -1 0 0 3023.dat
1 72 14.0322 -13.988 -109.9991 0 1 0 0 0 1 1 0 0 3024.dat
1 15 22.0211 -13.9903 -49.9977 0 1 0 1 0 0 0 0 -1 3665.dat
1 212 22.0248 -13.9907 -69.9977 0 1 0 -1 0 0 0 0 1 4287.dat
1 72 18.0008 -14.0002 0 0 -1 0 0 0 -1 1 0 0 85984.dat
0 NOFILE
0 FILE 08-torso.ldr
0 Author: Nathanel Titane // nathanel.titane@gmail.com // All Rights Reserved
1 0 0 0 0 1 0 0 0 1 0 0 0 1 3700.dat
1 0 10 24 20 1 0 0 0 1 0 0 0 1 3665.dat
1 0 -10 24 20 1 0 0 0 1 0 0 0 1 3665.dat
1 0 0 0 50 0 0 1 0 1 0 -1 0 0 3001.dat
1 0 0 24 60 0 0 1 0 1 0 -1 0 0 3002.dat
1 4 -50 0 80 0 0 1 0 1 0 -1 0 0 2357.dat
1 71 -40 24 70 0 0 1 0 1 0 -1 0 0 87580.dat
1 4 -30 32 80 0 0 1 0 1 0 -1 0 0 3676.dat
1 4 50 0 80 -1 0 0 0 1 0 0 0 -1 2357.dat
1 71 40 24 70 1 0 0 0 1 0 0 0 1 87580.dat
1 4 30 32 80 1 0 0 0 1 0 0 0 1 3676.dat
1 1 0 48 90 0 0 1 0 1 0 -1 0 0 3020.dat
1 72 40 48 110 0 0 1 0 1 0 -1 0 0 11203.dat
1 72 -40 48 110 0 0 -1 0 1 0 1 0 0 11203.dat
1 1 0 24 110 1 0 0 0 1 0 0 0 1 3001.dat
1 72 40 0 110 1 0 0 0 1 0 0 0 1 3001.dat
1 72 -40 0 110 -1 0 0 0 1 0 0 0 -1 3001.dat
1 1 50 24 110 0 0 -1 0 1 0 1 0 0 3660.dat
1 1 -50 24 110 0 0 1 0 1 0 -1 0 0 3660.dat
1 15 -30 0 30 0 0 -1 0 1 0 1 0 0 3010.dat
1 15 30 24 40 1 0 0 0 1 0 0 0 1 4287.dat
1 15 -30 24 40 1 0 0 0 1 0 0 0 1 4287.dat
1 15 30 0 30 0 0 -1 0 1 0 1 0 0 3010.dat
1 15 10 48 40 0 0 -1 0 1 0 1 0 0 3665.dat
1 15 -10 48 40 0 0 1 0 1 0 -1 0 0 3665.dat
1 71 0 0 140 -1 0 0 0 1 0 0 0 -1 11211.dat
1 71 -10 9.9997 158 0 0 1 -1 0 0 0 -1 0 2555.dat
1 71 10 9.9997 158 0 0 1 -1 0 0 0 -1 0 2555.dat
1 71 0 10 164 0 0 -1 -1 0 0 0 1 0 4697b.dat
1 72 -29.9997 8 150 0 0 -1 0 1 0 1 0 0 22886.dat
1 72 -29.9997 0 150 -1 0 0 0 1 0 0 0 -1 92946.dat
1 72 30 8 150 0 0 -1 0 1 0 1 0 0 22886.dat
1 72 30 0 150 -1 0 0 0 1 0 0 0 -1 92946.dat
1 15 -10 -24 20 0 0 1 0 1 0 -1 0 0 3038.dat
1 15 10 -24 20 0 0 -1 0 1 0 1 0 0 3038.dat
1 4 -10 -24 70 0 0 1 0 1 0 -1 0 0 3298.dat
1 4 10 -24 70 0 0 -1 0 1 0 1 0 0 3298.dat
1 15 0 -24 120 0 0 1 0 1 0 -1 0 0 3002.dat
1 15 0 -32 130 1 0 0 0 1 0 0 0 1 3068b.dat
1 1 30 -24 100 1 0 0 0 1 0 0 0 1 4070.dat
1 1 30 -48 100 1 0 0 0 1 0 0 0 1 4287.dat
1 1 30 -72 80 0 0 1 0 1 0 -1 0 0 3622.dat
1 1 30 -96 100 1 0 0 0 1 0 0 0 1 4286.dat
1 1 -30 -24 100 1 0 0 0 1 0 0 0 1 4070.dat
1 1 -30 -48 100 1 0 0 0 1 0 0 0 1 4287.dat
1 1 -30 -72 80 0 0 1 0 1 0 -1 0 0 3622.dat
1 1 -30 -96 100 1 0 0 0 1 0 0 0 1 4286.dat
1 72 70 0 140 -1 0 0 0 1 0 0 0 -1 3046.dat
1 72 90 0 150 0 0 1 0 1 0 -1 0 0 32064.dat
1 1 80 0 160 -1 0 0 0 1 0 0 0 -1 85984.dat
1 1 90 0 140 1 0 0 0 1 0 0 0 1 54200.dat
1 1 50 24 150 0 0 -1 0 1 0 1 0 0 3747b.dat
1 1 50.0005 48 140 -1 0 0 0 1 0 0 0 -1 3665.dat
1 72 -70 0 140 0 0 -1 0 1 0 1 0 0 3046.dat
1 72 -90 0 150 0 0 1 0 1 0 -1 0 0 32064.dat
1 1 -80 0 160 -1 0 0 0 1 0 0 0 -1 85984.dat
1 1 -90 0 140 1 0 0 0 1 0 0 0 1 54200.dat
1 1 -50 24 150 0 0 1 0 1 0 -1 0 0 3747b.dat
1 1 -49.9995 48 140 -1 0 0 0 1 0 0 0 -1 3665.dat
1 0 100 10 150 1 0 0 0 1 0 0 0 1 32062.dat
1 0 110 10 150 0 -1 0 1 0 0 0 0 1 32474.dat
1 0 -100 10 150 -1 0 0 0 1 0 0 0 -1 32062.dat
1 0 -110 10 150 0 1 0 1 0 0 0 0 -1 32474.dat
1 4 0 -48 50 0 0 1 0 1 0 -1 0 0 2456.dat
1 1 -50 -72 100 0 0 1 0 1 0 -1 0 0 4460b.dat
1 1 -50 -96 100 1 0 0 0 1 0 0 0 1 4070.dat
1 297 -40 -96 100 1 0 0 0 1 0 0 0 1 85984.dat
1 1 50 -72 100 0 0 -1 0 1 0 1 0 0 4460b.dat
1 1 50 -96 100 1 0 0 0 1 0 0 0 1 4070.dat
1 297 40 -96 100 1 0 0 0 1 0 0 0 1 85984.dat
1 4 0 -72 60 1 0 0 0 1 0 0 0 1 30363.dat
1 1 0 -72 60 1 0 0 0 1 0 0 0 1 85984.dat
1 1 0 -72 80 -1 0 0 0 1 0 0 0 -1 3937.dat
1 71 0 -62 90 1 0 0 0 0 1 0 -1 0 3938.dat
1 1 0 -72 106 1 0 0 0 0 1 0 -1 0 3022.dat
1 212 0 -92 114 0 0 1 -1 0 0 0 -1 0 3020.dat
1 1 -10 -62 106 1 0 0 0 0 1 0 -1 0 13547.dat
1 1 10 -62 106 1 0 0 0 0 1 0 -1 0 13547.dat
1 1 0 -62 138 1 0 0 0 0 1 0 -1 0 30363.dat
1 1 0 -52 138 1 0 0 0 0 1 0 -1 0 15068.dat
1 1 -10 -42 146 1 0 0 0 0 1 0 -1 0 3005.dat
1 1 10 -42 146 1 0 0 0 0 1 0 -1 0 3005.dat
1 1 -30 -96 120 -1 0 0 0 1 0 0 0 -1 60481.dat
1 1 -30 -48 130 0 0 -1 0 1 0 1 0 0 3245b.dat
1 1 -60 -72 120 -1 0 0 0 1 0 0 0 -1 3684a.dat
1 1 -50 -96 120 0 0 1 0 1 0 -1 0 0 3040.dat
1 1 30 -96 120 -1 0 0 0 1 0 0 0 -1 60481.dat
1 1 30 -48 130 0 0 -1 0 1 0 1 0 0 3245b.dat
1 1 60 -72 120 -1 0 0 0 1 0 0 0 -1 3684a.dat
1 1 50 -96 120 0 0 -1 0 1 0 1 0 0 3040.dat
1 297 40 -104 120 -1 0 0 0 1 0 0 0 -1 3023.dat
1 72 40 -104 120 -1 0 0 0 1 0 0 0 -1 85984.dat
1 297 -40 -104 120 -1 0 0 0 1 0 0 0 -1 3023.dat
1 72 -40 -104 120 -1 0 0 0 1 0 0 0 -1 85984.dat
1 71 0 24 140 -1 0 0 0 1 0 0 0 -1 3678b.dat
1 71 0 72 150 -1 0 0 0 1 0 0 0 -1 3003.dat
1 72 0 80 150 0 0 -1 0 1 0 1 0 0 4871.dat
1 0 0 20 182 -1 0 0 0 -1 0 0 0 1 09-head.ldr
0 STEP
1 0 0 56 90 1 0 0 0 1 0 0 0 1 10-back-pack-force.ldr
0 STEP
1 0 -171.931 0 73.419 0.965926 0 0.258819 0 1 0 -0.258819 0 0.965926 12-01-arm.ldr
0 STEP
1 0 171.931 0 73.419 0.965926 0 -0.258819 0 1 0 0.258819 0 0.965926 12-02-arm.ldr
0 STEP
0 NOFILE
0 FILE 09-head.ldr
0 Author: Nathanel Titane // nathanel.titane@gmail.com // All Rights Reserved
1 72 0 0 0 1 0 0 0 1 0 0 0 1 87087.dat
1 72 0 0 20 0 0 1 0 1 0 -1 0 0 47905.dat
1 72 0 24 20 0 0 1 0 1 0 -1 0 0 3623.dat
1 72 0 -8 10 0 0 1 0 1 0 -1 0 0 3023.dat
1 15 0 -16 10 -1 0 0 0 1 0 0 0 -1 92946.dat
1 15 0 -16 0 1 0 0 0 1 0 0 0 1 54200.dat
1 15 0 0 40 0 0 1 0 1 0 -1 0 0 47905.dat
1 15 0 -8 50 -1 0 0 0 1 0 0 0 -1 92946.dat
1 15 0 0 60 1 0 0 0 1 0 0 0 1 3005.dat
1 0 0 26 60 0 0 -1 1 0 0 0 -1 0 2780.dat
1 15 0 52 60 1 0 0 0 -1 0 0 0 -1 3005.dat
1 41 0 52 60.0004 1 0 0 0 -1 0 0 0 -1 54200.dat
1 41 0 -8 40 -1 0 0 0 1 0 0 0 -1 54200.dat
1 15 0 32 20 1 0 0 0 1 0 0 0 1 87087.dat
1 15 0 32 40 1 0 0 0 1 0 0 0 1 3005.dat
1 34 0 42 2 1 0 0 0 0 -1 0 1 0 3024.dat
1 15 0 41.9998 -6 0 0 1 1 0 0 0 1 0 2555.dat
1 4 0 46.75 -18.5 1 0 0 0 -0.25035 0.968155 0 -0.968155 -0.25035 3820.dat
1 72 -0.0008 56 30 0 0 -1 0 1 0 1 0 0 3023.dat
1 4 0 64 20 -1 0 0 0 1 0 0 0 -1 3665.dat
1 72 -26 8.2643 10.1519 0 1 0 0.17362 0 0.984813 0.984813 0 -0.17362 99206.dat
1 72 -20 -9.4624 13.2769 0 0 -1 0.17362 0.984813 0 0.984813 -0.17362 0 3023.dat
1 15 -20 -9.4624 13.2769 0 0 1 -0.17362 0.984813 0 -0.984813 -0.17362 0 85984.dat
1 15 -34.0003 6.5281 0.3039 0 1 0 0.17362 0 0.984813 0.984813 0 -0.17362 3070b.dat
1 15 -17.9998 19.8498 18.2644 0 1 0 -0.173671 0 -0.984804 -0.984804 0 0.173671 11477.dat
1 15 -10.0003 36.0724 -4.9053 0 1 0 -0.173671 0 -0.984804 -0.984804 0 0.173671 11477.dat
1 72 26 8.2643 10.1519 0 -1 0 -0.17362 0 0.984813 -0.984813 0 -0.17362 99206.dat
1 72 20 -9.4624 13.2769 0 0 1 -0.17362 0.984813 0 -0.984813 -0.17362 0 3023.dat
1 15 20 -9.4624 13.2769 0 0 -1 0.17362 0.984813 0 0.984813 -0.17362 0 85984.dat
1 15 34.0003 6.5281 0.3039 0 -1 0 -0.17362 0 0.984813 -0.984813 0 -0.17362 3070b.dat
1 15 17.9997 19.8474 18.2627 0 -1 0 0.173568 0 -0.984822 0.984822 0 0.173568 11477.dat
1 15 10.0002 36.0724 -4.9053 0 -1 0 0.173568 0 -0.984822 0.984822 0 0.173568 11477.dat
1 15 -10 19.8486 38.2635 0 1 0 0.17362 0 0.984813 0.984813 0 -0.17362 11477.dat
1 15 -18.0005 39.5447 34.7912 0 1 0 0.984817 0 -0.173594 -0.173594 0 -0.984817 92280.dat
1 297 -24.0006 52.8651 52.7512 0.965934 0 0.258788 -0.254871 -0.173618 0.951261 0.044857 -0.984813 -0.167723 30088.dat
1 15 -24.0013 50.7818 40.9335 0.766069 -0.642758 0 -0.633006 -0.754431 -0.173603 0.111543 0.133027 -0.984816 11090.dat
1 15 -36.8565 35.6932 43.5941 0.766069 -0.642758 0 -0.633006 -0.754431 -0.173603 0.111543 0.133027 -0.984816 87994.dat
1 15 10 19.8486 38.2635 0 -1 0 -0.17362 0 0.984813 -0.984813 0 -0.17362 11477.dat
1 15 18.0005 39.5447 34.7912 0 -1 0 0.984808 0 0.173645 -0.173645 0 0.984808 92280.dat
1 297 24.0012 52.8651 52.7513 0.965934 0 -0.258789 0.254837 -0.17362 0.95127 -0.045054 -0.984813 -0.167672 30088.dat
1 15 23.9994 50.7818 40.9335 0.766069 0.642759 0 0.632979 -0.754453 -0.173604 -0.111699 0.132897 -0.984816 11090.dat
1 15 36.8545 35.6927 43.5914 0.766069 0.642759 0 0.632979 -0.754453 -0.173604 -0.111699 0.132897 -0.984816 87994.dat
0 NOFILE
0 FILE 10-back-pack-force.ldr
0 Author: Nathanel Titane // nathanel.titane@gmail.com // All Rights Reserved
1 0 0 0 0 0 0 1 0 1 0 -1 0 0 2434.dat
1 0 10 72 -10 1 0 0 0 1 0 0 0 1 3676.dat
1 0 -10 72 -10 0 0 1 0 1 0 -1 0 0 3676.dat
1 0 -20 48 30 -1 0 0 0 1 0 0 0 -1 30541.dat
1 0 20 48 30 1 0 0 0 1 0 0 0 1 30541.dat
1 0 -30 48 -10 1 0 0 0 1 0 0 0 1 2357.dat
1 0 -20 48 -30 -1 0 0 0 1 0 0 0 -1 30541.dat
1 0 30 48 -10 0 0 -1 0 1 0 1 0 0 2357.dat
1 0 20 48 -30 1 0 0 0 1 0 0 0 1 30541.dat
1 0 30 40 0 0 0 -1 0 1 0 1 0 0 2431.dat
1 0 -30 40 0 0 0 -1 0 1 0 1 0 0 2431.dat
1 0 -30 72 20 0 0 -1 0 1 0 1 0 0 3245b.dat
1 4 -30 120 30 1 0 0 0 1 0 0 0 1 3665.dat
1 0 30 72 20 0 0 -1 0 1 0 1 0 0 3245b.dat
1 4 30 120 30 1 0 0 0 1 0 0 0 1 3665.dat
1 0 0 72 30 -1 0 0 0 1 0 0 0 -1 3684a.dat
1 0 0 48 10 1 0 0 0 1 0 0 0 1 3245b.dat
1 0 0 96 10 1 0 0 0 1 0 0 0 1 3245b.dat
1 0 0 96 -10 1 0 0 0 1 0 0 0 1 3245b.dat
1 72 -10 144 30 1 0 0 0 1 0 0 0 1 4287.dat
1 72 10 144 30 1 0 0 0 1 0 0 0 1 4287.dat
1 72 10 144 50 1 0 0 0 1 0 0 0 1 3005.dat
1 72 -10 144 50 1 0 0 0 1 0 0 0 1 3005.dat
1 0 -28 20 0 0 1 0 0 0 -1 -1 0 0 3020.dat
1 0 -52 20 10 0 1 0 -1 0 0 0 0 1 3298.dat
1 0 -52 20 30 0 1 0 -1 0 0 0 0 1 3004.dat
