0 FILE 00-instructions.ldr
0 Name: 00-instructions.ldr
0 Author: Nathanel Titane // nathanel.titane@gmail.com // All Rights Reserved
0
0 // LPUB[3D] FRONT COVER PAGE /////////////////////////////////////////////////
0
0 !LPUB PAGE DOCUMENT_TITLE_FRONT COLOR "#666666"
0 !LPUB PAGE DOCUMENT_TITLE_FRONT CONTENT GLOBAL "MODEL // GAT-X105E STRIKE NOIR"
0 !LPUB PAGE DOCUMENT_TITLE_FRONT DISPLAY GLOBAL TRUE
0 !LPUB PAGE DOCUMENT_TITLE_FRONT FONT "Noto Sans,72,-1,0,75,0,0,0,0,0,Bold"
0 !LPUB PAGE DOCUMENT_TITLE_FRONT MARGINS 0.2500 0.1000
0 !LPUB PAGE DOCUMENT_TITLE_FRONT PLACEMENT GLOBAL TOP_LEFT PAGE INSIDE OFFSET 0.0000 0.0000

0 !LPUB PAGE DOCUMENT_AUTHOR_FRONT CONTENT GLOBAL "MODEL DESIGN AND INSTRUCTIONS // NATHANEL TITANE"
0 !LPUB PAGE DOCUMENT_AUTHOR_FRONT COLOR "#666666"
0 !LPUB PAGE DOCUMENT_AUTHOR_FRONT DISPLAY GLOBAL TRUE
0 !LPUB PAGE DOCUMENT_AUTHOR_FRONT FONT "Noto Sans,18,-1,0,75,0,0,0,0,0,Bold"
0 !LPUB PAGE DOCUMENT_AUTHOR_FRONT MARGINS 0.3000 1.0000
0 !LPUB PAGE DOCUMENT_AUTHOR_FRONT PLACEMENT TOP_LEFT PAGE INSIDE OFFSET 0.0000 0.0000

0 !LPUB PAGE MODEL_PARTS COLOR "#666666"
0 !LPUB PAGE MODEL_PARTS CONTENT GLOBAL "1386 PIECES"
0 !LPUB PAGE MODEL_PARTS DISPLAY GLOBAL TRUE
0 !LPUB PAGE MODEL_PARTS FONT "Noto Sans,72,-1,0,75,0,0,0,0,0,Bold"
0 !LPUB PAGE MODEL_PARTS MARGINS 0.2500 0.1000
0 !LPUB PAGE MODEL_PARTS PLACEMENT GLOBAL BOTTOM_LEFT PAGE INSIDE OFFSET 0.0000 0.0000

0 !LPUB PAGE PUBLISH_DESCRIPTION COLOR "#666666"
0 !LPUB PAGE PUBLISH_DESCRIPTION CONTENT GLOBAL "LEGO // LINUX - Where Lego and Linux Meet"
0 !LPUB PAGE PUBLISH_DESCRIPTION DISPLAY GLOBAL TRUE
0 !LPUB PAGE PUBLISH_DESCRIPTION FONT "Noto Sans,36,-1,0,75,0,0,0,0,0,Bold"
0 !LPUB PAGE PUBLISH_DESCRIPTION MARGINS 0.2000 0.2000
0 !LPUB PAGE PUBLISH_DESCRIPTION PLACEMENT GLOBAL BOTTOM_RIGHT PAGE INSIDE OFFSET 0.0000 0.0000
0
0 // LPUB[3D] BACK COVER PAGE //////////////////////////////////////////////////
0
0 // LPUB[3D] DOCUMENT DISCLAIMER
0 !LPUB PAGE LEGO_DISCLAIMER COLOR "#666666"
0 !LPUB PAGE LEGO_DISCLAIMER CONTENT GLOBAL "LEGO® // REGISTERED TRADEMARK OF THE LEGO GROUP"
0 !LPUB PAGE LEGO_DISCLAIMER DISPLAY GLOBAL TRUE
0 !LPUB PAGE LEGO_DISCLAIMER FONT "Noto Sans,36,-1,0,75,0,0,0,0,0,Bold"
0 !LPUB PAGE LEGO_DISCLAIMER PLACEMENT GLOBAL CENTER PAGE INSIDE OFFSET 0.0000 -0.2500
0
0 // LPUB[3D] PAGE DOCUMENT AUTHOR
0 !LPUB PAGE DOCUMENT_AUTHOR_BACK COLOR "#666666"
0 !LPUB PAGE DOCUMENT_AUTHOR_BACK CONTENT GLOBAL "MODEL DESIGN AND INSTRUCTIONS // NATHANEL TITANE"
0 !LPUB PAGE DOCUMENT_AUTHOR_BACK DISPLAY GLOBAL TRUE
0 !LPUB PAGE DOCUMENT_AUTHOR_BACK FONT "Noto Sans,36,-1,0,75,0,0,0,0,0,Bold"
0 !LPUB PAGE DOCUMENT_AUTHOR_BACK PLACEMENT CENTER PAGE INSIDE OFFSET 0.0000 -0.2000
0
0 // LPUB[3D] PAGE PUBLICATION COPYRIGHT
0 !LPUB PAGE PUBLISH_COPYRIGHT_BACK COLOR "#666666"
0 !LPUB PAGE PUBLISH_COPYRIGHT_BACK CONTENT GLOBAL "COPYRIGHT // ALL RIGHTS RESERVED"
0 !LPUB PAGE PUBLISH_COPYRIGHT_BACK DISPLAY GLOBAL TRUE
0 !LPUB PAGE PUBLISH_COPYRIGHT_BACK FONT "Noto Sans,36,-1,0,75,0,0,0,0,0,Bold"
0 !LPUB PAGE PUBLISH_COPYRIGHT_BACK PLACEMENT GLOBAL CENTER PAGE INSIDE OFFSET 0.0000 -0.1500
0
0 // LPUB[3D] PAGE PUBLICATION EMAIL
0 !LPUB PAGE PUBLISH_EMAIL_BACK COLOR "#666666"
0 !LPUB PAGE PUBLISH_EMAIL_BACK CONTENT GLOBAL "CONTACT // NATHANEL.TITANE@GMAIL.COM // INFO@LEGOLINUX.COM"
0 !LPUB PAGE PUBLISH_EMAIL_BACK DISPLAY GLOBAL TRUE
0 !LPUB PAGE PUBLISH_EMAIL_BACK FONT "Noto Sans,18,-1,0,75,0,0,0,0,0,Bold"
0 !LPUB PAGE PUBLISH_EMAIL_BACK PLACEMENT GLOBAL CENTER PAGE INSIDE OFFSET 0.0000 -0.0500
0
0 // LPUB[3D] PAGE PUBLICATION URL
0 !LPUB PAGE PUBLISH_URL_BACK COLOR "#666666"
0 !LPUB PAGE PUBLISH_URL_BACK CONTENT GLOBAL "WEB // HTTPS://LEGOLINUX.COM/MODELS/MOBILE-SUITS/GAT-X105E-STRIKE-NOIR"
0 !LPUB PAGE PUBLISH_URL_BACK DISPLAY GLOBAL TRUE
0 !LPUB PAGE PUBLISH_URL_BACK FONT "Noto Sans,18,-1,0,75,0,0,0,0,0,Bold"
0 !LPUB PAGE PUBLISH_URL_BACK PLACEMENT GLOBAL CENTER PAGE INSIDE OFFSET 0.0000 -0.0250
0
0 // LPUB[3D] PAGE LOGO
0 !LPUB PAGE DOCUMENT_LOGO_BACK DISPLAY GLOBAL TRUE
0 !LPUB PAGE DOCUMENT_LOGO_BACK FILE GLOBAL "/media/internal/Lego/lpub3d/instructions/logo.png"
0 !LPUB PAGE DOCUMENT_LOGO_BACK PLACEMENT CENTER PAGE INSIDE OFFSET 0.0000 0.45000
0 !LPUB PAGE DOCUMENT_LOGO_BACK SCALE GLOBAL  1.0000
0
0 // LPUB[3D] CONFIGURATION ////////////////////////////////////////////////////
0
0 // LPUB[3D] PAGE WATERMARK
0 !LPUB PAGE PUBLISH_EMAIL CONTENT GLOBAL "CONTACT // NATHANEL.TITANE@GMAIL.COM // INFO@LEGOLINUX.COM"
0 !LPUB PAGE PUBLISH_EMAIL COLOR "#666666"
0 !LPUB PAGE PUBLISH_EMAIL DISPLAY GLOBAL TRUE
0 !LPUB PAGE PUBLISH_EMAIL FONT "Noto Sans,18,-1,0,75,0,0,0,0,0,Bold"
0 !LPUB PAGE PUBLISH_EMAIL MARGINS 0.0000 0.1500
0 !LPUB PAGE PUBLISH_EMAIL PLACEMENT GLOBAL BOTTOM PAGE INSIDE OFFSET 0.0000 0.0000
0 !LPUB PAGE DOCUMENT_AUTHOR CONTENT GLOBAL "MODEL DESIGN AND INSTRUCTIONS // NATHANEL TITANE"
0 !LPUB PAGE DOCUMENT_AUTHOR COLOR "#666666"
0 !LPUB PAGE DOCUMENT_AUTHOR DISPLAY GLOBAL TRUE
0 !LPUB PAGE DOCUMENT_AUTHOR FONT "Noto Sans,18,-1,0,75,0,0,0,0,0,Bold"
0 !LPUB PAGE DOCUMENT_AUTHOR MARGINS 0.0000 0.2000
0 !LPUB PAGE DOCUMENT_AUTHOR PLACEMENT GLOBAL TOP PAGE INSIDE OFFSET 0.0000 0.0000
0
0 // LPUB[3D] STEPS HIGHLIGHT
0 !LPUB HIGHLIGHT_STEP ENABLED GLOBAL TRUE
0 !LPUB HIGHLIGHT_STEP COLOR GLOBAL "#7137C8"
0
0 // LPUB[3D] STEP FADE
0 !LPUB FADE_STEP OPACITY GLOBAL "50"
0 !LPUB FADE_STEP COLOR GLOBAL "Trans_Black"
0 !LPUB FADE_STEP ENABLED GLOBAL TRUE
0 !LPUB FINAL_MODEL_ENABLED GLOBAL TRUE
0
0 // LPUB[3D] SUBMODEL PREVIEW
0 !LPUB SUBMODEL_DISPLAY SHOW GLOBAL TRUE
0 !LPUB SUBMODEL_DISPLAY BACKGROUND COLOR "#DDDDDD"
0 !LPUB SUBMODEL_DISPLAY MARGINS 0.1500 0.7500
0 !LPUB SUBMODEL_DISPLAY BORDER SQUARE 0 Black 0.031 MARGINS 0.050 0.050
0 !LPUB SUBMODEL_DISPLAY PLACEMENT GLOBAL LEFT PAGE INSIDE
0 !LPUB SUBMODEL_DISPLAY CAMERA_ANGLES 30.0000 45.0000
0
0 // LPUB[3D] ASSEMBLIES
0 !LPUB ASSEM CAMERA_ANGLES 30.0000 45.0000
0 !LPUB ASSEM MARGINS 0.5000 0.5000
0 !LPUB ASSEM MODEL_SCALE 1.0000
0 !LPUB ASSEM PLACEMENT CENTER PAGE INSIDE OFFSET 0.0000 0.0000
0
0 // LPUB[3D] BILL OF MATERIALS
0 !LPUB BOM BACKGROUND COLOR "#DDDDDD"
0 !LPUB BOM BORDER SQUARE 0 #666666 0.025 MARGINS 0.050 0.050
0 !LPUB BOM CONSTRAIN HEIGHT 13.0000
0 !LPUB BOM CONSTRAIN SQUARE
0 !LPUB BOM PLACEMENT CENTER PAGE INSIDE OFFSET 0.0000 0.0000
0
0 // LPUB[3D] CALLOUTS
0 !LPUB CALLOUT BORDER SQUARE 0 #666666 0.025 MARGINS 0.050 0.050
0 !LPUB CALLOUT MARGINS 0.1250 0.1250
0 !LPUB CALLOUT PLACEMENT RIGHT PAGE INSIDE OFFSET 0.0000 0.0000
0
0 // LPUB[3D] PAGE
0 !LPUB PAGE DOCUMENT_COVER_IMAGE DISPLAY GLOBAL TRUE
0 !LPUB PAGE DOCUMENT_COVER_IMAGE FILE GLOBAL "../renders/flat/flat.png"
0 !LPUB PAGE DOCUMENT_COVER_IMAGE FILL GLOBAL ASPECT
0 !LPUB PAGE DOCUMENT_COVER_IMAGE MARGINS GLOBAL 0.0000 0.0000
0 !LPUB PAGE DOCUMENT_COVER_IMAGE PLACEMENT GLOBAL CENTER PAGE INSIDE OFFSET 0.0000 0.0000
0 !LPUB PAGE DOCUMENT_COVER_IMAGE SCALE GLOBAL 1.0000
0
0 // LPUB[3D] PAGE NUMBER
0 !LPUB PAGE NUMBER FONT "Noto Sans,36,-1,0,75,0,0,0,0,0,Bold"
0 !LPUB PAGE NUMBER FONT_COLOR "#666666"
0 !LPUB PAGE NUMBER MARGINS 0.1250 0.1250
0 !LPUB PAGE NUMBER PLACEMENT BOTTOM_RIGHT PAGE INSIDE OFFSET 0.0000 0.0000
0
0 // LPUB[3D] PAGE SETUP
0 !LPUB PAGE BORDER GLOBAL NONE 0 MARGINS 0.000 0.000
0 !LPUB PAGE ENABLE_TEXT_PLACEMENT GLOBAL CENTER PAGE INSIDE OFFSET 0.0000 0.0000
0 !LPUB PAGE TEXT_PLACEMENT GLOBAL TRUE
0 !LPUB PAGE PAGE_FOOTER SIZE GLOBAL 32.0000 0.5000
0 !LPUB PAGE PAGE_HEADER SIZE GLOBAL 32.0000 0.5000
0 !LPUB PAGE MARGINS GLOBAL 0.0000 0.0000
0 !LPUB PAGE ORIENTATION GLOBAL LANDSCAPE
0 !LPUB PAGE SIZE GLOBAL 16.0000 32.0000
0
0 // LPUB[3D] PAGE COLORS
0 !LPUB PAGE SUBMODEL_BACKGROUND_COLOR GLOBAL "#DDDDDD" "#FFE680" "#FFAAAA" "#C6AFE9"
0
0 // LPUB[3D] SUBMODELS
0 !LPUB PAGE SUBMODEL_INSTANCE_COUNT FONT_COLOR "#FF5555"
0 !LPUB PAGE SUBMODEL_INSTANCE_COUNT FONT "Noto Sans,72,-1,0,75,0,0,0,0,0,Bold"
0 !LPUB PAGE SUBMODEL_INSTANCE_COUNT MARGINS 0.0000 0.1250
0 !LPUB PAGE SUBMODEL_INSTANCE_COUNT PLACEMENT BOTTOM_RIGHT PAGE INSIDE OFFSET 0.0000 -0.0500
0
0 // LPUB[3D] PARTS LIST
0 !LPUB PLI BACKGROUND COLOR "#DDDDDD"
0 !LPUB PLI BORDER SQUARE 0 #666666 0.025 MARGINS 0.0500 0.050
0 !LPUB PLI CAMERA_ANGLES 30.0000 45.0000
0 !LPUB PLI CONSTRAIN HEIGHT 5.0000
0 !LPUB PLI MODEL_SCALE  1.0000
0 !LPUB PLI MARGINS 0.1500 0.7500
0 !LPUB PLI PLACEMENT TOP_RIGHT PAGE INSIDE OFFSET 0.0000 0.0000
0 !LPUB PLI INSTANCE_COUNT FONT "Noto Sans,36,-1,0,75,0,0,0,0,0,Bold"
0 !LPUB PLI INSTANCE_COUNT FONT_COLOR "#666666"
0 !LPUB PLI INSTANCE_COUNT MARGINS 0.0125 0.0125
0 !LPUB PLI INSTANCE_COUNT MARGINS 0.0125 0.3000
0
0 // LPUB[3D] STEP NUMBER
0 !LPUB STEP_NUMBER FONT "Noto Sans,72,-1,0,75,0,0,0,0,0,Bold"
0 !LPUB STEP_NUMBER FONT_COLOR "#666666"
0 !LPUB STEP_NUMBER MARGINS 0.1250 0.0000
0 !LPUB STEP_NUMBER PLACEMENT TOP_LEFT PAGE INSIDE OFFSET 0.0000 0.0000
0
0 // LPUB[3D] BEGIN INSTRUCTIONS ///////////////////////////////////////////////
0
0 STEP
0 !LPUB INSERT COVER_PAGE FRONT
0 STEP
0 !LPUB ASSEM MODEL_SCALE LOCAL 0.7500
1 0 0 0 0 1 0 0 0 1 0 0 0 1 00-model.ldr
0 STEP
0
0 // LPUB[3D] DISABLE FINAL MODEL SHOWCASE /////////////////////////////////////
0
0 !LPUB NOSTEP
0
0 // LPUB[3D] BOM PAGES
0 STEP
0 !LPUB INSERT PAGE
0 !LPUB INSERT BOM
0 STEP
0 !LPUB INSERT PAGE
0 !LPUB INSERT BOM
0 STEP
0 !LPUB INSERT PAGE
0 !LPUB INSERT BOM
0 STEP
0 !LPUB INSERT PAGE
0 !LPUB INSERT BOM
0 STEP
0 !LPUB INSERT PAGE
0 !LPUB INSERT BOM
0 STEP
0 !LPUB INSERT PAGE
0 !LPUB INSERT BOM
0 STEP
0 !LPUB INSERT PAGE
0 !LPUB INSERT BOM
0 STEP
0 !LPUB INSERT PAGE
0 !LPUB INSERT BOM
0 STEP
0 !LPUB INSERT PAGE
0 !LPUB INSERT BOM
0 STEP
0 !LPUB INSERT PAGE
0 !LPUB INSERT BOM
0 STEP
0 !LPUB INSERT PAGE
0 !LPUB INSERT BOM
0 STEP
0 !LPUB INSERT PAGE
0 !LPUB INSERT BOM
0 STEP
0
0 !LPUB NOSTEP
0
0 !LPUB INSERT COVER_PAGE BACK
0
0 // LPUB[3D] END INSTRUCTIONS /////////////////////////////////////////////////
0
0 NOFILE
0 FILE 00-model.ldr
0 
0 Name: 00-model.ldr
0 Author: Nathanel Titane // nathanel.titane@gmail.com // All Rights Reserved
1 0 0 0 0 1 0 0 0 0 -1 0 1 0 05-waist.ldr
0 STEP
1 0 0 -80 0 1 0 0 0 0 -1 0 1 0 08-torso.ldr
0 STEP
0 STEP
0 STEP
0 NOFILE
0 FILE 01-foot.ldr
0 
0 Name: 01-foot.ldr
0 Author: Nathanel Titane // nathanel.titane@gmail.com // All Rights Reserved
1 72 0 56 10 1 0 0 0 1 0 0 0 1 3023.dat
1 0 0 56 -20 1 0 0 0 1 0 0 0 1 3003.dat
1 0 0 64 -20 1 0 0 0 1 0 0 0 1 4871.dat
1 72 0 56 -50 1 0 0 0 1 0 0 0 1 3023.dat
0 STEP
1 72 -10 32 0 0 0 1 0 1 0 -1 0 0 32000.dat
1 72 10 32 0 0 0 1 0 1 0 -1 0 0 32000.dat
1 0 0 42 10 1 0 0 0 1 0 0 0 1 2780.dat
0 STEP
1 0 0 32 -50 -1 0 0 0 1 0 0 0 -1 3039.dat
1 0 0 32 -50 1 0 0 0 1 0 0 0 1 85984.dat
0 STEP
1 72 -10 24 0 0 0 1 0 1 0 -1 0 0 44301a.dat
1 72 10 24 0 0 0 1 0 1 0 -1 0 0 44301a.dat
0 STEP
1 72 0 0 0 0 0 -1 0 1 0 1 0 0 92013.dat
1 72 0 -24 0 1 0 0 0 1 0 0 0 1 3043.dat
0 STEP
1 72 -10 16 -30 -1 0 0 0 0 -1 0 -1 0 30553.dat
1 1 -10 -4 -30 0 0 -1 1 0 0 0 -1 0 43093.dat
1 72 10 16 -30 -1 0 0 0 0 -1 0 -1 0 30553.dat
1 1 10 -4 -30 0 0 -1 1 0 0 0 -1 0 43093.dat
0 STEP
1 0 0 -30 -30 -1 0 0 0 1 0 0 0 -1 3660.dat
1 15 0 -78 -30 -1 0 0 0 1 0 0 0 -1 3678b.dat
0 STEP
1 0 0 -126 -50 -1 0 0 0 1 0 0 0 -1 3678b.dat
1 0 0 -126 -50 1 0 0 0 1 0 0 0 1 85984.dat
0 STEP
1 0 -10 -76 -50 0 0 1 -1 0 0 0 -1 0 2780.dat
1 0 10 -76 -50 0 0 1 -1 0 0 0 -1 0 2780.dat
0 STEP
1 0 0 -26 -50 1 0 0 0 -1 0 0 0 -1 3245b.dat
1 0 0 -26 -50 -1 0 0 0 -1 0 0 0 1 85984.dat
0 STEP
1 0 -30 34.9292 -17.0712 0 0 1 0.707126 0.707088 0 -0.707088 0.707126 0 47905.dat
1 0 30 34.9292 -17.0712 0 0 1 0.707126 0.707088 0 -0.707088 0.707126 0 47905.dat
1 0 30 37.7574 14.0409 1 0 0 0 0.707088 -0.707126 0 0.707126 0.707088 4287.dat
1 0 -30 37.7574 14.0409 1 0 0 0 0.707088 -0.707126 0 0.707126 0.707088 4287.dat
0 STEP
1 0 -30 20.7868 -2.9295 1 0 0 0 0.707088 -0.707126 0 0.707126 0.707088 6541.dat
1 0 -30 49.0716 -31.2128 0 0 1 0.707126 0.707088 0 -0.707088 0.707126 0 87087.dat
1 0 30 20.7868 -2.9295 1 0 0 0 0.707088 -0.707126 0 0.707126 0.707088 6541.dat
1 0 30 49.0716 -31.2128 0 0 -1 -0.707126 0.707088 0 0.707088 0.707126 0 87087.dat
0 STEP
1 0 -30 3.8172 -19.901 1 0 0 0 0.707088 -0.707126 0 0.707126 0.707088 4286.dat
1 0 -30 3.8172 -19.901 0 0 1 0.707126 0.707088 0 -0.707088 0.707126 0 54200.dat
1 0 30 3.8172 -19.901 1 0 0 0 0.707088 -0.707126 0 0.707126 0.707088 4286.dat
1 0 30 3.8172 -19.901 0 0 -1 -0.707126 0.707088 0 0.707088 0.707126 0 54200.dat
0 STEP
1 72 -30 20.7864 11.2125 0 0 1 0.707088 -0.707126 0 0.707126 0.707088 0 3794b.dat
1 0 -30 8.0584 9.7981 1 0 0 0 -0.707126 -0.707088 0 0.707088 -0.707126 3665.dat
1 72 30 20.7864 11.2125 0 0 1 0.707088 -0.707126 0 0.707126 0.707088 0 3794b.dat
1 0 30 8.0584 9.7981 1 0 0 0 -0.707126 -0.707088 0 0.707088 -0.707126 3665.dat
0 STEP
1 0 30 -15.9838 19.6976 -1 0 0 0 -0.707126 0.707088 0 0.707088 0.707126 92946.dat
1 0 -30 -15.9838 19.6976 -1 0 0 0 -0.707126 0.707088 0 0.707088 0.707126 92946.dat
0 STEP
1 0 0 -21.6409 25.3542 0 0 1 0.707088 -0.707126 0 0.707126 0.707088 0 4871.dat
1 0 0 -27.297 31.0101 0 0 1 0.707088 -0.707126 0 0.707126 0.707088 0 3068b.dat
0 STEP
1 0 -48 49.0708 -2.9288 0 1 0 -0.707088 0 -0.707126 -0.707126 0 0.707088 43722.dat
1 0 -56 42 -10 0 1 0 -0.707126 0 0.707088 0.707088 0 0.707126 63864.dat
1 0 48 49.0708 -2.9288 0 -1 0 0.707088 0 -0.707126 0.707126 0 0.707088 43723.dat
1 0 56 42 -10 0 -1 0 0.707126 0 0.707088 -0.707088 0 0.707126 63864.dat
0 NOFILE
0 FILE 02-shin.ldr
0 
0 Name: 02-shin.ldr
0 Author: Nathanel Titane // nathanel.titane@gmail.com // All Rights Reserved
1 72 0 24 90 0 0 1 0 1 0 -1 0 0 3832.dat
1 72 0 16 110 0 0 1 0 1 0 -1 0 0 3795.dat
0 STEP
1 71 0 32 160 1 0 0 0 1 0 0 0 1 3938.dat
1 72 0 32 180 1 0 0 0 1 0 0 0 1 3023.dat
1 71 0 40 180 1 0 0 0 1 0 0 0 1 3938.dat
0 STEP
1 72 -10 32 120 -1 0 0 0 1 0 0 0 -1 2341.dat
1 72 10 32 120 -1 0 0 0 1 0 0 0 -1 2341.dat
0 STEP
1 72 0 59.899 170.101 -1 0 0 0 0.707107 -0.707107 0 -0.707107 -0.707107 32028.dat
1 72 0 34.929 167.071 1 0 0 0 0.707107 0.707107 0 -0.707107 0.707107 3937.dat
1 72 0 42.929 187.071 1 0 0 0 0.707107 0.707107 0 -0.707107 0.707107 3937.dat
0 STEP
1 72 10 51.8991 150.1009 -1 0 0 0 0.707107 -0.707107 0 -0.707107 -0.707107 3665.dat
1 72 -10 51.8991 150.1009 -1 0 0 0 0.707107 -0.707107 0 -0.707107 -0.707107 3665.dat
0 STEP
1 15 -10 32 20 1 0 0 0 1 0 0 0 1 3665.dat
1 15 10 32 40 -1 0 0 0 1 0 0 0 -1 4287.dat
1 15 10 32 20 1 0 0 0 1 0 0 0 1 3665.dat
1 15 -10 32 40 -1 0 0 0 1 0 0 0 -1 4287.dat
0 STEP
1 72 0 0 0 1 0 0 0 1 0 0 0 1 32064.dat
1 72 0 0 20 1 0 0 0 1 0 0 0 1 32064.dat
1 72 0 0 40 1 0 0 0 1 0 0 0 1 32064.dat
1 72 0 0 180 1 0 0 0 1 0 0 0 1 32000.dat
0 STEP
1 0 -10 10 190 0 0 1 0 1 0 -1 0 0 2780.dat
1 0 10 10 190 0 0 1 0 1 0 -1 0 0 2780.dat
0 STEP
1 0 -10 -8 150 0 0 1 0 1 0 -1 0 0 11211.dat
1 0 -10 -8 110 0 0 1 0 1 0 -1 0 0 11211.dat
1 0 -10 -8 70 0 0 1 0 1 0 -1 0 0 11211.dat
1 0 10 -8 150 0 0 -1 0 1 0 1 0 0 11211.dat
1 0 10 -8 110 0 0 -1 0 1 0 1 0 0 11211.dat
1 0 10 -8 70 0 0 -1 0 1 0 1 0 0 11211.dat
0 STEP
1 72 0 -8 180 -1 0 0 0 1 0 0 0 -1 3023.dat
1 72 0 -8 20 0 0 -1 0 1 0 1 0 0 3021.dat
0 STEP
1 72 0 0 200 1 0 0 0 1 0 0 0 1 32000.dat
1 72 -10 24 200 -1 0 0 0 1 0 0 0 -1 3665.dat
1 72 10 24 200 -1 0 0 0 1 0 0 0 -1 3665.dat
0 STEP
1 72 0 0 220 -1 0 0 0 1 0 0 0 -1 85943.dat
1 72 0 -8 210 -1 0 0 0 1 0 0 0 -1 3068b.dat
0 STEP
1 0 0 10 250 0 1 0 1 0 0 0 0 -1 53585.dat
1 0 0 10 250 -1 0 0 0 1 0 0 0 -1 3705.dat
0 STEP
1 72 -19.9997 9.9997 250 0 -1 0 -1 0 0 0 0 -1 15535.dat
1 72 -27.9997 10 250 0 -1 0 -1 0 0 0 0 -1 4032.dat
1 72 -35.9997 10 250 0 -1 0 -1 0 0 0 0 -1 2654.dat
0 STEP
1 72 20 9.9966 250 0 1 0 1 0 0 0 0 -1 15535.dat
1 72 28.0003 9.9959 250 0 1 0 1 0 0 0 0 -1 4032.dat
1 72 36.0003 9.9953 250 0 1 0 1 0 0 0 0 -1 2654.dat
0 STEP
1 0 0 10 10 0 0 -1 0 1 0 1 0 0 3705.dat
1 0 0 10 -20 1 0 0 0 0 -1 0 1 0 32474.dat
0 STEP
1 15 0 -32 180 1 0 0 0 1 0 0 0 1 30363.dat
1 15 0 -32 180 1 0 0 0 1 0 0 0 1 85984.dat
0 STEP
1 15 0 -8 0 1 0 0 0 1 0 0 0 1 85984.dat
1 15 0 -32 20 -1 0 0 0 1 0 0 0 -1 30363.dat
1 15 10 -32 20 0 0 -1 0 1 0 1 0 0 54200.dat
1 15 -10 -32 20 0 0 1 0 1 0 -1 0 0 54200.dat
1 15 -10 -8 100 0 0 1 0 1 0 -1 0 0 54200.dat
1 15 10 -8 100 0 0 -1 0 1 0 1 0 0 54200.dat
0 STEP
1 72 -28 12 140 0 1 0 0 0 -1 -1 0 0 3021.dat
1 72 -28 12 190 0 1 0 1 0 0 0 0 -1 3176.dat
1 72 -28 12 220 0 -1 0 -1 0 0 0 0 -1 3794b.dat
1 15 -52 12 200 0 1 0 1 0 0 0 0 -1 47759.dat
1 72 -28 42 190 0 1 0 0 0 -1 -1 0 0 32028.dat
1 72 -28 -18 190 0 1 0 0 0 1 1 0 0 32028.dat
0 STEP
1 15 -52 2 180 0 1 0 -1 0 0 0 0 1 43710.dat
1 15 -52 22 180 0 1 0 -1 0 0 0 0 1 43711.dat
1 15 -60 12 190 0 1 0 0 0 -1 -1 0 0 3068b.dat
0 STEP
1 72 28 12 140 0 -1 0 0 0 1 -1 0 0 3021.dat
1 72 28 12 190 0 -1 0 -1 0 0 0 0 -1 3176.dat
1 72 28 12 220 0 1 0 1 0 0 0 0 -1 3794b.dat
1 15 52 12 200 0 -1 0 -1 0 0 0 0 -1 47759.dat
1 72 28 -18 190 0 -1 0 0 0 1 -1 0 0 32028.dat
1 72 28 42 190 0 -1 0 0 0 -1 1 0 0 32028.dat
0 STEP
1 15 52 22 180 0 -1 0 1 0 0 0 0 1 43710.dat
1 15 52 2 180 0 -1 0 1 0 0 0 0 1 43711.dat
1 15 60 12 190 0 -1 0 0 0 1 -1 0 0 3068b.dat
0 STEP
1 72 -28 12 100 0 1 0 1 0 0 0 0 -1 99563.dat
1 72 28 12 100 0 -1 0 -1 0 0 0 0 -1 99563.dat
0 STEP
1 72 -28 12 70 0 1 0 0 0 -1 -1 0 0 3022.dat
1 72 -28 12 30 0 1 0 -1 0 0 0 0 1 3176.dat
1 72 -28 12 0 0 -1 0 -1 0 0 0 0 -1 4073.dat
1 72 -36 12 50 0 1 0 -1 0 0 0 0 1 3022.dat
0 STEP
1 72 -28 12 20 0 1 0 -1 0 0 0 0 1 85984.dat
1 72 -44 12 50 0 1 0 -1 0 0 0 0 1 35787.dat
1 72 -44 12 50 0 1 0 1 0 0 0 0 -1 35787.dat
1 72 -28 12 80 0 1 0 1 0 0 0 0 -1 85984.dat
0 STEP
1 72 28 12 69.9999 0 -1 0 0 0 1 -1 0 0 3022.dat
1 72 28 12 29.9999 0 -1 0 1 0 0 0 0 1 3176.dat
1 72 28 12 0 0 1 0 1 0 0 0 0 -1 4073.dat
1 72 36 12 49.9999 0 -1 0 1 0 0 0 0 1 3022.dat
0 STEP
1 72 28 12 19.9999 0 -1 0 1 0 0 0 0 1 85984.dat
1 72 44 12 49.9999 0 -1 0 0 0 -1 1 0 0 35787.dat
1 72 44 12 49.9999 0 -1 0 0 0 1 -1 0 0 35787.dat
1 72 28 12 79.9999 0 -1 0 -1 0 0 0 0 -1 85984.dat
0 STEP
1 0 0 10.6933 -61.2252 1 0 0 0 0.965927 -0.258815 0 0.258815 0.965927 01-foot.ldr
0 NOFILE
0 FILE 04-01-foreleg.ldr
0 
0 Name: 04-01-foreleg.ldr
0 Author: Nathanel Titane // nathanel.titane@gmail.com // All Rights Reserved
1 15 0 24 10 0 0 -1 0 1 0 1 0 0 3020.dat
1 15 -10 24 0 1 0 0 0 1 0 0 0 1 13547.dat
1 15 10 24 0 1 0 0 0 1 0 0 0 1 13547.dat
1 71 0 40 0 1 0 0 0 1 0 0 0 1 3023.dat
0 STEP
1 71 0 24 60 1 0 0 0 1 0 0 0 1 3023.dat
1 15 -10 32 20 -1 0 0 0 1 0 0 0 -1 4287.dat
1 15 10 32 20 -1 0 0 0 1 0 0 0 -1 4287.dat
1 72 -10 48 0 1 0 0 0 1 0 0 0 1 3024.dat
1 72 10 48 0 1 0 0 0 1 0 0 0 1 3024.dat
0 STEP
1 72 0 0 50 0 0 -1 0 1 0 1 0 0 48170.dat
1 72 0 0 0 0 0 -1 0 1 0 1 0 0 3002.dat
1 72 0 0 -40 -1 0 0 0 1 0 0 0 -1 32064.dat
1 72 0 0 -60 -1 0 0 0 1 0 0 0 -1 32064.dat
0 STEP
1 15 0 -24 0 -1 0 0 0 1 0 0 0 -1 30363.dat
1 15 0 -24 -20 1 0 0 0 1 0 0 0 1 3298.dat
1 15 -10 -24 -10 0 0 1 0 1 0 -1 0 0 85984.dat
1 15 10 -24 -10 0 0 -1 0 1 0 1 0 0 85984.dat
0 STEP
1 0 0 10 -90 0 -1 0 0 0 -1 1 0 0 32174.dat
1 0 0 10 -60 0 0 -1 0 1 0 1 0 0 4519.dat
0 STEP
1 72 0 -20 -120 -1 0 0 0 1 0 0 0 -1 85943.dat
1 0 0 -10 -90 1 0 0 0 0 -1 0 1 0 32062.dat
1 0 0 -10 -130 0 0 -1 0 1 0 1 0 0 2780.dat
0 STEP
1 72 0 -20 -140 1 0 0 0 1 0 0 0 1 3700.dat
1 72 0 4 -130 1 0 0 0 1 0 0 0 1 11203.dat
0 STEP
1 15 -10 -28 -130 1 0 0 0 1 0 0 0 1 92946.dat
1 15 10 -28 -130 1 0 0 0 1 0 0 0 1 92946.dat
1 72 -10 -36 -120 0 0 1 0 1 0 -1 0 0 2555.dat
1 72 10 -36 -120 0 0 1 0 1 0 -1 0 0 2555.dat
0 STEP
1 71 0.0001 -49.1082 -101.1991 1 0 0 0 0.965927 -0.258815 0 0.258815 0.965927 48336.dat
1 15 0.0003 -64.6 -74.2918 -1 0 0 0 0.965927 0.258815 0 0.258815 -0.965927 93606.dat
1 72 0.0005 -46.5941 -48.7617 1 0 0 0 0.965927 -0.258815 0 0.258815 0.965927 3022.dat
1 72 -9.9998 -43.9689 -89.4692 0 0 1 0.258815 0.965927 0 -0.965927 0.258815 0 44728.dat
1 72 10.0002 -43.9689 -89.4694 0 0 -1 -0.258815 0.965927 0 0.965927 0.258815 0 44728.dat
0 STEP
1 15 32.0005 -24.6495 -84.2945 0 -1 0 -0.258815 0 -0.965927 0.965927 0 -0.258815 51739.dat
1 15 32.0008 -14.9901 -81.7066 0 -1 0 -0.258815 0 -0.965927 0.965927 0 -0.258815 85984.dat
1 15 32.0003 -34.3088 -86.8824 0 -1 0 0.258866 0 0.965913 -0.965913 0 0.258866 85984.dat
1 15 -31.9995 -24.6457 -84.3019 0 1 0 0.258815 0 -0.965927 -0.965927 0 -0.258815 51739.dat
1 15 -31.9992 -14.9865 -81.7135 0 1 0 0.258815 0 -0.965927 -0.965927 0 -0.258815 85984.dat
1 15 -31.9997 -34.3049 -86.8903 0 1 0 -0.258764 0 0.965941 0.965941 0 0.258764 85984.dat
0 STEP
1 0 0 20 -340 1 0 0 0 1 0 0 0 1 02-shin.ldr
0 NOFILE
0 FILE 04-02-foreleg.ldr
0 
0 Name: 04-02-foreleg.ldr
0 Author: Nathanel Titane // nathanel.titane@gmail.com // All Rights Reserved
1 15 0 24 10 0 0 -1 0 1 0 1 0 0 3020.dat
1 15 -10 24 0 1 0 0 0 1 0 0 0 1 13547.dat
1 15 10 24 0 1 0 0 0 1 0 0 0 1 13547.dat
1 71 0 40 0 1 0 0 0 1 0 0 0 1 3023.dat
0 STEP
1 71 0 24 60 1 0 0 0 1 0 0 0 1 3023.dat
1 15 -10 32 20 -1 0 0 0 1 0 0 0 -1 4287.dat
1 15 10 32 20 -1 0 0 0 1 0 0 0 -1 4287.dat
1 72 -10 48 0 1 0 0 0 1 0 0 0 1 3024.dat
1 72 10 48 0 1 0 0 0 1 0 0 0 1 3024.dat
0 STEP
1 72 0 0 50 0 0 -1 0 1 0 1 0 0 48170.dat
1 72 0 0 0 0 0 -1 0 1 0 1 0 0 3002.dat
1 72 0 0 -40 -1 0 0 0 1 0 0 0 -1 32064.dat
1 72 0 0 -60 -1 0 0 0 1 0 0 0 -1 32064.dat
0 STEP
1 15 0 -24 0 -1 0 0 0 1 0 0 0 -1 30363.dat
1 15 0 -24 -20 1 0 0 0 1 0 0 0 1 3298.dat
1 15 -10 -24 -10 0 0 1 0 1 0 -1 0 0 85984.dat
1 15 10 -24 -10 0 0 -1 0 1 0 1 0 0 85984.dat
0 STEP
1 0 0 10 -90 0 -1 0 0 0 -1 1 0 0 32174.dat
1 0 0 10 -60 0 0 -1 0 1 0 1 0 0 4519.dat
0 STEP
1 72 0 -20 -120 -1 0 0 0 1 0 0 0 -1 85943.dat
1 0 0 -10 -90 1 0 0 0 0 -1 0 1 0 32062.dat
1 0 0 -10 -130 0 0 -1 0 1 0 1 0 0 2780.dat
0 STEP
1 72 0 -20 -140 1 0 0 0 1 0 0 0 1 3700.dat
1 72 0 4 -130 1 0 0 0 1 0 0 0 1 11203.dat
0 STEP
1 15 -10 -28 -130 1 0 0 0 1 0 0 0 1 92946.dat
1 15 10 -28 -130 1 0 0 0 1 0 0 0 1 92946.dat
1 72 -10 -36 -120 0 0 1 0 1 0 -1 0 0 2555.dat
1 72 10 -36 -120 0 0 1 0 1 0 -1 0 0 2555.dat
0 STEP
1 71 0.0001 -49.1082 -101.1991 1 0 0 0 0.965927 -0.258815 0 0.258815 0.965927 48336.dat
1 15 0.0003 -64.6 -74.2918 -1 0 0 0 0.965927 0.258815 0 0.258815 -0.965927 93606.dat
1 72 0.0005 -46.5941 -48.7617 1 0 0 0 0.965927 -0.258815 0 0.258815 0.965927 3022.dat
1 72 -9.9998 -43.9689 -89.4692 0 0 1 0.258815 0.965927 0 -0.965927 0.258815 0 44728.dat
1 72 10.0002 -43.9689 -89.4694 0 0 -1 -0.258815 0.965927 0 0.965927 0.258815 0 44728.dat
0 STEP
1 15 32.0005 -24.6495 -84.2945 0 -1 0 -0.258815 0 -0.965927 0.965927 0 -0.258815 51739.dat
1 15 32.0008 -14.9901 -81.7066 0 -1 0 -0.258815 0 -0.965927 0.965927 0 -0.258815 85984.dat
1 15 32.0003 -34.3088 -86.8824 0 -1 0 0.258866 0 0.965913 -0.965913 0 0.258866 85984.dat
1 15 -31.9995 -24.6457 -84.3019 0 1 0 0.258815 0 -0.965927 -0.965927 0 -0.258815 51739.dat
1 15 -31.9992 -14.9865 -81.7135 0 1 0 0.258815 0 -0.965927 -0.965927 0 -0.258815 85984.dat
1 15 -31.9997 -34.3049 -86.8903 0 1 0 -0.258764 0 0.965941 0.965941 0 0.258764 85984.dat
0 STEP
1 0 0 20 -340 1 0 0 0 1 0 0 0 1 02-shin.ldr
0 NOFILE
0 FILE 05-waist.ldr
0 
0 Name: 05-waist.ldr
0 Author: Nathanel Titane // nathanel.titane@gmail.com // All Rights Reserved
1 72 -10 80 30 0 0 1 0 1 0 -1 0 0 32028.dat
1 72 10 80 30 0 0 -1 0 1 0 1 0 0 32028.dat
1 72 -10 88 30 0 0 1 0 1 0 -1 0 0 32028.dat
1 72 10 88 30 0 0 -1 0 1 0 1 0 0 32028.dat
1 0 0 80 30 1 0 0 0 1 0 0 0 1 4871.dat
0 STEP
1 0 -10 56 50 0 0 -1 0 1 0 1 0 0 3700.dat
1 0 10 56 50 0 0 -1 0 1 0 1 0 0 3700.dat
1 0 0 56 20 1 0 0 0 1 0 0 0 1 32000.dat
0 STEP
1 72 0 72 0 1 0 0 0 1 0 0 0 1 3023.dat
1 0 0 72 0 1 0 0 0 1 0 0 0 1 85984.dat
0 STEP
1 0 -20 66 49.9984 1 0 0 0 0.996195 -0.087154 0 0.087154 0.996195 6628.dat
1 0 20 66.0003 49.9984 -1 0 0 0 0.996195 0.087154 0 0.087154 -0.996195 6628.dat
0 STEP
1 0 10 32 50 0 0 1 0 1 0 -1 0 0 32000.dat
1 0 -10 32 50 0 0 1 0 1 0 -1 0 0 32000.dat
1 0 20 42 59.9995 -1 0 0 0 1 0 0 0 -1 2780.dat
1 0 -20 42 59.9995 -1 0 0 0 1 0 0 0 -1 2780.dat
0 STEP
1 0 0 32 20 1 0 0 0 1 0 0 0 1 3660.dat
1 0 0 24 30 0 0 1 0 1 0 -1 0 0 3020.dat
0 STEP
1 0 0 42 40 -1 0 0 0 1 0 0 0 -1 3706.dat
1 0 -29.9995 42.0011 39.9995 0 -1 0 1 0 0 0 0 1 60483.dat
1 0 30 42.0011 39.9995 0 -1 0 1 0 0 0 0 1 60483.dat
0 STEP
1 0 0 0 60 1 0 0 0 1 0 0 0 1 3700.dat
1 0 0 10 60 0 0 1 0 1 0 -1 0 0 6558.dat
0 STEP
1 0 0 0 30 -1 0 0 0 1 0 0 0 -1 48172.dat
1 0 0 0 0 1 0 0 0 1 0 0 0 1 32000.dat
1 72 -10 10 -10 1 0 0 0 0 1 0 -1 0 4073.dat
1 72 10 10 -10 1 0 0 0 0 1 0 -1 0 4073.dat
0 STEP
1 0 -60 10 30 1 0 0 0 1 0 0 0 1 47455.dat
1 0 60 10 30 -1 0 0 0 1 0 0 0 -1 47455.dat
0 STEP
1 0 0 -8 30 0 0 1 0 1 0 -1 0 0 3020.dat
1 0 -10 -32 50 0 0 1 0 1 0 -1 0 0 32000.dat
1 0 10 -32 50 0 0 1 0 1 0 -1 0 0 32000.dat
1 0 -20 -22 59.9995 -1 0 0 0 1 0 0 0 -1 2780.dat
1 0 20 -22 59.9995 -1 0 0 0 1 0 0 0 -1 2780.dat
0 STEP
1 0 0 -22 40 -1 0 0 0 1 0 0 0 -1 3706.dat
1 0 30 -21.9989 39.9995 0 -1 0 1 0 0 0 0 1 60483.dat
1 0 -29.9995 -21.9989 39.9995 0 -1 0 1 0 0 0 0 1 60483.dat
0 STEP
1 0 -49.9995 42.0011 39.9995 1 0 0 0 0 -1 0 1 0 6536.dat
1 1 -49.9995 32.0011 59.9995 0 0 -1 -1 0 0 0 1 0 43093.dat
1 0 -49.9995 10.0011 59.9995 0 0 1 1 0 0 0 1 0 32174.dat
1 1 -49.9995 -11.9989 59.9995 0 0 -1 1 0 0 0 -1 0 43093.dat
1 0 -49.9995 -21.9989 39.9995 1 0 0 0 0 -1 0 1 0 6536.dat
0 STEP
1 0 50 42.0011 39.9995 1 0 0 0 0 -1 0 1 0 6536.dat
1 1 50 32.0011 59.9995 0 0 -1 -1 0 0 0 1 0 43093.dat
1 0 50 10.0011 59.9995 0 0 -1 -1 0 0 0 1 0 32174.dat
1 1 50 -11.9989 59.9995 0 0 -1 1 0 0 0 -1 0 43093.dat
1 0 50 -21.9989 39.9995 1 0 0 0 0 -1 0 1 0 6536.dat
0 STEP
1 0 0 -32 20 1 0 0 0 1 0 0 0 1 3039.dat
1 0 10 -56 50 0 0 -1 0 1 0 1 0 0 3700.dat
1 0 -10 -56 50 0 0 -1 0 1 0 1 0 0 3700.dat
1 0 0 -56 20 1 0 0 0 1 0 0 0 1 32000.dat
0 STEP
1 0 -20 -46 49.9984 1 0 0 0 1 0 0 0 1 6628.dat
1 0 20 -46 49.9984 -1 0 0 0 1 0 0 0 -1 6628.dat
0 STEP
1 72 0 -45.9997 10 -1 0 0 0 0 -1 0 -1 0 3039.dat
1 72 0 -35.9991 -13.9997 -1 0 0 0 0 -1 0 -1 0 3003.dat
1 72 -10 -45.999 -38 -1 0 0 0 0 -1 0 -1 0 3665.dat
1 72 10 -45.999 -38 -1 0 0 0 0 -1 0 -1 0 3665.dat
0 STEP
1 72 -10 -64 50 0 0 1 0 1 0 -1 0 0 99780.dat
1 72 10 -64 50 0 0 -1 0 1 0 1 0 0 99780.dat
0 STEP
1 72 -10 -88 60 -1 0 0 0 1 0 0 0 -1 4070.dat
1 72 9.9997 -88 60 -1 0 0 0 1 0 0 0 -1 4070.dat
1 72 -10 -78.0014 65.9992 0 0 1 -1 0 0 0 -1 0 54200.dat
1 72 10 -78.0014 65.9992 0 0 -1 1 0 0 0 -1 0 54200.dat
0 STEP
1 72 0 -88 40 -1 0 0 0 1 0 0 0 -1 3004.dat
1 0 0 -80 20 1 0 0 0 1 0 0 0 1 3700.dat
1 72 0 -88 20 1 0 0 0 1 0 0 0 1 3023.dat
0 STEP
1 0 0 -112 20 -1 0 0 0 1 0 0 0 -1 3298.dat
1 0 -10 -112 20 0 0 1 0 1 0 -1 0 0 54200.dat
1 0 10 -112 20 0 0 -1 0 1 0 1 0 0 54200.dat
0 STEP
1 72 0 -80 0 -1 0 0 0 1 0 0 0 -1 87087.dat
0 STEP
1 72 0 -80 -20 0 0 -1 0 1 0 1 0 0 47905.dat
1 72 0 -80 -40 0 0 -1 0 1 0 1 0 0 47905.dat
1 72 0 -104 0 1 0 0 0 1 0 0 0 1 4286.dat
1 72 0 -104 0 1 0 0 0 1 0 0 0 1 54200.dat
0 STEP
1 0 -18.0002 -80 -20 0 1 0 -1 0 0 0 0 1 43723.dat
1 0 17.9998 -80.0012 -19.997 0 -1 0 1 0 0 0 0 1 43722.dat
0 STEP
1 0 -26.0015 -70.0014 -10 0 1 0 0 0 -1 -1 0 0 3069b.dat
1 71 -9.9973 -69.9968 -49.999 0 1 0 -1 0 0 0 0 1 11477.dat
1 0 25.999 -70 -9.9951 0 -1 0 0 0 1 -1 0 0 3069b.dat
1 71 10.0032 -70.0041 -49.9968 0 -1 0 1 0 0 0 0 1 11477.dat
0 STEP
1 71 36.5347 85.2482 51.6846 0 0.866046 0.499964 -0.087216 -0.498058 0.862747 0.996189 -0.043614 0.075528 14704.dat
1 71 -36.5349 85.2477 51.6846 0 -0.866039 -0.499976 0.087217 -0.49807 0.86274 -0.996189 -0.043614 0.075529 14704.dat
1 0 36.5347 85.2482 51.6846 0 0.866046 0.499964 -0.087216 -0.498058 0.862747 0.996189 -0.043614 0.075528 85984.dat
1 0 -36.5349 85.2477 51.6846 0 -0.866039 -0.499976 0.087217 -0.49807 0.86274 -0.996189 -0.043614 0.075529 85984.dat
0 STEP
1 0 43.4626 83.0076 31.4118 0 0.866046 -0.499964 0.08717 -0.498058 -0.862751 -0.996193 -0.043613 -0.075475 30414.dat
1 0 -43.4628 83.007 31.4118 0 -0.86604 0.499976 -0.087263 -0.49807 -0.862735 0.996185 -0.043614 -0.075582 30414.dat
1 0 36.5335 89.6079 1.875 0 0.866046 -0.499964 0.08717 -0.498058 -0.862751 -0.996193 -0.043613 -0.075475 63864.dat
1 0 -36.5338 89.6075 1.8749 0 -0.866039 -0.499976 0.087217 -0.49807 0.86274 -0.996189 -0.043614 0.075529 63864.dat
0 STEP
1 0 43.4615 87.3673 -18.3978 -0.499964 0.866046 0 -0.862749 -0.498058 -0.087193 -0.075501 -0.043614 0.996191 3040.dat
1 0 64.247 73.6701 0.4794 -0.499964 0.866046 0 -0.862749 -0.498058 -0.087193 -0.075501 -0.043614 0.996191 4287.dat
1 0 64.2475 71.9262 20.4032 0.499964 0.866046 0 0.862754 -0.498058 0.087147 0.075449 -0.043614 -0.996195 4287.dat
1 0 -43.4617 87.3667 -18.3979 -0.499976 -0.86604 0 0.862742 -0.49807 -0.087194 0.075503 -0.043614 0.996191 3040.dat
1 0 -64.2471 73.6692 0.4792 -0.499976 -0.86604 0 0.862742 -0.49807 -0.087194 0.075503 -0.043614 0.996191 4287.dat
1 0 -64.2475 71.9253 20.4032 0.499976 -0.86604 0 -0.862737 -0.49807 0.08724 -0.075556 -0.043614 -0.996187 4287.dat
0 STEP
1 0 61.1221 95.3007 12.4109 -0.866059 -0.499941 0 0.498036 -0.862762 -0.087193 0.043611 -0.075503 0.996191 92946.dat
1 0 61.1231 91.813 52.2586 0.866059 -0.499941 0 -0.498031 -0.862762 0.087219 -0.043664 -0.075502 -0.996189 92946.dat
1 0 -61.1229 91.8111 52.2594 0.866052 0.499953 0 0.498047 -0.86275 0.08724 0.043612 -0.075557 -0.996187 92946.dat
1 0 -61.123 95.3008 12.4119 -0.866052 0.499953 0 -0.498052 -0.86275 -0.087214 -0.043559 -0.075557 0.99619 92946.dat
0 STEP
1 72 65.1221 100.4589 32.9389 0 -0.499941 -0.866059 0.087206 -0.862762 0.498033 -0.99619 -0.075502 0.043639 32028.dat
1 72 69.1217 107.3611 33.5429 0 -0.499941 -0.866059 0.087206 -0.862762 0.498033 -0.99619 -0.075502 0.043639 3794b.dat
1 72 -65.1226 100.4579 32.9401 0 0.499953 0.866052 -0.087227 -0.86275 0.49805 0.996188 -0.075557 0.043585 32028.dat
1 72 -69.1222 107.36 33.5445 0 0.499953 0.866052 -0.087227 -0.86275 0.49805 0.996188 -0.075557 0.043585 3794b.dat
0 STEP
1 0 -83.294 0 -56.933 0.965926 0 0.258819 0 1 0 -0.258819 0 0.965926 04-01-foreleg.ldr
0 STEP
1 0 83.294 0 -56.933 0.965926 0 -0.258819 0 1 0 0.258819 0 0.965926 04-02-foreleg.ldr
0 STEP
0 !LEOCAD PIECE PIVOT  20 10 0 1 0 0 0 1 0 0 0 1
1 0 -89.3178 0.0007 65.1758 0.965934 0 0.25879 0 1 0 -0.25879 0 0.965934 06-01-side-skirt.ldr
0 STEP
0 !LEOCAD PIECE PIVOT  -20 10 0 1 0 0 0 1 0 0 0 1
1 0 89.3197 -0 65.1759 0.965934 0 -0.25879 -0 1 0 0.25879 -0 0.965934 06-02-side-skirt.ldr
0 STEP
1 0 -50 -50 49.9984 1 0 0 0 1 0 0 0 1 07-01-front-skirt.ldr
0 STEP
1 0 50 -50 49.9984 1 0 0 0 1 0 0 0 1 07-02-front-skirt.ldr
0 NOFILE
0 FILE 06-01-side-skirt.ldr
0 
0 Name: 06-01-side-skirt.ldr
0 Author: Nathanel Titane // nathanel.titane@gmail.com // All Rights Reserved
1 0 0 0 0 0 0 1 0 1 0 -1 0 0 32064.dat
1 0 0 23.9992 -30.0003 -1 0 0 0 1 0 0 0 -1 4287.dat
0 STEP
1 0 0 -0.0016 -60.0001 0 0 1 0 1 0 -1 0 0 30414.dat
1 0 0 23.9987 -50.0003 1 0 0 0 1 0 0 0 1 4287.dat
0 STEP
1 0 0 -24.0008 -29.9994 1 0 0 0 1 0 0 0 1 60477.dat
1 0 0 -24 0.0006 0 0 1 0 1 0 -1 0 0 3004.dat
0 STEP
1 0 0 -23.9997 9.9997 -1 0 0 0 1 0 0 0 -1 54200.dat
1 0 0 -32.0005 -19.9992 0 0 1 0 1 0 -1 0 0 3023.dat
1 0 0 -40 -19.999 0 0 1 0 1 0 -1 0 0 3069b.dat
0 STEP
1 0 -18 10 -40 0 1 0 0 0 -1 -1 0 0 3666.dat
0 STEP
1 0 -26 10 -60 0 1 0 0 0 -1 -1 0 0 2431.dat
1 0 -26 10 0 0 1 0 0 0 -1 -1 0 0 3794b.dat
0 STEP
1 0 10 10 -0.0003 -1 0 0 0 1 0 0 0 -1 32062.dat
1 0 20 10 -0.0003 0 -1 0 0 0 -1 1 0 0 32474.dat
0 STEP
1 0 -44 -8 -98 1 0 0 0 1 0 0 0 1 20-01-pistol.ldr
0 NOFILE
0 FILE 06-02-side-skirt.ldr
0 
0 Name: 06-02-side-skirt.ldr
0 Author: Nathanel Titane // nathanel.titane@gmail.com // All Rights Reserved
1 0 0 0 0 0 0 -1 0 1 0 1 0 0 32064.dat
1 0 0 23.9992 -30.0003 -1 0 0 0 1 0 0 0 -1 4287.dat
0 STEP
1 0 0 -0.0016 -60.0001 0 0 -1 0 1 0 1 0 0 30414.dat
1 0 0 23.9987 -50.0003 1 0 0 0 1 0 0 0 1 4287.dat
0 STEP
1 0 0 -24.0008 -29.9994 1 0 0 0 1 0 0 0 1 60477.dat
1 0 0 -24 0.0006 0 0 1 0 1 0 -1 0 0 3004.dat
0 STEP
1 0 0 -23.9997 9.9997 -1 0 0 0 1 0 0 0 -1 54200.dat
1 0 0 -32.0005 -19.9992 0 0 1 0 1 0 -1 0 0 3023.dat
1 0 0 -40 -19.999 0 0 1 0 1 0 -1 0 0 3069b.dat
0 STEP
1 0 18 10 -40.0002 0 -1 0 0 0 -1 1 0 0 3666.dat
0 STEP
1 0 26 10 -60.0002 0 -1 0 0 0 -1 1 0 0 2431.dat
1 0 26 10 -0.0002 0 -1 0 0 0 1 -1 0 0 3794b.dat
0 STEP
1 0 -10 10 0.0003 1 0 0 0 1 0 0 0 1 32062.dat
1 0 -20 10 0.0003 0 1 0 0 0 -1 -1 0 0 32474.dat
0 STEP
1 0 44 -8 -98 1 0 0 0 1 0 0 0 1 20-02-pistol.ldr
0 NOFILE
0 FILE 07-01-front-skirt.ldr
0 
0 Name: 07-01-front-skirt.ldr
0 Author: Nathanel Titane // nathanel.titane@gmail.com // All Rights Reserved
1 71 0 0 0 0 0 -1 0 1 0 1 0 0 14704.dat
1 71 0 -24 0 0 0 1 0 1 0 -1 0 0 52107.dat
0 STEP
1 72 -18.0008 -14.0002 0 0 1 0 0 0 -1 -1 0 0 32028.dat
1 72 -18.0008 -14.0002 0 0 1 0 0 0 -1 -1 0 0 85984.dat
0 STEP
1 0 9.9973 -14.002 -49.9963 0 -1 0 0 0 -1 1 0 0 3622.dat
1 0 17.9918 -13.9982 -19.9949 0 -1 0 0 0 -1 1 0 0 2431.dat
0 STEP
1 0 10.0047 -14.0057 -89.9964 0 -1 0 1 0 0 0 0 1 3040.dat
1 72 17.9918 -13.9982 -79.9949 0 -1 0 0 0 -1 1 0 0 3794b.dat
0 STEP
1 0 -13.9972 -14.0071 -80 0 -1 0 0 0 -1 1 0 0 3710.dat
1 72 -14.0064 -14.005 -30 0 -1 0 0 0 1 -1 0 0 3024.dat
0 STEP
1 0 -22.0027 -14.0082 -50.0022 0 -1 0 -1 0 0 0 0 -1 3665.dat
1 0 -21.999 -14.0077 -70.0022 0 -1 0 1 0 0 0 0 1 4287.dat
0 STEP
1 0 -9.9997 -48 0 -1 0 0 0 1 0 0 0 -1 3300.dat
0 NOFILE
0 FILE 07-02-front-skirt.ldr
0 
0 Name: 07-02-front-skirt.ldr
0 Author: Nathanel Titane // nathanel.titane@gmail.com // All Rights Reserved
1 71 0.001 0 0 0 0 1 0 1 0 -1 0 0 14704.dat
1 71 0 -24 0 0 0 -1 0 1 0 1 0 0 52107.dat
0 STEP
1 72 18.0019 -14.0002 0.0024 0 -1 0 0 0 -1 1 0 0 32028.dat
1 72 18.0019 -14.0002 0.0024 0 -1 0 0 0 -1 1 0 0 85984.dat
0 STEP
1 0 -9.9752 -13.9951 -50.0042 0 1 0 0 0 1 1 0 0 3622.dat
1 0 -17.9823 -13.9961 -20.0061 0 1 0 0 0 1 1 0 0 2431.dat
0 STEP
1 0 -9.9658 -13.9935 -90.0042 0 1 0 -1 0 0 0 0 1 3040.dat
1 72 -17.9571 -13.9992 -80.0061 0 1 0 0 0 1 1 0 0 3794b.dat
0 STEP
1 0 14.0319 -13.9954 -79.9985 0 1 0 0 0 1 1 0 0 3710.dat
1 72 14.02 -13.9949 -29.9985 0 1 0 0 0 -1 -1 0 0 3024.dat
0 STEP
1 0 22.0248 -13.994 -49.9966 0 1 0 1 0 0 0 0 -1 3665.dat
1 0 22.0295 -13.9955 -69.9966 0 1 0 -1 0 0 0 0 1 4287.dat
0 STEP
1 0 10 -48 0.0032 -1 0 0 0 1 0 0 0 -1 3300.dat
0 NOFILE
0 FILE 08-torso.ldr
0 
0 Name: 08-torso.ldr
0 Author: Nathanel Titane // nathanel.titane@gmail.com // All Rights Reserved
1 0 0 48 90 0 0 1 0 1 0 -1 0 0 3020.dat
1 72 -40 48 110 1 0 0 0 1 0 0 0 1 11203.dat
1 72 40 48 110 1 0 0 0 1 0 0 0 1 11203.dat
0 STEP
1 0 0 24 110 1 0 0 0 1 0 0 0 1 3001.dat
1 0 50 24 110 0 0 -1 0 1 0 1 0 0 3660.dat
1 0 -50 24 110 0 0 1 0 1 0 -1 0 0 3660.dat
0 STEP
1 72 -40 0 110 1 0 0 0 1 0 0 0 1 3001.dat
1 72 40 0 110 1 0 0 0 1 0 0 0 1 3001.dat
0 STEP
1 0 0 0 50 0 0 1 0 1 0 -1 0 0 6061.dat
1 15 0 48 40 1 0 0 0 1 0 0 0 1 3747b.dat
0 STEP
1 4 -20 20 70 0 -1 0 0 0 1 -1 0 0 3003.dat
1 4 -44 30 80 0 -1 0 0 0 1 -1 0 0 3676.dat
1 4 20 20 70 0 1 0 -1 0 0 0 0 1 3003.dat
1 4 44 30 80 0 1 0 -1 0 0 0 0 1 3676.dat
0 STEP
1 15 -30 32 40 1 0 0 0 1 0 0 0 1 3665.dat
1 15 30 32 40 1 0 0 0 1 0 0 0 1 3665.dat
1 15 0 56 40 0 0 1 0 1 0 -1 0 0 32802.dat
0 STEP
1 15 -30 8 40 1 0 0 0 1 0 0 0 1 3040.dat
1 15 30 8 40 1 0 0 0 1 0 0 0 1 3040.dat
1 72 30 0 40 1 0 0 0 1 0 0 0 1 3024.dat
1 72 -30 0 40 1 0 0 0 1 0 0 0 1 3024.dat
0 STEP
1 15 0 0 0 1 0 0 0 1 0 0 0 1 3700.dat
1 15 10 24 0 0 0 -1 0 1 0 1 0 0 3665.dat
1 15 -10 24 0 0 0 1 0 1 0 -1 0 0 3665.dat
0 STEP
1 15 30 0 0 -1 0 0 0 1 0 0 0 -1 3665.dat
1 15 -30 0 0 -1 0 0 0 1 0 0 0 -1 3665.dat
1 15 -10 -24 20 0 0 1 0 1 0 -1 0 0 3038.dat
1 15 10 -24 20 0 0 -1 0 1 0 1 0 0 3038.dat
0 STEP
1 4 -10 -24 60 0 0 1 0 1 0 -1 0 0 3040.dat
1 4 10 -24 60 0 0 -1 0 1 0 1 0 0 3040.dat
1 0 0 -24 90 1 0 0 0 1 0 0 0 1 3001.dat
0 STEP
1 15 0 -24 130 1 0 0 0 1 0 0 0 1 3003.dat
1 15 0 -32 130 1 0 0 0 1 0 0 0 1 3068b.dat
0 STEP
1 72 -30 -24 120 -1 0 0 0 1 0 0 0 -1 4070.dat
1 72 30 -24 120 -1 0 0 0 1 0 0 0 -1 4070.dat
0 STEP
1 71 0 0 140 -1 0 0 0 1 0 0 0 -1 11211.dat
1 71 0 24 140 -1 0 0 0 1 0 0 0 -1 3678b.dat
0 STEP
1 71 0 10 164 0 0 -1 -1 0 0 0 1 0 4697b.dat
1 71 10 9.9997 158 0 0 1 -1 0 0 0 -1 0 2555.dat
1 71 -10 9.9997 158 0 0 1 -1 0 0 0 -1 0 2555.dat
0 STEP
1 72 -29.9997 -24 140 -1 0 0 0 1 0 0 0 -1 4460b.dat
1 72 30 -24 140 -1 0 0 0 1 0 0 0 -1 4460b.dat
0 STEP
1 0 0 56 150 0 0 1 0 1 0 -1 0 0 4871.dat
1 72 30 48 150 0 0 -1 0 1 0 1 0 0 3023.dat
1 72 -30 48 150 0 0 -1 0 1 0 1 0 0 3023.dat
0 STEP
1 72 -30 -48 120 0 0 1 0 1 0 -1 0 0 3622.dat
1 72 -30 -72 119.9984 -1 0 0 0 1 0 0 0 -1 3040.dat
1 72 30 -48 120 0 0 1 0 1 0 -1 0 0 3622.dat
1 72 30 -72 120 -1 0 0 0 1 0 0 0 -1 3040.dat
0 STEP
1 4 0 -48 79.9997 -1 0 0 0 1 0 0 0 -1 3039.dat
1 4 0 -48 60 1 0 0 0 1 0 0 0 1 30363.dat
1 4 0 -48 60 1 0 0 0 1 0 0 0 1 85984.dat
1 4 0 -72 80 -1 0 0 0 1 0 0 0 -1 3937.dat
0 STEP
1 71 0 -62 90 1 0 0 0 0 1 0 -1 0 3938.dat
1 0 0 -62 114 1 0 0 0 0 1 0 -1 0 3747b.dat
1 0 0 -42 138 1 0 0 0 0 1 0 -1 0 30363.dat
1 0 0 -42 146 1 0 0 0 0 1 0 -1 0 3069b.dat
0 STEP
1 72 -30 -48 80 1 0 0 0 1 0 0 0 1 4287.dat
1 72 -30 -72 100 1 0 0 0 1 0 0 0 1 60477.dat
1 72 30 -48 80 1 0 0 0 1 0 0 0 1 4287.dat
1 72 30 -72 100 1 0 0 0 1 0 0 0 1 60477.dat
0 STEP
1 0 -60 -48 99.9997 -1 0 0 0 1 0 0 0 -1 3245b.dat
1 0 -60 -48 120 -1 0 0 0 1 0 0 0 -1 3678b.dat
1 0 60 -48 99.9997 -1 0 0 0 1 0 0 0 -1 3245b.dat
1 0 60 -48 120 -1 0 0 0 1 0 0 0 -1 3678b.dat
0 STEP
1 0 -50 -72 110 0 0 1 0 1 0 -1 0 0 3039.dat
1 0 50 -72 110 0 0 -1 0 1 0 1 0 0 3039.dat
0 STEP
1 0 -40 -72 99.9997 1 0 0 0 1 0 0 0 1 85984.dat
1 0 -40 -72 119.9997 -1 0 0 0 1 0 0 0 -1 85984.dat
1 0 39.9997 -72 99.9997 1 0 0 0 1 0 0 0 1 85984.dat
1 0 39.9997 -72 119.9997 -1 0 0 0 1 0 0 0 -1 85984.dat
0 STEP
1 72 70 0 140 -1 0 0 0 1 0 0 0 -1 3046.dat
1 0 50 24 150 0 0 -1 0 1 0 1 0 0 3747b.dat
1 72 -70 0 140 0 0 -1 0 1 0 1 0 0 3046.dat
1 0 -50 24 150 0 0 1 0 1 0 -1 0 0 3747b.dat
0 STEP
1 0 50 48 140 -1 0 0 0 1 0 0 0 -1 3665.dat
1 0 -50 48 140 -1 0 0 0 1 0 0 0 -1 3665.dat
0 STEP
1 72 90 0 150 0 0 1 0 1 0 -1 0 0 32064.dat
1 0 80 0 160 -1 0 0 0 1 0 0 0 -1 85984.dat
1 72 -90 0 150 0 0 1 0 1 0 -1 0 0 32064.dat
1 0 -80 0 160 -1 0 0 0 1 0 0 0 -1 85984.dat
0 STEP
1 0 90 0 140 1 0 0 0 1 0 0 0 1 54200.dat
1 0 -90 0 140 1 0 0 0 1 0 0 0 1 54200.dat
0 STEP
1 0 -10 80 140 -1 0 0 0 1 0 0 0 -1 3665.dat
1 0 10 80 140 -1 0 0 0 1 0 0 0 -1 3665.dat
0 STEP
1 0 100 10 150 1 0 0 0 1 0 0 0 1 32062.dat
1 0 110 10 150 0 -1 0 1 0 0 0 0 1 32474.dat
1 0 -100 10 150 -1 0 0 0 1 0 0 0 -1 32062.dat
1 0 -110 10 150 0 1 0 1 0 0 0 0 -1 32474.dat
0 STEP
1 0 0 20 182 -1 0 0 0 -1 0 0 0 1 09-head.ldr
0 STEP
1 0 0 56 90 1 0 0 0 1 0 0 0 1 10-back-pack.ldr
0 STEP
0 !LEOCAD PIECE PIVOT  40 0 90 1 0 0 0 1 0 0 0 1
1 0 -189.6413 0 92.0572 0.866025 0 0.5 0 1 0 -0.5 0 0.866025 12-01-arm.ldr
0 STEP
0 !LEOCAD PIECE PIVOT  -40 0 90 1 0 0 0 1 0 0 0 1
1 0 189.6413 0 92.0572 0.866025 0 -0.5 0 1 0 0.5 0 0.866025 12-02-arm.ldr
0 NOFILE
0 FILE 09-head.ldr
0 
0 Name: 09-head.ldr
0 Author: Nathanel Titane // nathanel.titane@gmail.com // All Rights Reserved
1 72 0 24 20 0 0 1 0 1 0 -1 0 0 3623.dat
1 72 0 0 0 1 0 0 0 1 0 0 0 1 87087.dat
1 72 0 0 20 0 0 1 0 1 0 -1 0 0 47905.dat
1 72 0 -8 10 0 0 1 0 1 0 -1 0 0 3023.dat
0 STEP
1 0 0 0 40 0 0 1 0 1 0 -1 0 0 47905.dat
1 0 0 -8 50 -1 0 0 0 1 0 0 0 -1 92946.dat
1 0 0 0 60 1 0 0 0 1 0 0 0 1 3005.dat
1 41 0 -8 40 -1 0 0 0 1 0 0 0 -1 54200.dat
0 STEP
1 0 0 -16 10 -1 0 0 0 1 0 0 0 -1 92946.dat
1 0 0 -16 0 1 0 0 0 1 0 0 0 1 54200.dat
0 STEP
1 0 0 26 60 0 0 -1 1 0 0 0 -1 0 2780.dat
1 0 0 52 60 1 0 0 0 -1 0 0 0 -1 3005.dat
1 41 0 52 60 -1 0 0 0 -1 0 0 0 1 54200.dat
0 STEP
1 0 0 32 20 1 0 0 0 1 0 0 0 1 87087.dat
1 0 0 32 40 1 0 0 0 1 0 0 0 1 3005.dat
1 4 0 56 20 -1 0 0 0 1 0 0 0 -1 3665.dat
0 STEP
1 46 0 42 2 1 0 0 0 0 -1 0 1 0 3024.dat
1 15 0 41.9998 -6 0 0 1 1 0 0 0 1 0 2555.dat
1 4 0 46.75 -18.5 1 0 0 0 -0.25035 0.968155 0 -0.968155 -0.25035 3820.dat
0 STEP
1 0 -10 19.8486 38.2635 0 1 0 0.17362 0 0.984813 0.984813 0 -0.17362 11477.dat
