0 FILE 00-instructions.ldr
0 Name: 00-instructions.ldr
0 Author: Nathanel Titane // nathanel.titane@gmail.com // All Rights Reserved
0
0 // LPUB[3D] FRONT COVER PAGE /////////////////////////////////////////////////
0
0 !LPUB PAGE DOCUMENT_TITLE_FRONT COLOR "#666666"
0 !LPUB PAGE DOCUMENT_TITLE_FRONT CONTENT GLOBAL "MODEL // VF-5000 STAR MIRAGE // GERWALK"
0 !LPUB PAGE DOCUMENT_TITLE_FRONT DISPLAY GLOBAL TRUE
0 !LPUB PAGE DOCUMENT_TITLE_FRONT FONT "Noto Sans,72,-1,0,75,0,0,0,0,0,Bold"
0 !LPUB PAGE DOCUMENT_TITLE_FRONT MARGINS 0.2500 0.1000
0 !LPUB PAGE DOCUMENT_TITLE_FRONT PLACEMENT GLOBAL TOP_LEFT PAGE INSIDE OFFSET 0.0000 0.0000

0 !LPUB PAGE DOCUMENT_AUTHOR_FRONT CONTENT GLOBAL "MODEL DESIGN AND INSTRUCTIONS // NATHANEL TITANE"
0 !LPUB PAGE DOCUMENT_AUTHOR_FRONT COLOR "#666666"
0 !LPUB PAGE DOCUMENT_AUTHOR_FRONT DISPLAY GLOBAL TRUE
0 !LPUB PAGE DOCUMENT_AUTHOR_FRONT FONT "Noto Sans,18,-1,0,75,0,0,0,0,0,Bold"
0 !LPUB PAGE DOCUMENT_AUTHOR_FRONT MARGINS 0.3000 1.0000
0 !LPUB PAGE DOCUMENT_AUTHOR_FRONT PLACEMENT TOP_LEFT PAGE INSIDE OFFSET 0.0000 0.0000

0 !LPUB PAGE MODEL_PARTS COLOR "#666666"
0 !LPUB PAGE MODEL_PARTS CONTENT GLOBAL "886 PIECES"
0 !LPUB PAGE MODEL_PARTS DISPLAY GLOBAL TRUE
0 !LPUB PAGE MODEL_PARTS FONT "Noto Sans,72,-1,0,75,0,0,0,0,0,Bold"
0 !LPUB PAGE MODEL_PARTS MARGINS 0.2500 0.1000
0 !LPUB PAGE MODEL_PARTS PLACEMENT GLOBAL BOTTOM_LEFT PAGE INSIDE OFFSET 0.0000 0.0000

0 !LPUB PAGE PUBLISH_DESCRIPTION COLOR "#666666"
0 !LPUB PAGE PUBLISH_DESCRIPTION CONTENT GLOBAL "LEGO // LINUX - Where Lego and Linux Meet"
0 !LPUB PAGE PUBLISH_DESCRIPTION DISPLAY GLOBAL TRUE
0 !LPUB PAGE PUBLISH_DESCRIPTION FONT "Noto Sans,36,-1,0,75,0,0,0,0,0,Bold"
0 !LPUB PAGE PUBLISH_DESCRIPTION MARGINS 0.2000 0.2000
0 !LPUB PAGE PUBLISH_DESCRIPTION PLACEMENT GLOBAL BOTTOM_RIGHT PAGE INSIDE OFFSET 0.0000 0.0000
0
0 // LPUB[3D] BACK COVER PAGE //////////////////////////////////////////////////
0
0 // LPUB[3D] DOCUMENT DISCLAIMER
0 !LPUB PAGE LEGO_DISCLAIMER COLOR "#666666"
0 !LPUB PAGE LEGO_DISCLAIMER CONTENT GLOBAL "LEGO® // REGISTERED TRADEMARK OF THE LEGO GROUP"
0 !LPUB PAGE LEGO_DISCLAIMER DISPLAY GLOBAL TRUE
0 !LPUB PAGE LEGO_DISCLAIMER FONT "Noto Sans,36,-1,0,75,0,0,0,0,0,Bold"
0 !LPUB PAGE LEGO_DISCLAIMER PLACEMENT GLOBAL CENTER PAGE INSIDE OFFSET 0.0000 -0.2500
0
0 // LPUB[3D] PAGE DOCUMENT AUTHOR
0 !LPUB PAGE DOCUMENT_AUTHOR_BACK COLOR "#666666"
0 !LPUB PAGE DOCUMENT_AUTHOR_BACK CONTENT GLOBAL "MODEL DESIGN AND INSTRUCTIONS // NATHANEL TITANE"
0 !LPUB PAGE DOCUMENT_AUTHOR_BACK DISPLAY GLOBAL TRUE
0 !LPUB PAGE DOCUMENT_AUTHOR_BACK FONT "Noto Sans,36,-1,0,75,0,0,0,0,0,Bold"
0 !LPUB PAGE DOCUMENT_AUTHOR_BACK PLACEMENT CENTER PAGE INSIDE OFFSET 0.0000 -0.2000
0
0 // LPUB[3D] PAGE PUBLICATION COPYRIGHT
0 !LPUB PAGE PUBLISH_COPYRIGHT_BACK COLOR "#666666"
0 !LPUB PAGE PUBLISH_COPYRIGHT_BACK CONTENT GLOBAL "COPYRIGHT // ALL RIGHTS RESERVED"
0 !LPUB PAGE PUBLISH_COPYRIGHT_BACK DISPLAY GLOBAL TRUE
0 !LPUB PAGE PUBLISH_COPYRIGHT_BACK FONT "Noto Sans,36,-1,0,75,0,0,0,0,0,Bold"
0 !LPUB PAGE PUBLISH_COPYRIGHT_BACK PLACEMENT GLOBAL CENTER PAGE INSIDE OFFSET 0.0000 -0.1500
0
0 // LPUB[3D] PAGE PUBLICATION EMAIL
0 !LPUB PAGE PUBLISH_EMAIL_BACK COLOR "#666666"
0 !LPUB PAGE PUBLISH_EMAIL_BACK CONTENT GLOBAL "CONTACT // NATHANEL.TITANE@GMAIL.COM // INFO@LEGOLINUX.COM"
0 !LPUB PAGE PUBLISH_EMAIL_BACK DISPLAY GLOBAL TRUE
0 !LPUB PAGE PUBLISH_EMAIL_BACK FONT "Noto Sans,18,-1,0,75,0,0,0,0,0,Bold"
0 !LPUB PAGE PUBLISH_EMAIL_BACK PLACEMENT GLOBAL CENTER PAGE INSIDE OFFSET 0.0000 -0.0500
0
0 // LPUB[3D] PAGE PUBLICATION URL
0 !LPUB PAGE PUBLISH_URL_BACK COLOR "#666666"
0 !LPUB PAGE PUBLISH_URL_BACK CONTENT GLOBAL "WEB // HTTPS://LEGOLINUX.COM/MODELS/VERITECHS/VF-5000-STAR-MIRAGE-GERWALK"
0 !LPUB PAGE PUBLISH_URL_BACK DISPLAY GLOBAL TRUE
0 !LPUB PAGE PUBLISH_URL_BACK FONT "Noto Sans,18,-1,0,75,0,0,0,0,0,Bold"
0 !LPUB PAGE PUBLISH_URL_BACK PLACEMENT GLOBAL CENTER PAGE INSIDE OFFSET 0.0000 -0.0250
0
0 // LPUB[3D] PAGE LOGO
0 !LPUB PAGE DOCUMENT_LOGO_BACK DISPLAY GLOBAL TRUE
0 !LPUB PAGE DOCUMENT_LOGO_BACK FILE GLOBAL "/media/internal/Lego/lpub3d/instructions/logo.png"
0 !LPUB PAGE DOCUMENT_LOGO_BACK PLACEMENT CENTER PAGE INSIDE OFFSET 0.0000 0.45000
0 !LPUB PAGE DOCUMENT_LOGO_BACK SCALE GLOBAL  1.0000
0
0 // LPUB[3D] CONFIGURATION ////////////////////////////////////////////////////
0
0 // LPUB[3D] PAGE WATERMARK
0 !LPUB PAGE PUBLISH_EMAIL CONTENT GLOBAL "CONTACT // NATHANEL.TITANE@GMAIL.COM // INFO@LEGOLINUX.COM"
0 !LPUB PAGE PUBLISH_EMAIL COLOR "#666666"
0 !LPUB PAGE PUBLISH_EMAIL DISPLAY GLOBAL TRUE
0 !LPUB PAGE PUBLISH_EMAIL FONT "Noto Sans,18,-1,0,75,0,0,0,0,0,Bold"
0 !LPUB PAGE PUBLISH_EMAIL MARGINS 0.0000 0.1500
0 !LPUB PAGE PUBLISH_EMAIL PLACEMENT GLOBAL BOTTOM PAGE INSIDE OFFSET 0.0000 0.0000
0 !LPUB PAGE DOCUMENT_AUTHOR CONTENT GLOBAL "MODEL DESIGN AND INSTRUCTIONS // NATHANEL TITANE"
0 !LPUB PAGE DOCUMENT_AUTHOR COLOR "#666666"
0 !LPUB PAGE DOCUMENT_AUTHOR DISPLAY GLOBAL TRUE
0 !LPUB PAGE DOCUMENT_AUTHOR FONT "Noto Sans,18,-1,0,75,0,0,0,0,0,Bold"
0 !LPUB PAGE DOCUMENT_AUTHOR MARGINS 0.0000 0.2000
0 !LPUB PAGE DOCUMENT_AUTHOR PLACEMENT GLOBAL TOP PAGE INSIDE OFFSET 0.0000 0.0000
0
0 // LPUB[3D] STEPS HIGHLIGHT
0 !LPUB HIGHLIGHT_STEP ENABLED GLOBAL TRUE
0 !LPUB HIGHLIGHT_STEP COLOR GLOBAL "#7137C8"
0
0 // LPUB[3D] STEP FADE
0 !LPUB FADE_STEP OPACITY GLOBAL "50"
0 !LPUB FADE_STEP COLOR GLOBAL "Trans_Black"
0 !LPUB FADE_STEP ENABLED GLOBAL TRUE
0 !LPUB FINAL_MODEL_ENABLED GLOBAL TRUE
0
0 // LPUB[3D] SUBMODEL PREVIEW
0 !LPUB SUBMODEL_DISPLAY SHOW GLOBAL TRUE
0 !LPUB SUBMODEL_DISPLAY BACKGROUND COLOR "#DDDDDD"
0 !LPUB SUBMODEL_DISPLAY MARGINS 0.1500 0.7500
0 !LPUB SUBMODEL_DISPLAY BORDER SQUARE 0 Black 0.031 MARGINS 0.050 0.050
0 !LPUB SUBMODEL_DISPLAY PLACEMENT GLOBAL LEFT PAGE INSIDE
0 !LPUB SUBMODEL_DISPLAY CAMERA_ANGLES 30.0000 45.0000
0
0 // LPUB[3D] ASSEMBLIES
0 !LPUB ASSEM CAMERA_ANGLES 30.0000 45.0000
0 !LPUB ASSEM MARGINS 0.5000 0.5000
0 !LPUB ASSEM MODEL_SCALE 1.0000
0 !LPUB ASSEM PLACEMENT CENTER PAGE INSIDE OFFSET 0.0000 0.0000
0
0 // LPUB[3D] BILL OF MATERIALS
0 !LPUB BOM BACKGROUND COLOR "#DDDDDD"
0 !LPUB BOM BORDER SQUARE 0 #666666 0.025 MARGINS 0.050 0.050
0 !LPUB BOM CONSTRAIN HEIGHT 13.0000
0 !LPUB BOM CONSTRAIN SQUARE
0 !LPUB BOM PLACEMENT CENTER PAGE INSIDE OFFSET 0.0000 0.0000
0
0 // LPUB[3D] CALLOUTS
0 !LPUB CALLOUT BORDER SQUARE 0 #666666 0.025 MARGINS 0.050 0.050
0 !LPUB CALLOUT MARGINS 0.1250 0.1250
0 !LPUB CALLOUT PLACEMENT RIGHT PAGE INSIDE OFFSET 0.0000 0.0000
0
0 // LPUB[3D] PAGE
0 !LPUB PAGE DOCUMENT_COVER_IMAGE DISPLAY GLOBAL TRUE
0 !LPUB PAGE DOCUMENT_COVER_IMAGE FILE GLOBAL "../renders/flat/flat.png"
0 !LPUB PAGE DOCUMENT_COVER_IMAGE FILL GLOBAL ASPECT
0 !LPUB PAGE DOCUMENT_COVER_IMAGE MARGINS GLOBAL 0.0000 0.0000
0 !LPUB PAGE DOCUMENT_COVER_IMAGE PLACEMENT GLOBAL CENTER PAGE INSIDE OFFSET 0.0000 0.0000
0 !LPUB PAGE DOCUMENT_COVER_IMAGE SCALE GLOBAL 1.0000
0
0 // LPUB[3D] PAGE NUMBER
0 !LPUB PAGE NUMBER FONT "Noto Sans,36,-1,0,75,0,0,0,0,0,Bold"
0 !LPUB PAGE NUMBER FONT_COLOR "#666666"
0 !LPUB PAGE NUMBER MARGINS 0.1250 0.1250
0 !LPUB PAGE NUMBER PLACEMENT BOTTOM_RIGHT PAGE INSIDE OFFSET 0.0000 0.0000
0
0 // LPUB[3D] PAGE SETUP
0 !LPUB PAGE BORDER GLOBAL NONE 0 MARGINS 0.000 0.000
0 !LPUB PAGE ENABLE_TEXT_PLACEMENT GLOBAL CENTER PAGE INSIDE OFFSET 0.0000 0.0000
0 !LPUB PAGE TEXT_PLACEMENT GLOBAL TRUE
0 !LPUB PAGE PAGE_FOOTER SIZE GLOBAL 32.0000 0.5000
0 !LPUB PAGE PAGE_HEADER SIZE GLOBAL 32.0000 0.5000
0 !LPUB PAGE MARGINS GLOBAL 0.0000 0.0000
0 !LPUB PAGE ORIENTATION GLOBAL LANDSCAPE
0 !LPUB PAGE SIZE GLOBAL 16.0000 32.0000
0
0 // LPUB[3D] PAGE COLORS
0 !LPUB PAGE SUBMODEL_BACKGROUND_COLOR GLOBAL "#DDDDDD" "#FFE680" "#FFAAAA" "#C6AFE9"
0
0 // LPUB[3D] SUBMODELS
0 !LPUB PAGE SUBMODEL_INSTANCE_COUNT FONT_COLOR "#FF5555"
0 !LPUB PAGE SUBMODEL_INSTANCE_COUNT FONT "Noto Sans,72,-1,0,75,0,0,0,0,0,Bold"
0 !LPUB PAGE SUBMODEL_INSTANCE_COUNT MARGINS 0.0000 0.1250
0 !LPUB PAGE SUBMODEL_INSTANCE_COUNT PLACEMENT BOTTOM_RIGHT PAGE INSIDE OFFSET 0.0000 -0.0500
0
0 // LPUB[3D] PARTS LIST
0 !LPUB PLI BACKGROUND COLOR "#DDDDDD"
0 !LPUB PLI BORDER SQUARE 0 #666666 0.025 MARGINS 0.0500 0.050
0 !LPUB PLI CAMERA_ANGLES 30.0000 45.0000
0 !LPUB PLI CONSTRAIN HEIGHT 5.0000
0 !LPUB PLI MODEL_SCALE  1.0000
0 !LPUB PLI MARGINS 0.1500 0.7500
0 !LPUB PLI PLACEMENT TOP_RIGHT PAGE INSIDE OFFSET 0.0000 0.0000
0 !LPUB PLI INSTANCE_COUNT FONT "Noto Sans,36,-1,0,75,0,0,0,0,0,Bold"
0 !LPUB PLI INSTANCE_COUNT FONT_COLOR "#666666"
0 !LPUB PLI INSTANCE_COUNT MARGINS 0.0125 0.0125
0 !LPUB PLI INSTANCE_COUNT MARGINS 0.0125 0.3000
0
0 // LPUB[3D] STEP NUMBER
0 !LPUB STEP_NUMBER FONT "Noto Sans,72,-1,0,75,0,0,0,0,0,Bold"
0 !LPUB STEP_NUMBER FONT_COLOR "#666666"
0 !LPUB STEP_NUMBER MARGINS 0.1250 0.0000
0 !LPUB STEP_NUMBER PLACEMENT TOP_LEFT PAGE INSIDE OFFSET 0.0000 0.0000
0
0 // LPUB[3D] BEGIN INSTRUCTIONS ///////////////////////////////////////////////
0
0 STEP
0 !LPUB INSERT COVER_PAGE FRONT
0 STEP
0 !LPUB ASSEM MODEL_SCALE LOCAL 0.7500
1 0 0 0 0 1 0 0 0 1 0 0 0 1 00-model.ldr
0 STEP
0
0 // LPUB[3D] DISABLE FINAL MODEL SHOWCASE /////////////////////////////////////
0
0 !LPUB NOSTEP
0
0 // LPUB[3D] BOM PAGES
0 STEP
0 !LPUB INSERT PAGE
0 !LPUB INSERT BOM
0 STEP
0 !LPUB INSERT PAGE
0 !LPUB INSERT BOM
0 STEP
0 !LPUB INSERT PAGE
0 !LPUB INSERT BOM
0 STEP
0 !LPUB INSERT PAGE
0 !LPUB INSERT BOM
0 STEP
0 !LPUB INSERT PAGE
0 !LPUB INSERT BOM
0 STEP
0 !LPUB INSERT PAGE
0 !LPUB INSERT BOM
0 STEP
0 !LPUB INSERT PAGE
0 !LPUB INSERT BOM
0 STEP
0 !LPUB INSERT PAGE
0 !LPUB INSERT BOM
0 STEP
0 !LPUB INSERT PAGE
0 !LPUB INSERT BOM
0 STEP
0 !LPUB INSERT PAGE
0 !LPUB INSERT BOM
0 STEP
0 !LPUB INSERT PAGE
0 !LPUB INSERT BOM
0 STEP
0 !LPUB INSERT PAGE
0 !LPUB INSERT BOM
0 STEP
0
0 !LPUB NOSTEP
0
0 !LPUB INSERT COVER_PAGE BACK
0
0 // LPUB[3D] END INSTRUCTIONS /////////////////////////////////////////////////
0
0 NOFILE
0 FILE 00-model.ldr
0 
0 Name: 00-model.ldr
0 Author: Nathanel Titane // nathanel.titane@gmail.com // All Rights Reserved
0 !LEOCAD PIECE PIVOT  0 -38 120 1 0 0 0 1 0 0 0 1
1 0 0 67.7635 -106.076 1 0 0 0 0.965926 -0.258819 0 0.258819 0.965926 01-cockpit.ldr
0 STEP
0 !LEOCAD PIECE PIVOT  0 0 -50 1 0 0 0 1 0 0 0 1
1 0 -30 -10.3156 7.5887 1 0 0 0 0.965926 -0.258819 0 0.258819 0.965926 05-hinge.ldr
0 STEP
0 !LEOCAD PIECE PIVOT  0 0 -50 1 0 0 0 1 0 0 0 1
1 0 30 -10.3156 7.5887 1 0 0 0 0.965926 -0.258819 0 0.258819 0.965926 05-hinge.ldr
0 STEP
0 !LEOCAD PIECE PIVOT  0 -14 -30 1 0 0 0 1 0 0 0 1
1 0 0 -17.4982 88.4862 1 0 0 0 0.965926 -0.258819 0 0.258819 0.965926 06-back.ldr
0 NOFILE
0 FILE 01-cockpit.ldr
0 
0 Name: 01-cockpit.ldr
0 Author: Nathanel Titane // nathanel.titane@gmail.com // All Rights Reserved
1 15 0 0 -60 1 0 0 0 1 0 0 0 1 32803.dat
1 15 0 8 30 -1 0 0 0 1 0 0 0 -1 11203.dat
1 15 0 8 -10 -1 0 0 0 1 0 0 0 -1 11203.dat
0 STEP
1 71 0 0 40 -1 0 0 0 1 0 0 0 -1 3023.dat
1 71 -10 0 10 0 0 1 0 1 0 -1 0 0 32028.dat
1 71 -10 0 -30 0 0 1 0 1 0 -1 0 0 32028.dat
1 71 10 0 10 0 0 -1 0 1 0 1 0 0 32028.dat
1 71 10 0 -30 0 0 -1 0 1 0 1 0 0 32028.dat
0 STEP
1 15 0 -24 30 0 0 1 0 1 0 -1 0 0 4871.dat
1 15 0 -24 -30 0 0 1 0 1 0 -1 0 0 4854.dat
0 STEP
1 72 0 -56 40 -1 0 0 0 1 0 0 0 -1 3245b.dat
0 STEP
1 71 0 -16 -10 0 0 -1 0 1 0 1 0 0 3020.dat
0 STEP
1 72 0 -64 40 -1 0 0 0 1 0 0 0 -1 48336.dat
0 STEP
0 !LEOCAD GROUP BEGIN Group #1
1 72 -10 -62 60 1 0 0 0 -0.12187 -0.992546 0 0.992546 -0.12187 30377.dat
1 72 0 -62 60 1 0 0 0 -0.12187 -0.992546 0 0.992546 -0.12187 30377.dat
1 72 10 -62 60 1 0 0 0 -0.12187 -0.992546 0 0.992546 -0.12187 30377.dat
0 STEP
0 !LEOCAD GROUP END
1 71 -10 -16 -70 0 0 1 0 1 0 -1 0 0 18677.dat
1 71 10 -16 -70 0 0 1 0 1 0 -1 0 0 18677.dat
1 0 0 -6 -80 -1 0 0 0 1 0 0 0 -1 2780.dat
1 0 -30 -6 -80 0 1 0 1 0 0 0 0 -1 87994.dat
0 STEP
1 0 0 -48 20 1 0 0 0 1 0 0 0 1 2432.dat
1 0 0 -24 -20 0 0 1 0 1 0 -1 0 0 26603.dat
1 0 0 -24 -70 -1 0 0 0 1 0 0 0 -1 33909.dat
0 STEP
1 72 -10 -32 -90 0 0 -1 0 1 0 1 0 0 18649.dat
1 72 10 -32 -90 0 0 -1 0 1 0 1 0 0 18649.dat
0 STEP
1 72 0 -56 -80 -1 0 0 0 1 0 0 0 -1 3937.dat
0 !LEOCAD PIECE PIVOT  0 10 0 1 0 0 0 1 0 0 0 1
1 71 0 -51 -71.3397 1 0 0 0 0.5 0.866025 0 -0.866025 0.5 3938.dat
1 72 0 -55 -64.4115 1 0 0 0 0.5 0.866025 0 -0.866025 0.5 99780.dat
1 72 -10 -55 -64.4115 0 0 -1 0.866025 0.5 0 0.5 -0.866025 0 54200.dat
1 72 10 -55 -64.4115 0 0 1 -0.866025 0.5 0 -0.5 -0.866025 0 54200.dat
0 STEP
1 71 0 -40 -100 -1 0 0 0 1 0 0 0 -1 3023.dat
1 71 0 -48 -110 -1 0 0 0 1 0 0 0 -1 3022.dat
1 71 0 -56 -100 -1 0 0 0 1 0 0 0 -1 3794b.dat
0 STEP
1 38 -30 -32 40 1 0 0 0 1 0 0 0 1 3024.dat
1 0 -30 -40 50 0 0 -1 0 1 0 1 0 0 18677.dat
1 0 -30 -48 50 0 0 -1 0 1 0 1 0 0 44302a.dat
1 38 30 -32 40 1 0 0 0 1 0 0 0 1 3024.dat
1 0 30 -40 50 0 0 -1 0 1 0 1 0 0 18677.dat
1 0 30 -48 50 0 0 -1 0 1 0 1 0 0 44302a.dat
0 STEP
1 15 30 -48 -30 0 0 -1 0 1 0 1 0 0 3009.dat
1 15 -30 -48 -30 0 0 -1 0 1 0 1 0 0 3009.dat
0 STEP
1 15 -30 -32 -100 1 0 0 0 1 0 0 0 1 24201.dat
1 15 30 -32 -100 1 0 0 0 1 0 0 0 1 24201.dat
0 STEP
1 0 -30 -72 60 -1 0 0 0 1 0 0 0 -1 3665.dat
1 0 30 -72 60 -1 0 0 0 1 0 0 0 -1 3665.dat
0 STEP
1 0 -30 -56 -10 0 0 -1 0 1 0 1 0 0 6636.dat
1 0 30 -56 -10 0 0 -1 0 1 0 1 0 0 6636.dat
0 STEP
1 0 30 -56 -80 1 0 0 0 1 0 0 0 1 28192.dat
1 0 -30 -56 -80 1 0 0 0 1 0 0 0 1 28192.dat
1 0 -10 -56 -120 0 0 1 0 1 0 -1 0 0 28192.dat
1 0 10 -56 -120 0 0 -1 0 1 0 1 0 0 28192.dat
0 STEP
1 72 0 -88 40 1 0 0 0 1 0 0 0 1 3937.dat
0 STEP
0 !LEOCAD PIECE PIVOT  0 10 0 1 0 0 0 1 0 0 0 1
1 71 0 -83 31.3397 -1 0 0 0 0.5 0.866025 0 0.866025 -0.5 3938.dat
1 72 0 -99 3.6269 -1 0 0 0 0.5 0.866025 0 0.866025 -0.5 2432.dat
0 STEP
1 0 -30 -80 70 0 0 1 0 1 0 -1 0 0 3023.dat
1 0 30 -80 70 0 0 -1 0 1 0 1 0 0 3023.dat
0 STEP
1 0 -20 -88 60 0 0 1 0 1 0 -1 0 0 92946.dat
1 0 20 -88 60 0 0 -1 0 1 0 1 0 0 92946.dat
0 STEP
1 0 10 -96 70 0 0 1 0 1 0 -1 0 0 92280.dat
1 0 -10 -96 70 0 0 1 0 1 0 -1 0 0 92280.dat
1 71 0 -96 100 -1 0 0 0 1 0 0 0 -1 32803.dat
0 STEP
1 0 -10 -104 80 0 0 1 0 1 0 -1 0 0 28192.dat
1 0 10 -104 80 0 0 -1 0 1 0 1 0 0 28192.dat
0 STEP
1 0 -10 -104 100 0 0 1 0 1 0 -1 0 0 28192.dat
1 0 10 -104 100 0 0 -1 0 1 0 1 0 0 28192.dat
1 38 -30 -80 100 0 0 1 0 1 0 -1 0 0 3024.dat
1 38 30 -80 100 0 0 -1 0 1 0 1 0 0 3024.dat
0 STEP
1 47 0 -102 60 1 0 0 0 1 0 0 0 1 92579.dat
0 STEP
0 !LEOCAD PIECE PIVOT  0 -6 20 1 0 0 0 1 0 0 0 1
1 0 0 0 -120 1 0 0 0 1 0 0 0 1 02-nose.ldr
0 STEP
0 !LEOCAD PIECE PIVOT  0 0 10 1 0 0 0 1 0 0 0 1
1 0 -28 -6 -90 0 1 0 -1 0 0 0 0 1 03-tab.ldr
0 STEP
0 !LEOCAD PIECE PIVOT  0 0 -10 1 0 0 0 1 0 0 0 1
1 0 28 -6 -90 0 -1 0 -1 0 0 0 0 -1 03-tab.ldr
0 STEP
0 !LEOCAD PIECE PIVOT  0 18 -20 1 0 0 0 1 0 0 0 1
1 0 -60 -48 80 1 0 0 0 1 0 0 0 1 04-01-canard.ldr
0 STEP
0 !LEOCAD PIECE PIVOT  0 18 -20 1 0 0 0 1 0 0 0 1
1 0 60 -48 80 1 0 0 0 1 0 0 0 1 04-02-canard.ldr
0 STEP
1 7 0 -30 130 -1 0 0 0 1 0 0 0 -1 14-head.ldr
0 STEP
0 STEP
0 STEP
0 STEP
0 STEP
0 STEP
0 STEP
0 STEP
0 STEP
0 STEP
0 STEP
0 STEP
0 NOFILE
0 FILE 02-nose.ldr
0 
0 Name: 02-nose.ldr
0 Author: Nathanel Titane // nathanel.titane@gmail.com // All Rights Reserved
1 15 0 -24 -10 0 0 1 0 1 0 -1 0 0 4871.dat
1 71 10 -16 10 0 0 -1 0 1 0 1 0 0 18677.dat
1 71 -10 -16 10 0 0 -1 0 1 0 1 0 0 18677.dat
1 0 0 -6 20 1 0 0 0 1 0 0 0 1 2780.dat
1 0 -30 -6 20 0 1 0 1 0 0 0 0 -1 87994.dat
0 STEP
1 71 0 -16 -50 0 0 -1 0 1 0 1 0 0 3020.dat
1 15 0 -24 -50 1 0 0 0 1 0 0 0 1 43713.dat
0 STEP
1 72 0 -24 20 1 0 0 0 1 0 0 0 1 99563.dat
0 STEP
1 72 0 -40 -60 1 0 0 0 1 0 0 0 1 3004.dat
1 72 0 -40 -20 -1 0 0 0 1 0 0 0 -1 3039.dat
0 STEP
1 15 -30 -32 -40 0 0 -1 0 1 0 1 0 0 3623.dat
1 15 -30 -32 0 0 0 -1 0 1 0 1 0 0 3070b.dat
1 15 30 -32 -40 0 0 -1 0 1 0 1 0 0 3623.dat
1 15 30 -32 0 0 0 -1 0 1 0 1 0 0 3070b.dat
1 15 0 -32 -130 1 0 0 0 1 0 0 0 1 43719.dat
0 STEP
1 72 0 -48 -50 0 0 -1 0 1 0 1 0 0 3020.dat
0 STEP
1 15 -10 -56 -60 0 0 1 0 1 0 -1 0 0 28192.dat
1 15 -10 -56 -40 0 0 1 0 1 0 -1 0 0 28192.dat
1 15 -10 -56 -20 0 0 1 0 1 0 -1 0 0 28192.dat
1 15 10 -56 -60 0 0 -1 0 1 0 1 0 0 28192.dat
1 15 10 -56 -40 0 0 -1 0 1 0 1 0 0 28192.dat
1 15 10 -56 -20 0 0 -1 0 1 0 1 0 0 28192.dat
0 STEP
1 15 0 -56 -110 1 0 0 0 1 0 0 0 1 47753.dat
0 NOFILE
0 FILE 03-tab.ldr
0 
0 Name: 03-tab.ldr
0 Author: Nathanel Titane // nathanel.titane@gmail.com // All Rights Reserved
1 0 0 0 0 0 0 -1 0 1 0 1 0 0 35480.dat
0 STEP
1 15 0 -8 10 -1 0 0 0 1 0 0 0 -1 24246.dat
1 15 0 -8 -10 1 0 0 0 1 0 0 0 1 24246.dat
0 NOFILE
0 FILE 04-01-canard.ldr
0 
0 Name: 04-01-canard.ldr
0 Author: Nathanel Titane // nathanel.titane@gmail.com // All Rights Reserved
1 71 -10 8 -10 0 0 1 0 1 0 -1 0 0 18677.dat
1 71 10 8 -10 0 0 1 0 1 0 -1 0 0 18677.dat
1 0 10 18 -20 -1 0 0 0 1 0 0 0 -1 6558.dat
0 STEP
1 71 0 0 40 -1 0 0 0 1 0 0 0 -1 32803.dat
1 0 0 0 10 0 0 -1 0 1 0 1 0 0 3022.dat
0 STEP
1 0 10 -8 10 0 0 -1 0 1 0 1 0 0 3710.dat
1 0 -20 -8 10 1 0 0 0 1 0 0 0 1 41769.dat
1 0 0 0 -20 1 0 0 0 1 0 0 0 1 48336.dat
0 STEP
1 15 0 -16 30 0 0 -1 0 1 0 1 0 0 3022.dat
1 4 0 -24 40 1 0 0 0 1 0 0 0 1 3023.dat
1 15 0 -32 10 1 0 0 0 1 0 0 0 1 93606.dat
0 STEP
0 !LEOCAD GROUP BEGIN Group #1
1 0 0 15.5601 -67.4249 1 0 0 0 0.965926 -0.258819 0 0.258819 0.965926 11203.dat
0 !LEOCAD PIECE PIVOT  0 2 -20 1 0 0 0 1 0 0 0 1
1 0 0 5.2445 -59.8362 -1 0 0 0 0.965926 0.258819 0 0.258819 -0.965926 60470.dat
0 STEP
1 15 0 -7.6221 -73.6365 1 0 0 0 0.965926 -0.258819 0 0.258819 0.965926 93606.dat
1 0 0 25.9129 -106.0619 0 0 1 0.258819 0.965926 0 -0.965926 0.258819 0 24299.dat
0 !LEOCAD GROUP END
0 NOFILE
0 FILE 04-02-canard.ldr
0 
0 Name: 04-02-canard.ldr
0 Author: Nathanel Titane // nathanel.titane@gmail.com // All Rights Reserved
1 71 -10 8 -10 0 0 1 0 1 0 -1 0 0 18677.dat
1 71 10 8 -10 0 0 1 0 1 0 -1 0 0 18677.dat
1 0 -10 18 -20 1 0 0 0 1 0 0 0 1 6558.dat
0 STEP
1 71 0 0 40 -1 0 0 0 1 0 0 0 -1 32803.dat
1 0 0 0 10 0 0 -1 0 1 0 1 0 0 3022.dat
0 STEP
1 0 -10 -8 10 0 0 -1 0 1 0 1 0 0 3710.dat
1 0 20 -8 10 1 0 0 0 1 0 0 0 1 41770.dat
1 0 0 0 -20 1 0 0 0 1 0 0 0 1 48336.dat
0 STEP
1 15 0 -16 30 0 0 -1 0 1 0 1 0 0 3022.dat
1 4 0 -24 40 1 0 0 0 1 0 0 0 1 3023.dat
1 15 0 -32 10 1 0 0 0 1 0 0 0 1 93606.dat
0 STEP
0 !LEOCAD GROUP BEGIN Group #1
1 0 0 15.5601 -67.4249 1 0 0 0 0.965926 -0.258819 0 0.258819 0.965926 11203.dat
0 !LEOCAD PIECE PIVOT  0 2 -20 1 0 0 0 1 0 0 0 1
1 0 0 5.2445 -59.8362 -1 0 0 0 0.965926 0.258819 0 0.258819 -0.965926 60470.dat
0 STEP
1 15 0 -7.6221 -73.6365 1 0 0 0 0.965926 -0.258819 0 0.258819 0.965926 93606.dat
1 0 0 25.9129 -106.0619 0 0 -1 -0.258819 0.965926 0 0.965926 0.258819 0 24307.dat
0 !LEOCAD GROUP END
0 NOFILE
0 FILE 05-hinge.ldr
0 
0 Name: 05-hinge.ldr
0 Author: Nathanel Titane // nathanel.titane@gmail.com // All Rights Reserved
1 0 0 0 0 0 0 -1 0 1 0 1 0 0 3705.dat
0 STEP
1 0 0 0 0 0 0 1 1 0 0 0 1 0 18654.dat
1 0 0 0 0 0 -1 0 0 0 -1 1 0 0 69819.dat
0 STEP
1 0 0 0 40 1 0 0 0 -1 0 0 0 -1 30552.dat
1 0 0 0 -40 -1 0 0 0 -1 0 0 0 1 30552.dat
0 STEP
0 STEP
0 NOFILE
0 FILE 05-01-back-strut.ldr
0 
0 Name: 05-01-back-strut.ldr
0 Author: Nathanel Titane // nathanel.titane@gmail.com // All Rights Reserved
1 0 0 30 10 1 0 0 0 0 1 0 -1 0 92907.dat
1 0 0 60 10 0 -1 0 -1 0 0 0 0 -1 47455.dat
0 STEP
1 0 0 30 -10 0 1 0 1 0 0 0 0 -1 18654.dat
1 1 20 30 -10 -1 0 0 0 0 -1 0 -1 0 43093.dat
1 1 -20 30 -10 1 0 0 0 0 1 0 -1 0 43093.dat
0 STEP
1 0 0 10 -10 -1 0 0 0 -1 0 0 0 1 32062.dat
0 !LEOCAD GROUP BEGIN Group #1
0 !LEOCAD PIECE PIVOT  10 10 0 1 0 0 0 1 0 0 0 1
1 0 0 -2.2475 -2.9289 0 0 1 0.258819 0.965926 0 -0.965926 0.258819 0 18677.dat
1 0 0 -9.9749 -4.9995 0 0 1 0.258819 0.965926 0 -0.965926 0.258819 0 3794b.dat
0 STEP
1 0 0 -38.3335 8.1074 1 0 0 0 0.965926 -0.258819 0 0.258819 0.965926 05-03-back-cap.ldr
0 STEP
0 !LEOCAD GROUP END
0 NOFILE
0 FILE 05-02-01-back-panel.ldr
0 
0 Name: 05-02-01-back-panel.ldr
0 Author: Nathanel Titane // nathanel.titane@gmail.com // All Rights Reserved
1 71 0 0 0 1 0 0 0 1 0 0 0 1 10247.dat
0 STEP
1 71 -10 8 20 0 0 -1 0 1 0 1 0 0 18677.dat
1 71 -10 8 30 -1 0 0 0 1 0 0 0 -1 54200.dat
0 STEP
1 38 -10 8 -10 0 0 -1 0 1 0 1 0 0 3024.dat
0 STEP
1 71 -10 0 10 0 0 1 0 1 0 -1 0 0 2310.dat
1 71 -10 0 -10 0 0 1 0 1 0 -1 0 0 2310.dat
0 STEP
1 72 -20 -8 10 -1 0 0 0 1 0 0 0 -1 22890.dat
1 0 10 -8 0 0 0 1 0 1 0 -1 0 0 44302b.dat
0 STEP
1 0 -20 -8 -10 1 0 0 0 1 0 0 0 1 60471.dat
1 0 -10 -16 10 -1 0 0 0 1 0 0 0 -1 3623.dat
0 STEP
1 15 0 -8 0 1 0 0 0 1 0 0 0 1 15068.dat
1 15 -30 -8 0 1 0 0 0 1 0 0 0 1 11477.dat
0 STEP
0 STEP
0 STEP
0 STEP
0 STEP
0 STEP
0 STEP
0 STEP
0 STEP
0 STEP
0 NOFILE
0 FILE 05-02-02-back-panel.ldr
0 
0 Name: 05-02-02-back-panel.ldr
0 Author: Nathanel Titane // nathanel.titane@gmail.com // All Rights Reserved
1 71 0 0 0 -1 0 0 0 1 0 0 0 -1 10247.dat
0 STEP
1 71 10 8 20 0 0 -1 0 1 0 1 0 0 18677.dat
1 71 10 8 30 -1 0 0 0 1 0 0 0 -1 54200.dat
0 STEP
1 38 10 8 -10 0 0 -1 0 1 0 1 0 0 3024.dat
0 STEP
1 71 10 0 -10 0 0 -1 0 1 0 1 0 0 2310.dat
1 71 10 0 10 0 0 -1 0 1 0 1 0 0 2310.dat
0 STEP
1 72 20 -8 10 1 0 0 0 1 0 0 0 1 22890.dat
1 0 -10 -8 0 0 0 1 0 1 0 -1 0 0 44302b.dat
0 STEP
1 0 20 -8 -10 1 0 0 0 1 0 0 0 1 60471.dat
1 0 10 -16 10 1 0 0 0 1 0 0 0 1 3623.dat
0 STEP
1 15 0 -8 0 1 0 0 0 1 0 0 0 1 15068.dat
1 15 30 -8 0 1 0 0 0 1 0 0 0 1 11477.dat
0 STEP
0 STEP
0 STEP
0 STEP
0 STEP
0 STEP
0 STEP
0 STEP
0 STEP
0 STEP
0 NOFILE
0 FILE 05-03-back-cap.ldr
0 
0 Name: 05-03-back-cap.ldr
0 Author: Nathanel Titane // nathanel.titane@gmail.com // All Rights Reserved
1 0 0 8 30 -1 0 0 0 1 0 0 0 -1 15208.dat
1 0 0 16 20 1 0 0 0 1 0 0 0 1 11203.dat
0 STEP
1 0 0 0 0 1 0 0 0 1 0 0 0 1 47753.dat
0 STEP
0 STEP
0 STEP
0 NOFILE
0 FILE 06-back.ldr
0 
0 Name: 06-back.ldr
0 Author: Nathanel Titane // nathanel.titane@gmail.com // All Rights Reserved
1 0 0 -28 10 1 0 0 0 1 0 0 0 1 05-01-back-strut.ldr
0 STEP
1 0 -40 -8 0 1 0 0 0 1 0 0 0 1 05-02-01-back-panel.ldr
0 STEP
1 0 40 -8 0 1 0 0 0 1 0 0 0 1 05-02-02-back-panel.ldr
0 STEP
0 !LEOCAD PIECE PIVOT  0 0 -10 1 0 0 0 1 0 0 0 1
1 0 -70 10 40 1 0 0 0 1 0 0 0 1 07-03-ramjet-hinge.ldr
0 STEP
0 !LEOCAD PIECE PIVOT  0 -38 -10 1 0 0 0 1 0 0 0 1
1 7 0 48 60 1 0 0 0 1 0 0 0 1 07-04-ramjet.ldr
0 STEP
0 !LEOCAD PIECE PIVOT  0 0 -10 1 0 0 0 1 0 0 0 1
1 7 70 10 40 -1 0 0 0 -1 0 0 0 1 07-03-ramjet-hinge.ldr
0 STEP
0 !LEOCAD PIECE PIVOT  0 10 160 1 0 0 0 1 0 0 0 1
1 0 0 42 -140 -1 0 0 0 -1 0 0 0 1 13-02-waist.ldr
0 STEP
0 !LEOCAD PIECE PIVOT  0 2 40 1 0 0 0 1 0 0 0 1
1 0 -60 -16 -70 1 0 0 0 1 0 0 0 1 07-01-torso.ldr
0 STEP
0 !LEOCAD PIECE PIVOT  0 2 40 1 0 0 0 1 0 0 0 1
1 0 60 -16 -70 1 0 0 0 1 0 0 0 1 07-02-torso.ldr
0 STEP
0 !LEOCAD PIECE PIVOT  0 5 -30 1 0 0 0 1 0 0 0 1
1 0 -94 -12 40 0 1 0 -1 0 0 0 0 1 19-01-wing-strut.ldr
0 STEP
0 !LEOCAD PIECE PIVOT  0 5 -30 1 0 0 0 1 0 0 0 1
1 0 94 -12 40 0 -1 0 1 0 0 0 0 1 19-02-wing-strut.ldr
0 NOFILE
0 FILE 07-01-torso.ldr
0 
0 Name: 07-01-torso.ldr
0 Author: Nathanel Titane // nathanel.titane@gmail.com // All Rights Reserved
1 0 0 0 0 1 0 0 0 1 0 0 0 1 32803.dat
1 0 0 0 20 -1 0 0 0 1 0 0 0 -1 44567a.dat
0 STEP
1 0 10 -8 10 0 0 -1 0 1 0 1 0 0 3023.dat
1 0 -20 -8 10 0 0 1 0 1 0 -1 0 0 33909.dat
0 STEP
1 0 0 -16 10 0 0 -1 0 1 0 1 0 0 3022.dat
1 4 0 -24 0 1 0 0 0 1 0 0 0 1 3023.dat
0 STEP
1 0 -20 -24 30 -1 0 0 0 1 0 0 0 -1 2429.dat
0 !LEOCAD GROUP BEGIN Group #1
1 0 -20 -24 30 -0.258819 0 -0.965926 0 1 0 0.965926 0 -0.258819 2430.dat
0 STEP
0 !LEOCAD GROUP END
1 0 0 -32 10 1 0 0 0 1 0 0 0 1 3068b.dat
0 STEP
0 !LEOCAD GROUP BEGIN Group #1
1 0 -54.1542 -24 41.554 0.258819 0 0.965926 0 1 0 -0.965926 0 0.258819 32803.dat
1 0 -44.4949 -32 44.1421 0.258819 0 0.965926 0 1 0 -0.965926 0 0.258819 3022.dat
0 STEP
1 71 -34.8357 -40 46.7303 -0.258819 0 -0.965926 0 1 0 0.965926 0 -0.258819 3023.dat
1 71 -54.1542 -40 41.554 0.258819 0 0.965926 0 1 0 -0.965926 0 0.258819 14704.dat
0 STEP
1 71 -54.1542 -56 41.554 0.258819 0 0.965926 0 1 0 -0.965926 0 0.258819 99206.dat
0 STEP
1 0 -5.8579 -40 54.4949 -0.258819 0 -0.965926 0 1 0 0.965926 0 -0.258819 43719.dat
1 15 -25.1764 -64 49.3185 -0.258819 0 -0.965926 0 1 0 0.965926 0 -0.258819 47753.dat
0 STEP
0 !LEOCAD GROUP END
0 !LEOCAD PIECE PIVOT  0 10 -10 1 0 0 0 1 0 0 0 1
1 0 -80.6492 -44.3211 27.4749 0.457838 -0.157353 -0.875 -0.803022 0.349145 -0.482963 0.381497 0.923763 0.033493 15-01-shoulder.ldr
0 STEP
0 NOFILE
0 FILE 07-02-torso.ldr
0 
0 Name: 07-02-torso.ldr
0 Author: Nathanel Titane // nathanel.titane@gmail.com // All Rights Reserved
1 0 0 0 0 1 0 0 0 1 0 0 0 1 32803.dat
1 0 0 0 20 -1 0 0 0 1 0 0 0 -1 44567a.dat
0 STEP
1 0 -10 -8 10 0 0 1 0 1 0 -1 0 0 3023.dat
1 0 20 -8 10 0 0 -1 0 1 0 1 0 0 33909.dat
0 STEP
1 0 0 -16 10 0 0 1 0 1 0 -1 0 0 3022.dat
1 4 0 -24 0 1 0 0 0 1 0 0 0 1 3023.dat
0 STEP
0 !LEOCAD GROUP BEGIN Group #1
1 0 20 -24 30 -0.258819 0 0.965926 0 1 0 -0.965926 0 -0.258819 2429.dat
0 !LEOCAD GROUP END
1 0 20 -24 30 -1 0 0 0 1 0 0 0 -1 2430.dat
0 STEP
1 0 0 -32 10 1 0 0 0 1 0 0 0 1 3068b.dat
0 STEP
0 !LEOCAD GROUP BEGIN Group #1
1 0 54.1542 -24 41.554 0.258819 0 -0.965926 0 1 0 0.965926 0 0.258819 32803.dat
1 0 44.4949 -32 44.1421 0.258819 0 -0.965926 0 1 0 0.965926 0 0.258819 3022.dat
0 STEP
1 71 34.8357 -40 46.7303 -0.258819 0 0.965926 0 1 0 -0.965926 0 -0.258819 3023.dat
1 71 54.1542 -40 41.554 0.258819 0 -0.965926 0 1 0 0.965926 0 0.258819 14704.dat
0 STEP
1 71 54.1542 -56 41.554 0.258819 0 -0.965926 0 1 0 0.965926 0 0.258819 99206.dat
0 STEP
1 0 5.8579 -40 54.4949 -0.258819 0 0.965926 0 1 0 -0.965926 0 -0.258819 43719.dat
1 15 25.1764 -64 49.3185 -0.258819 0 0.965926 0 1 0 -0.965926 0 -0.258819 47753.dat
0 STEP
0 !LEOCAD GROUP END
0 !LEOCAD PIECE PIVOT  0 10 50 1 0 0 0 1 0 0 0 1
1 0 115.6492 -63.6395 28.8146 -0.457838 0.157353 -0.875 -0.803022 0.349144 0.482963 0.381497 0.923763 -0.033493 15-02-shoulder.ldr
0 STEP
0 STEP
0 STEP
0 STEP
0 STEP
0 STEP
0 STEP
0 STEP
0 STEP
0 NOFILE
0 FILE 07-03-ramjet-hinge.ldr
0 
0 Name: 07-03-ramjet-hinge.ldr
0 Author: Nathanel Titane // nathanel.titane@gmail.com // All Rights Reserved
1 0 0 0 0 0 -1 0 -1 0 0 0 0 -1 43857.dat
0 STEP
1 0 10 0 10 -1 0 0 0 -1 0 0 0 1 2780.dat
1 0 10 0 -10 -1 0 0 0 -1 0 0 0 1 2780.dat
0 STEP
0 STEP
0 STEP
0 NOFILE
0 FILE 07-04-ramjet.ldr
0 
0 Name: 07-04-ramjet.ldr
0 Author: Nathanel Titane // nathanel.titane@gmail.com // All Rights Reserved
1 15 0 0 0 -1 0 0 0 1 0 0 0 -1 43713.dat
1 72 0 -8 80 -1 0 0 0 1 0 0 0 -1 3022.dat
0 STEP
1 71 0 8 20 -1 0 0 0 1 0 0 0 -1 33909.dat
0 STEP
1 72 0 0 20 1 0 0 0 1 0 0 0 1 33909.dat
1 72 0 16 -10 1 0 0 0 1 0 0 0 1 85984.dat
0 STEP
1 72 0 -24 40 0 0 -1 0 1 0 1 0 0 22889.dat
1 15 0 -32 70 -1 0 0 0 1 0 0 0 -1 24309.dat
1 71 0 -16 50 1 0 0 0 1 0 0 0 1 3023.dat
0 STEP
1 72 -20 -8 0 1 0 0 0 1 0 0 0 1 24299.dat
1 72 -20 -16 20 1 0 0 0 1 0 0 0 1 24299.dat
1 72 20 -8 0 1 0 0 0 1 0 0 0 1 24307.dat
1 72 20 -16 20 1 0 0 0 1 0 0 0 1 24307.dat
0 STEP
1 15 -50 -32 50 0 0 -1 0 1 0 1 0 0 28192.dat
1 15 50 -32 50 0 0 1 0 1 0 -1 0 0 28192.dat
0 STEP
1 0 0 -24 30 1 0 0 0 1 0 0 0 1 15208.dat
1 71 0 -32 30 1 0 0 0 1 0 0 0 1 3023.dat
0 STEP
1 15 -10 -40 30 0 0 1 0 1 0 -1 0 0 28192.dat
1 15 10 -40 30 0 0 -1 0 1 0 1 0 0 28192.dat
0 STEP
1 15 -30 -24 -20 1 0 0 0 1 0 0 0 1 61678.dat
1 15 30 -24 -20 1 0 0 0 1 0 0 0 1 61678.dat
0 STEP
1 0 -50 0 -30 1 0 0 0 1 0 0 0 1 2420.dat
1 0 50 0 -30 0 0 -1 0 1 0 1 0 0 2420.dat
0 STEP
1 15 -30 0 -50 1 0 0 0 1 0 0 0 1 24201.dat
1 15 30 0 -50 1 0 0 0 1 0 0 0 1 24201.dat
0 STEP
1 4 -60 8 -20 0 0 1 0 1 0 -1 0 0 33909.dat
1 4 60 8 -20 0 0 -1 0 1 0 1 0 0 33909.dat
1 15 -60 0 -20 1 0 0 0 1 0 0 0 1 4871.dat
1 15 60 0 -20 -1 0 0 0 1 0 0 0 -1 4871.dat
0 STEP
1 0 -70 0 -20 0 0 1 0 1 0 -1 0 0 3023.dat
1 0 70 0 -20 0 0 1 0 1 0 -1 0 0 3023.dat
1 71 -50 -24 0 0 0 1 0 1 0 -1 0 0 3039.dat
1 71 50 -24 0 0 0 -1 0 1 0 1 0 0 3039.dat
0 STEP
1 71 -50 -32 0 0 0 1 0 1 0 -1 0 0 11458.dat
1 38 -50 -40 10 0 0 1 0 1 0 -1 0 0 3024.dat
1 71 50 -32 0 0 0 1 0 1 0 -1 0 0 11458.dat
1 38 50 -40 10 0 0 1 0 1 0 -1 0 0 3024.dat
0 STEP
1 15 -50 -48 10 -1 0 0 0 1 0 0 0 -1 28192.dat
1 15 50 -48 10 -1 0 0 0 1 0 0 0 -1 28192.dat
0 STEP
1 72 -50 -8 -40 0 0 1 0 1 0 -1 0 0 3023.dat
1 0 -50 -16 -40 0 0 1 0 1 0 -1 0 0 3023.dat
1 72 50 -8 -40 0 0 1 0 1 0 -1 0 0 3023.dat
1 0 50 -16 -40 0 0 1 0 1 0 -1 0 0 3023.dat
0 STEP
1 71 -50 -24 -30 0 0 1 0 1 0 -1 0 0 28192.dat
1 71 -50 -24 -50 0 0 1 0 1 0 -1 0 0 28192.dat
1 71 50 -24 -30 0 0 -1 0 1 0 1 0 0 28192.dat
1 71 50 -24 -50 0 0 -1 0 1 0 1 0 0 28192.dat
0 STEP
0 NOFILE
0 FILE 08-heel.ldr
0 
0 Name: 08-heel.ldr
0 Author: Nathanel Titane // nathanel.titane@gmail.com // All Rights Reserved
1 0 -10 24 10 0 0 -1 0 1 0 1 0 0 3024.dat
1 0 10 24 10 0 0 -1 0 1 0 1 0 0 3024.dat
0 STEP
1 0 0 0 0 0 0 -1 0 1 0 1 0 0 92013.dat
0 STEP
1 0 0 16 -30 1 0 0 0 1 0 0 0 1 32803.dat
1 0 -10 -8 -10 1 0 0 0 1 0 0 0 1 28192.dat
1 0 10 -8 -10 1 0 0 0 1 0 0 0 1 28192.dat
0 STEP
1 0 0 -8 10 -1 0 0 0 1 0 0 0 -1 3069b.dat
0 NOFILE
0 FILE 09-toe.ldr
0 
0 Name: 09-toe.ldr
0 Author: Nathanel Titane // nathanel.titane@gmail.com // All Rights Reserved
1 0 -10 24 10 0 0 -1 0 1 0 1 0 0 3024.dat
1 0 10 24 10 0 0 -1 0 1 0 1 0 0 3024.dat
1 0 0 24 -20 0 0 -1 0 1 0 1 0 0 11203.dat
0 STEP
1 0 0 0 0 0 0 -1 0 1 0 1 0 0 92013.dat
1 0 0 0 -40 0 0 -1 0 1 0 1 0 0 3003.dat
0 STEP
1 0 0 16 -70 1 0 0 0 1 0 0 0 1 32803.dat
1 0 -10 -8 -50 1 0 0 0 1 0 0 0 1 28192.dat
1 0 10 -8 -50 1 0 0 0 1 0 0 0 1 28192.dat
0 STEP
1 0 0 -8 -10 0 0 -1 0 1 0 1 0 0 26603.dat
0 NOFILE
0 FILE 10-01-shin.ldr
0 
0 Name: 10-01-shin.ldr
0 Author: Nathanel Titane // nathanel.titane@gmail.com // All Rights Reserved
1 15 0 -6.4712 -9.1536 0 0 1 -0.258819 0.965926 0 -0.965926 -0.258819 0 3795.dat
0 STEP
1 15 0 6.4326 8.0943 0 0 1 -0.258819 0.965926 0 -0.965926 -0.258819 0 11203.dat
1 15 0 -3.9202 -30.5427 0 0 1 -0.258819 0.965926 0 -0.965926 -0.258819 0 11203.dat
1 15 0 11.6461 58.4612 -1 0 0 0 0.965926 -0.258819 0 -0.258819 -0.965926 32803.dat
1 15 0 -24.5885 -76.7685 1 0 0 0 0.965926 0.258819 0 -0.258819 0.965926 32803.dat
0 STEP
0 STEP
1 71 -10 -32.2416 -12.6012 0 0 1 -0.258819 0.965926 0 -0.965926 -0.258819 0 4070.dat
1 71 10 -32.2416 -12.6012 0 0 -1 0.258819 0.965926 0 0.965926 -0.258819 0 4070.dat
1 71 -10 -37.418 -31.9198 0 0 1 -0.258819 0.965926 0 -0.965926 -0.258819 0 4070.dat
1 71 10 -37.418 -31.9198 0 0 -1 0.258819 0.965926 0 0.965926 -0.258819 0 4070.dat
0 STEP
1 72 -24 -25.1705 -24.8487 0 1 0 -0.258819 0 -0.965926 -0.965926 0 0.258819 3023.dat
1 72 24 -25.1705 -24.8487 0 -1 0 0.258819 0 -0.965926 0.965926 0 0.258819 3023.dat
1 15 -24 -25.1705 -24.8487 0 1 0 -0.258819 0 -0.965926 -0.965926 0 0.258819 85984.dat
1 15 24 -25.1705 -24.8487 0 -1 0 0.258819 0 -0.965926 0.965926 0 0.258819 85984.dat
0 STEP
1 15 0 -19.3007 35.6951 0 0 -1 0.258819 0.965926 0 0.965926 -0.258819 0 4854.dat
1 15 0 -45.1826 -60.8975 0 0 -1 0.258819 0.965926 0 0.965926 -0.258819 0 4871.dat
1 15 0 -11.5732 33.6245 0 0 -1 0.258819 0.965926 0 0.965926 -0.258819 0 87079.dat
0 STEP
1 72 0 -50.3218 -49.1677 -1 0 0 0 0.965926 -0.258819 0 -0.258819 -0.965926 32064.dat
1 72 0 -55.4982 -68.4863 -1 0 0 0 0.965926 -0.258819 0 -0.258819 -0.965926 32064.dat
0 STEP
0 !LEOCAD PIECE PIVOT  40 10 0 1 0 0 0 1 0 0 0 1
1 72 0 -58.012 -16.0488 0 0 -1 0.258819 0.965926 0 0.965926 -0.258819 0 48171.dat
1 0 0 -38 20 0 -1 0 0.258819 0 -0.965926 0.965926 0 0.258819 47455.dat
0 STEP
1 72 0 -73.504 -42.9561 -1 0 0 0 0.965926 -0.258819 0 -0.258819 -0.965926 32000.dat
1 72 0 -78.6804 -62.2746 -1 0 0 0 0.965926 -0.258819 0 -0.258819 -0.965926 32000.dat
0 STEP
1 72 0 -70.8786 -2.2485 -1 0 0 0 0.965926 -0.258819 0 -0.258819 -0.965926 99206.dat
1 72 0 -78.6432 -31.2263 -1 0 0 0 0.965926 -0.258819 0 -0.258819 -0.965926 3022.dat
0 STEP
1 72 0 -101.8626 -56.0629 -1 0 0 0 0.965926 -0.258819 0 -0.258819 -0.965926 32064.dat
0 STEP
1 72 0 -94.0609 3.9632 -1 0 0 0 0.965926 -0.258819 0 -0.258819 -0.965926 32000.dat
1 72 0 -101.8255 -25.0146 -1 0 0 0 0.965926 -0.258819 0 -0.258819 -0.965926 3003.dat
0 STEP
1 0 0 -45.8389 -71.0744 0 0 -1 0.258819 0.965926 0 0.965926 -0.258819 0 4519.dat
1 0 0 -51.0153 -90.393 0 0 1 0.965926 0.258819 0 -0.258819 0.965926 0 32474.dat
0 STEP
1 0 0 -94.7915 -68.3104 0 0 -1 0.258819 0.965926 0 0.965926 -0.258819 0 32062.dat
1 0 0 -97.3797 -77.9697 0 0 -1 -0.965926 0.258819 0 0.258819 0.965926 0 32474.dat
0 STEP
0 !LEOCAD PIECE PIVOT  0 10 0 1 0 0 0 1 0 0 0 1
1 71 0 -81.8134 11.0342 -1 0 0 0 0.258819 0.965926 0 0.965926 -0.258819 3938.dat
0 !LEOCAD GROUP BEGIN Group #5
0 !LEOCAD PIECE PIVOT  0 10 0 1 0 0 0 1 0 0 0 1
1 15 0 -81.8134 11.0342 -1 0 0 0 0.258819 0.965926 0 0.965926 -0.258819 3937.dat
0 !LEOCAD PIECE PIVOT  0 10 0 1 0 0 0 1 0 0 0 1
1 71 0 -75.6018 34.2165 -1 0 0 0 0.258819 0.965926 0 0.965926 -0.258819 3938.dat
0 !LEOCAD GROUP END
0 !LEOCAD GROUP BEGIN Group #4
0 !LEOCAD PIECE PIVOT  0 10 0 1 0 0 0 1 0 0 0 1
1 15 0 -75.6018 34.2165 -1 0 0 0 0.258819 0.965926 0 0.965926 -0.258819 3937.dat
0 !LEOCAD PIECE PIVOT  0 10 0 1 0 0 0 1 0 0 0 1
1 71 0 -69.3901 57.3987 -1 0 0 0 0.258819 0.965926 0 0.965926 -0.258819 3938.dat
0 !LEOCAD GROUP END
0 !LEOCAD GROUP BEGIN Group #3
0 !LEOCAD PIECE PIVOT  0 10 0 1 0 0 0 1 0 0 0 1
1 15 0 -61.8019 58.3977 -1 0 0 0 -0.5 0.866025 0 0.866025 0.5 3937.dat
0 !LEOCAD PIECE PIVOT  0 10 0 1 0 0 0 1 0 0 0 1
1 71 0 -73.8019 79.1823 -1 0 0 0 -0.5 0.866025 0 0.866025 0.5 3938.dat
0 !LEOCAD GROUP END
0 !LEOCAD GROUP BEGIN Group #2
0 !LEOCAD PIECE PIVOT  0 10 0 1 0 0 0 1 0 0 0 1
1 15 0 -69.1427 85.2544 -1 0 0 0 -0.965926 0.258819 0 0.258819 0.965926 3937.dat
0 STEP
0 !LEOCAD GROUP END
1 15 -30 -32.1301 80.5438 0 0 -1 0.258819 0.965926 0 0.965926 -0.258819 0 3009.dat
1 15 -30 -55.3123 86.7554 0 0 -1 0.258819 0.965926 0 0.965926 -0.258819 0 3009.dat
1 71 -30 -6.3597 83.9913 0 0 -1 0.258819 0.965926 0 0.965926 -0.258819 0 3024.dat
1 71 -30 -1.1833 103.3099 0 0 -1 0.258819 0.965926 0 0.965926 -0.258819 0 3024.dat
1 0 -30 1.3677 81.9208 0 0 -1 0.258819 0.965926 0 0.965926 -0.258819 0 4073.dat
1 0 -30 6.5441 101.2393 0 0 -1 0.258819 0.965926 0 0.965926 -0.258819 0 4073.dat
0 STEP
1 15 -30 1.442 144.0175 -1 0 0 0 0.965926 -0.258819 0 -0.258819 -0.965926 24201.dat
1 34 -30 -6.2854 146.088 0 0 1 -0.258819 0.965926 0 -0.965926 -0.258819 0 3024.dat
1 15 -30 -29.4676 152.2997 -1 0 0 0 0.965926 -0.258819 0 -0.258819 -0.965926 4070.dat
1 15 -30 -32.0558 142.6404 -1 0 0 0 0.965926 -0.258819 0 -0.258819 -0.965926 11477.dat
0 STEP
1 0 -30 -42.5572 -20.19 0 0 -1 0.258819 0.965926 0 0.965926 -0.258819 0 3710.dat
1 72 -30 -58.0492 -47.0972 0 0 -1 0.258819 0.965926 0 0.965926 -0.258819 0 3024.dat
1 15 -30 -57.9749 14.9995 1 0 0 0 0.965926 0.258819 0 -0.258819 0.965926 4286.dat
0 STEP
1 72 -30 -65.7023 17.07 0 0 -1 0.258819 0.965926 0 0.965926 -0.258819 0 3024.dat
1 15 -30 -81.2314 -40.8855 -1 0 0 0 0.965926 -0.258819 0 -0.258819 -0.965926 4287.dat
1 4 -30 -86.3706 -29.1557 0 0 1 -0.258819 0.965926 0 -0.965926 -0.258819 0 2540.dat
1 0 -30 -76.0179 9.4813 0 0 1 -0.258819 0.965926 0 -0.965926 -0.258819 0 2540.dat
0 STEP
1 0 -50.0001 -68.9097 28.2822 -0.5 0 -0.866026 0.836516 -0.258819 -0.482963 -0.224144 -0.965926 0.129409 44676.dat
1 4 -50.0001 -89.6152 -48.9919 0.5 0 -0.866026 -0.836516 0.258819 -0.482963 0.224144 0.965926 0.129409 44676.dat
0 STEP
1 15 -30 -70.953 -64.3452 0 0 -1 0.258819 0.965926 0 0.965926 -0.258819 0 3005.dat
1 15 -30 -96.7234 -67.7928 0 0 -1 0.258819 0.965926 0 0.965926 -0.258819 0 3004.dat
0 STEP
1 15 -30 -73.5783 -105.0527 1 0 0 0 0.965926 0.258819 0 -0.258819 0.965926 24201.dat
1 72 -30 -76.1294 -83.6637 0 0 -1 0.258819 0.965926 0 0.965926 -0.258819 0 3024.dat
1 71 -30 -68.402 -85.7342 0 0 -1 0.258819 0.965926 0 0.965926 -0.258819 0 3024.dat
1 15 -30 -96.7606 -98.8411 1 0 0 0 0.965926 0.258819 0 -0.258819 0.965926 4070.dat
1 15 -30 -94.1724 -89.1818 1 0 0 0 0.965926 0.258819 0 -0.258819 0.965926 11477.dat
0 STEP
1 15 30 -47.6593 22.5882 0 0 -1 0.258819 0.965926 0 0.965926 -0.258819 0 6111.dat
1 15 30 -76.0179 9.4813 0 0 -1 0.258819 0.965926 0 0.965926 -0.258819 0 6111.dat
0 STEP
1 71 30 -6.3597 83.9913 0 0 -1 0.258819 0.965926 0 0.965926 -0.258819 0 3024.dat
1 71 30 -1.1833 103.3099 0 0 -1 0.258819 0.965926 0 0.965926 -0.258819 0 3024.dat
1 0 30 1.3677 81.9208 0 0 -1 0.258819 0.965926 0 0.965926 -0.258819 0 4073.dat
1 0 30 6.5441 101.2393 0 0 -1 0.258819 0.965926 0 0.965926 -0.258819 0 4073.dat
0 STEP
1 4 30 -32.093 111.5921 0 0 1 -0.258819 0.965926 0 -0.965926 -0.258819 0 3024.dat
1 0 30 -39.8204 113.6626 0 0 1 -0.258819 0.965926 0 -0.965926 -0.258819 0 3024.dat
1 15 30 -42.4085 104.0034 -1 0 0 0 0.965926 -0.258819 0 -0.258819 -0.965926 11477.dat
0 STEP
1 15 30 -73.5783 -105.0527 1 0 0 0 0.965926 0.258819 0 -0.258819 0.965926 24201.dat
1 72 30 -76.1294 -83.6637 0 0 -1 0.258819 0.965926 0 0.965926 -0.258819 0 3024.dat
1 71 30 -68.402 -85.7342 0 0 -1 0.258819 0.965926 0 0.965926 -0.258819 0 3024.dat
1 15 30 -96.7606 -98.8411 1 0 0 0 0.965926 0.258819 0 -0.258819 0.965926 4070.dat
1 15 30 -94.1724 -89.1818 1 0 0 0 0.965926 0.258819 0 -0.258819 0.965926 11477.dat
0 STEP
1 72 -30 -99.2744 -46.4037 0 0 1 -0.258819 0.965926 0 -0.965926 -0.258819 0 3023.dat
1 72 30 -99.2744 -46.4037 0 0 -1 0.258819 0.965926 0 0.965926 -0.258819 0 99781.dat
0 STEP
1 15 -20 -109.59 -53.9924 0 0 1 -0.258819 0.965926 0 -0.965926 -0.258819 0 15672.dat
1 15 20 -109.59 -53.9924 0 0 -1 0.258819 0.965926 0 0.965926 -0.258819 0 15672.dat
1 71 10 -114.7292 -42.2626 0 0 1 -0.258819 0.965926 0 -0.965926 -0.258819 0 92280.dat
1 71 -10 -114.7292 -42.2626 0 0 1 -0.258819 0.965926 0 -0.965926 -0.258819 0 92280.dat
0 STEP
1 15 -10 -119.8685 -30.5328 0 0 1 -0.258819 0.965926 0 -0.965926 -0.258819 0 28192.dat
1 15 -10 -106.9647 -13.2848 0 0 1 -0.258819 0.965926 0 -0.965926 -0.258819 0 28192.dat
1 15 -10 -101.7883 6.0337 0 0 1 -0.258819 0.965926 0 -0.965926 -0.258819 0 28192.dat
1 15 10 -119.8685 -30.5328 0 0 -1 0.258819 0.965926 0 0.965926 -0.258819 0 28192.dat
1 15 10 -106.9647 -13.2848 0 0 -1 0.258819 0.965926 0 0.965926 -0.258819 0 28192.dat
1 15 10 -101.7883 6.0337 0 0 -1 0.258819 0.965926 0 0.965926 -0.258819 0 28192.dat
0 STEP
1 15 -30 -70.8415 28.7999 0 0 1 -0.258819 0.965926 0 -0.965926 -0.258819 0 85984.dat
1 15 30 -70.8415 28.7998 0 0 -1 0.258819 0.965926 0 0.965926 -0.258819 0 85984.dat
1 15 30 -60.4887 67.4369 0 0 -1 0.258819 0.965926 0 0.965926 -0.258819 0 85984.dat
1 15 -30 -60.4887 67.4369 0 0 1 -0.258819 0.965926 0 -0.965926 -0.258819 0 85984.dat
1 15 -30 -50.136 106.0739 0 0 1 -0.258819 0.965926 0 -0.965926 -0.258819 0 85984.dat
0 STEP
0 !LEOCAD GROUP BEGIN Group #6
0 !LEOCAD PIECE PIVOT  0 2 -20 1 0 0 0 1 0 0 0 1
1 15 0 -142.9491 -53.6135 -1 0 0 0 0.258819 -0.965926 0 -0.965926 -0.258819 48336.dat
0 STEP
1 15 0 -150.5379 -63.929 1 0 0 0 0.258819 0.965926 0 -0.965926 0.258819 66956.dat
0 STEP
0 !LEOCAD GROUP END
0 !LEOCAD PIECE PIVOT  0 10 40 1 0 0 0 1 0 0 0 1
1 0 0 -41.0153 -130.393 -1 0 0 0 -1 0 0 0 1 08-heel.ldr
0 STEP
0 !LEOCAD PIECE PIVOT  0 10 40 1 0 0 0 1 0 0 0 1
1 0 0 -138.605 -78.6632 1 0 0 0 0.258819 0.965926 0 -0.965926 0.258819 09-toe.ldr
0 STEP
0 !LEOCAD PIECE PIVOT  0 -14 60 1 0 0 0 1 0 0 0 1
1 0 0 -24 120 -1 0 0 0 1 0 0 0 -1 11-01-knee.ldr
0 STEP
0 !LEOCAD GROUP BEGIN Group #2
1 0 0 -103.537 88.2587 1 0 0 0 0.258819 -0.965926 0 0.965926 0.258819 11-02-knee-cap.ldr
0 STEP
0 !LEOCAD GROUP END
0 NOFILE
0 FILE 10-02-shin.ldr
0 
0 Name: 10-02-shin.ldr
0 Author: Nathanel Titane // nathanel.titane@gmail.com // All Rights Reserved
1 15 0 -6.4712 -9.1536 0 0 1 -0.258819 0.965926 0 -0.965926 -0.258819 0 3795.dat
0 STEP
1 15 0 6.4326 8.0943 0 0 1 -0.258819 0.965926 0 -0.965926 -0.258819 0 11203.dat
1 15 0 -3.9202 -30.5427 0 0 1 -0.258819 0.965926 0 -0.965926 -0.258819 0 11203.dat
