0 FILE 00-instructions.ldr
0 Name: 00-instructions.ldr
0 Author: Nathanel Titane // nathanel.titane@gmail.com // All Rights Reserved
0
0 // LPUB[3D] FRONT COVER PAGE /////////////////////////////////////////////////
0
0 !LPUB PAGE DOCUMENT_TITLE_FRONT COLOR "#666666"
0 !LPUB PAGE DOCUMENT_TITLE_FRONT CONTENT GLOBAL "MODEL // TETSUHIME"
0 !LPUB PAGE DOCUMENT_TITLE_FRONT DISPLAY GLOBAL TRUE
0 !LPUB PAGE DOCUMENT_TITLE_FRONT FONT "Noto Sans,72,-1,0,75,0,0,0,0,0,Bold"
0 !LPUB PAGE DOCUMENT_TITLE_FRONT MARGINS 0.2500 0.1000
0 !LPUB PAGE DOCUMENT_TITLE_FRONT PLACEMENT GLOBAL TOP_LEFT PAGE INSIDE OFFSET 0.0000 0.0000

0 !LPUB PAGE DOCUMENT_AUTHOR_FRONT CONTENT GLOBAL "MODEL DESIGN AND INSTRUCTIONS // NATHANEL TITANE"
0 !LPUB PAGE DOCUMENT_AUTHOR_FRONT COLOR "#666666"
0 !LPUB PAGE DOCUMENT_AUTHOR_FRONT DISPLAY GLOBAL TRUE
0 !LPUB PAGE DOCUMENT_AUTHOR_FRONT FONT "Noto Sans,18,-1,0,75,0,0,0,0,0,Bold"
0 !LPUB PAGE DOCUMENT_AUTHOR_FRONT MARGINS 0.3000 1.0000
0 !LPUB PAGE DOCUMENT_AUTHOR_FRONT PLACEMENT TOP_LEFT PAGE INSIDE OFFSET 0.0000 0.0000

0 !LPUB PAGE MODEL_PARTS COLOR "#666666"
0 !LPUB PAGE MODEL_PARTS CONTENT GLOBAL "562 PIECES"
0 !LPUB PAGE MODEL_PARTS DISPLAY GLOBAL TRUE
0 !LPUB PAGE MODEL_PARTS FONT "Noto Sans,72,-1,0,75,0,0,0,0,0,Bold"
0 !LPUB PAGE MODEL_PARTS MARGINS 0.2500 0.1000
0 !LPUB PAGE MODEL_PARTS PLACEMENT GLOBAL BOTTOM_LEFT PAGE INSIDE OFFSET 0.0000 0.0000

0 !LPUB PAGE PUBLISH_DESCRIPTION COLOR "#666666"
0 !LPUB PAGE PUBLISH_DESCRIPTION CONTENT GLOBAL "LEGO // LINUX - Where Lego and Linux Meet"
0 !LPUB PAGE PUBLISH_DESCRIPTION DISPLAY GLOBAL TRUE
0 !LPUB PAGE PUBLISH_DESCRIPTION FONT "Noto Sans,36,-1,0,75,0,0,0,0,0,Bold"
0 !LPUB PAGE PUBLISH_DESCRIPTION MARGINS 0.2000 0.2000
0 !LPUB PAGE PUBLISH_DESCRIPTION PLACEMENT GLOBAL BOTTOM_RIGHT PAGE INSIDE OFFSET 0.0000 0.0000
0
0 // LPUB[3D] BACK COVER PAGE //////////////////////////////////////////////////
0
0 // LPUB[3D] DOCUMENT DISCLAIMER
0 !LPUB PAGE LEGO_DISCLAIMER COLOR "#666666"
0 !LPUB PAGE LEGO_DISCLAIMER CONTENT GLOBAL "LEGO® // REGISTERED TRADEMARK OF THE LEGO GROUP"
0 !LPUB PAGE LEGO_DISCLAIMER DISPLAY GLOBAL TRUE
0 !LPUB PAGE LEGO_DISCLAIMER FONT "Noto Sans,36,-1,0,75,0,0,0,0,0,Bold"
0 !LPUB PAGE LEGO_DISCLAIMER PLACEMENT GLOBAL CENTER PAGE INSIDE OFFSET 0.0000 -0.2500
0
0 // LPUB[3D] PAGE DOCUMENT AUTHOR
0 !LPUB PAGE DOCUMENT_AUTHOR_BACK COLOR "#666666"
0 !LPUB PAGE DOCUMENT_AUTHOR_BACK CONTENT GLOBAL "MODEL DESIGN AND INSTRUCTIONS // NATHANEL TITANE"
0 !LPUB PAGE DOCUMENT_AUTHOR_BACK DISPLAY GLOBAL TRUE
0 !LPUB PAGE DOCUMENT_AUTHOR_BACK FONT "Noto Sans,36,-1,0,75,0,0,0,0,0,Bold"
0 !LPUB PAGE DOCUMENT_AUTHOR_BACK PLACEMENT CENTER PAGE INSIDE OFFSET 0.0000 -0.2000
0
0 // LPUB[3D] PAGE PUBLICATION COPYRIGHT
0 !LPUB PAGE PUBLISH_COPYRIGHT_BACK COLOR "#666666"
0 !LPUB PAGE PUBLISH_COPYRIGHT_BACK CONTENT GLOBAL "COPYRIGHT // ALL RIGHTS RESERVED"
0 !LPUB PAGE PUBLISH_COPYRIGHT_BACK DISPLAY GLOBAL TRUE
0 !LPUB PAGE PUBLISH_COPYRIGHT_BACK FONT "Noto Sans,36,-1,0,75,0,0,0,0,0,Bold"
0 !LPUB PAGE PUBLISH_COPYRIGHT_BACK PLACEMENT GLOBAL CENTER PAGE INSIDE OFFSET 0.0000 -0.1500
0
0 // LPUB[3D] PAGE PUBLICATION EMAIL
0 !LPUB PAGE PUBLISH_EMAIL_BACK COLOR "#666666"
0 !LPUB PAGE PUBLISH_EMAIL_BACK CONTENT GLOBAL "CONTACT // NATHANEL.TITANE@GMAIL.COM // INFO@LEGOLINUX.COM"
0 !LPUB PAGE PUBLISH_EMAIL_BACK DISPLAY GLOBAL TRUE
0 !LPUB PAGE PUBLISH_EMAIL_BACK FONT "Noto Sans,18,-1,0,75,0,0,0,0,0,Bold"
0 !LPUB PAGE PUBLISH_EMAIL_BACK PLACEMENT GLOBAL CENTER PAGE INSIDE OFFSET 0.0000 -0.0500
0
0 // LPUB[3D] PAGE PUBLICATION URL
0 !LPUB PAGE PUBLISH_URL_BACK COLOR "#666666"
0 !LPUB PAGE PUBLISH_URL_BACK CONTENT GLOBAL "WEB // HTTPS://LEGOLINUX.COM/MODELS/ARMORED-KNIGHTS/TETSUHIME"
0 !LPUB PAGE PUBLISH_URL_BACK DISPLAY GLOBAL TRUE
0 !LPUB PAGE PUBLISH_URL_BACK FONT "Noto Sans,18,-1,0,75,0,0,0,0,0,Bold"
0 !LPUB PAGE PUBLISH_URL_BACK PLACEMENT GLOBAL CENTER PAGE INSIDE OFFSET 0.0000 -0.0250
0
0 // LPUB[3D] PAGE LOGO
0 !LPUB PAGE DOCUMENT_LOGO_BACK DISPLAY GLOBAL TRUE
0 !LPUB PAGE DOCUMENT_LOGO_BACK FILE GLOBAL "/media/internal/Lego/lpub3d/instructions/logo.png"
0 !LPUB PAGE DOCUMENT_LOGO_BACK PLACEMENT CENTER PAGE INSIDE OFFSET 0.0000 0.45000
0 !LPUB PAGE DOCUMENT_LOGO_BACK SCALE GLOBAL  1.0000
0
0 // LPUB[3D] CONFIGURATION ////////////////////////////////////////////////////
0
0 // LPUB[3D] PAGE WATERMARK
0 !LPUB PAGE PUBLISH_EMAIL CONTENT GLOBAL "CONTACT // NATHANEL.TITANE@GMAIL.COM // INFO@LEGOLINUX.COM"
0 !LPUB PAGE PUBLISH_EMAIL COLOR "#666666"
0 !LPUB PAGE PUBLISH_EMAIL DISPLAY GLOBAL TRUE
0 !LPUB PAGE PUBLISH_EMAIL FONT "Noto Sans,18,-1,0,75,0,0,0,0,0,Bold"
0 !LPUB PAGE PUBLISH_EMAIL MARGINS 0.0000 0.1500
0 !LPUB PAGE PUBLISH_EMAIL PLACEMENT GLOBAL BOTTOM PAGE INSIDE OFFSET 0.0000 0.0000
0 !LPUB PAGE DOCUMENT_AUTHOR CONTENT GLOBAL "MODEL DESIGN AND INSTRUCTIONS // NATHANEL TITANE"
0 !LPUB PAGE DOCUMENT_AUTHOR COLOR "#666666"
0 !LPUB PAGE DOCUMENT_AUTHOR DISPLAY GLOBAL TRUE
0 !LPUB PAGE DOCUMENT_AUTHOR FONT "Noto Sans,18,-1,0,75,0,0,0,0,0,Bold"
0 !LPUB PAGE DOCUMENT_AUTHOR MARGINS 0.0000 0.2000
0 !LPUB PAGE DOCUMENT_AUTHOR PLACEMENT GLOBAL TOP PAGE INSIDE OFFSET 0.0000 0.0000
0
0 // LPUB[3D] STEPS HIGHLIGHT
0 !LPUB HIGHLIGHT_STEP ENABLED GLOBAL TRUE
0 !LPUB HIGHLIGHT_STEP COLOR GLOBAL "#7137C8"
0
0 // LPUB[3D] STEP FADE
0 !LPUB FADE_STEP OPACITY GLOBAL "50"
0 !LPUB FADE_STEP COLOR GLOBAL "Trans_Black"
0 !LPUB FADE_STEP ENABLED GLOBAL TRUE
0 !LPUB FINAL_MODEL_ENABLED GLOBAL TRUE
0
0 // LPUB[3D] SUBMODEL PREVIEW
0 !LPUB SUBMODEL_DISPLAY SHOW GLOBAL TRUE
0 !LPUB SUBMODEL_DISPLAY BACKGROUND COLOR "#DDDDDD"
0 !LPUB SUBMODEL_DISPLAY MARGINS 0.1500 0.7500
0 !LPUB SUBMODEL_DISPLAY BORDER SQUARE 0 Black 0.031 MARGINS 0.050 0.050
0 !LPUB SUBMODEL_DISPLAY PLACEMENT GLOBAL LEFT PAGE INSIDE
0 !LPUB SUBMODEL_DISPLAY CAMERA_ANGLES 30.0000 45.0000
0
0 // LPUB[3D] ASSEMBLIES
0 !LPUB ASSEM CAMERA_ANGLES 30.0000 45.0000
0 !LPUB ASSEM MARGINS 0.5000 0.5000
0 !LPUB ASSEM MODEL_SCALE 1.0000
0 !LPUB ASSEM PLACEMENT CENTER PAGE INSIDE OFFSET 0.0000 0.0000
0
0 // LPUB[3D] BILL OF MATERIALS
0 !LPUB BOM BACKGROUND COLOR "#DDDDDD"
0 !LPUB BOM BORDER SQUARE 0 #666666 0.025 MARGINS 0.050 0.050
0 !LPUB BOM CONSTRAIN HEIGHT 13.0000
0 !LPUB BOM CONSTRAIN SQUARE
0 !LPUB BOM PLACEMENT CENTER PAGE INSIDE OFFSET 0.0000 0.0000
0
0 // LPUB[3D] CALLOUTS
0 !LPUB CALLOUT BORDER SQUARE 0 #666666 0.025 MARGINS 0.050 0.050
0 !LPUB CALLOUT MARGINS 0.1250 0.1250
0 !LPUB CALLOUT PLACEMENT RIGHT PAGE INSIDE OFFSET 0.0000 0.0000
0
0 // LPUB[3D] PAGE
0 !LPUB PAGE DOCUMENT_COVER_IMAGE DISPLAY GLOBAL TRUE
0 !LPUB PAGE DOCUMENT_COVER_IMAGE FILE GLOBAL "../renders/flat/flat.png"
0 !LPUB PAGE DOCUMENT_COVER_IMAGE FILL GLOBAL ASPECT
0 !LPUB PAGE DOCUMENT_COVER_IMAGE MARGINS GLOBAL 0.0000 0.0000
0 !LPUB PAGE DOCUMENT_COVER_IMAGE PLACEMENT GLOBAL CENTER PAGE INSIDE OFFSET 0.0000 0.0000
0 !LPUB PAGE DOCUMENT_COVER_IMAGE SCALE GLOBAL 1.0000
0
0 // LPUB[3D] PAGE NUMBER
0 !LPUB PAGE NUMBER FONT "Noto Sans,36,-1,0,75,0,0,0,0,0,Bold"
0 !LPUB PAGE NUMBER FONT_COLOR "#666666"
0 !LPUB PAGE NUMBER MARGINS 0.1250 0.1250
0 !LPUB PAGE NUMBER PLACEMENT BOTTOM_RIGHT PAGE INSIDE OFFSET 0.0000 0.0000
0
0 // LPUB[3D] PAGE SETUP
0 !LPUB PAGE BORDER GLOBAL NONE 0 MARGINS 0.000 0.000
0 !LPUB PAGE ENABLE_TEXT_PLACEMENT GLOBAL CENTER PAGE INSIDE OFFSET 0.0000 0.0000
0 !LPUB PAGE TEXT_PLACEMENT GLOBAL TRUE
0 !LPUB PAGE PAGE_FOOTER SIZE GLOBAL 32.0000 0.5000
0 !LPUB PAGE PAGE_HEADER SIZE GLOBAL 32.0000 0.5000
0 !LPUB PAGE MARGINS GLOBAL 0.0000 0.0000
0 !LPUB PAGE ORIENTATION GLOBAL LANDSCAPE
0 !LPUB PAGE SIZE GLOBAL 16.0000 32.0000
0
0 // LPUB[3D] PAGE COLORS
0 !LPUB PAGE SUBMODEL_BACKGROUND_COLOR GLOBAL "#DDDDDD" "#FFE680" "#FFAAAA" "#C6AFE9"
0
0 // LPUB[3D] SUBMODELS
0 !LPUB PAGE SUBMODEL_INSTANCE_COUNT FONT_COLOR "#FF5555"
0 !LPUB PAGE SUBMODEL_INSTANCE_COUNT FONT "Noto Sans,72,-1,0,75,0,0,0,0,0,Bold"
0 !LPUB PAGE SUBMODEL_INSTANCE_COUNT MARGINS 0.0000 0.1250
0 !LPUB PAGE SUBMODEL_INSTANCE_COUNT PLACEMENT BOTTOM_RIGHT PAGE INSIDE OFFSET 0.0000 -0.0500
0
0 // LPUB[3D] PARTS LIST
0 !LPUB PLI BACKGROUND COLOR "#DDDDDD"
0 !LPUB PLI BORDER SQUARE 0 #666666 0.025 MARGINS 0.0500 0.050
0 !LPUB PLI CAMERA_ANGLES 30.0000 45.0000
0 !LPUB PLI CONSTRAIN HEIGHT 5.0000
0 !LPUB PLI MODEL_SCALE  1.0000
0 !LPUB PLI MARGINS 0.1500 0.7500
0 !LPUB PLI PLACEMENT TOP_RIGHT PAGE INSIDE OFFSET 0.0000 0.0000
0 !LPUB PLI INSTANCE_COUNT FONT "Noto Sans,36,-1,0,75,0,0,0,0,0,Bold"
0 !LPUB PLI INSTANCE_COUNT FONT_COLOR "#666666"
0 !LPUB PLI INSTANCE_COUNT MARGINS 0.0125 0.0125
0 !LPUB PLI INSTANCE_COUNT MARGINS 0.0125 0.3000
0
0 // LPUB[3D] STEP NUMBER
0 !LPUB STEP_NUMBER FONT "Noto Sans,72,-1,0,75,0,0,0,0,0,Bold"
0 !LPUB STEP_NUMBER FONT_COLOR "#666666"
0 !LPUB STEP_NUMBER MARGINS 0.1250 0.0000
0 !LPUB STEP_NUMBER PLACEMENT TOP_LEFT PAGE INSIDE OFFSET 0.0000 0.0000
0
0 // LPUB[3D] BEGIN INSTRUCTIONS ///////////////////////////////////////////////
0
0 STEP
0 !LPUB INSERT COVER_PAGE FRONT
0 STEP
0 !LPUB ASSEM MODEL_SCALE LOCAL 0.7500
1 0 0 0 0 1 0 0 0 1 0 0 0 1 00-model.ldr
0 STEP
0
0 // LPUB[3D] DISABLE FINAL MODEL SHOWCASE /////////////////////////////////////
0
0 !LPUB NOSTEP
0
0 // LPUB[3D] BOM PAGES
0 STEP
0 !LPUB INSERT PAGE
0 !LPUB INSERT BOM
0 STEP
0 !LPUB INSERT PAGE
0 !LPUB INSERT BOM
0 STEP
0 !LPUB INSERT PAGE
0 !LPUB INSERT BOM
0 STEP
0 !LPUB INSERT PAGE
0 !LPUB INSERT BOM
0 STEP
0 !LPUB INSERT PAGE
0 !LPUB INSERT BOM
0 STEP
0 !LPUB INSERT PAGE
0 !LPUB INSERT BOM
0 STEP
0 !LPUB INSERT PAGE
0 !LPUB INSERT BOM
0 STEP
0 !LPUB INSERT PAGE
0 !LPUB INSERT BOM
0 STEP
0 !LPUB INSERT PAGE
0 !LPUB INSERT BOM
0 STEP
0 !LPUB INSERT PAGE
0 !LPUB INSERT BOM
0 STEP
0 !LPUB INSERT PAGE
0 !LPUB INSERT BOM
0 STEP
0 !LPUB INSERT PAGE
0 !LPUB INSERT BOM
0 STEP
0
0 !LPUB NOSTEP
0
0 !LPUB INSERT COVER_PAGE BACK
0
0 // LPUB[3D] END INSTRUCTIONS /////////////////////////////////////////////////
0
0 NOFILE
0 FILE 00-model.ldr
0 
0 Name: 00-model.ldr
0 Author: Nathanel Titane // nathanel.titane@gmail.com // All Rights Reserved
1 0 0 0 0 1 0 0 0 1 0 0 0 1 05-waist.ldr
0 STEP
1 0 -400 232 0 1 0 0 0 1 0 0 0 1 15-sword.ldr
0 STEP
0 NOFILE
0 FILE 01-foot.ldr
0 
0 Name: 01-foot.ldr
0 Author: Nathanel Titane // nathanel.titane@gmail.com // All Rights Reserved
1 0 0 0 0 1 0 0 0 1 0 0 0 1 49668.dat
1 0 0 0 30 0.000235 0 1 0 1 0 -1 0 0.000235 3023.dat
0 STEP
1 0 0 -8 40 -1 0 -0.000053 0 1 0 0.000053 0 -1 4081b.dat
1 0 -12 -6 60 0.0004 1 0 -1 0.0004 0 0 0 1 4073.dat
1 0 12 -6 60 -0.000312 -1 -0.000069 -1 0.000312 -0.000005 0.000005 0.000069 -1 4073.dat
0 STEP
1 71 0 -24 20 1 0 0 0 1 0 0 0 1 50950.dat
0 STEP
1 71 -20.0003 -36.981 53.6613 0.000269 1 0.000067 0.499911 -0.000076 -0.866077 -0.866077 0.000267 -0.499911 41769.dat
1 72 -28.0003 -45.6413 48.6615 0.000269 1 0.000067 0.499911 -0.000076 -0.866077 -0.866077 0.000267 -0.499911 43722.dat
0 STEP
1 72 -20 -14.6604 55.0003 0.000269 1 0.000067 0.499911 -0.000076 -0.866077 -0.866077 0.000267 -0.499911 11477.dat
1 71 -36 -57.9624 30.0015 0.000269 1 0.000067 0.499911 -0.000076 -0.866077 -0.866077 0.000267 -0.499911 98138.dat
1 71 -36 -40.6415 40.0009 0.000269 1 0.000067 0.499911 -0.000076 -0.866077 -0.866077 0.000267 -0.499911 98138.dat
0 STEP
1 0 0 -32.3739 21.6806 -1 -0.000103 -0.000386 -0.000282 0.86603 0.499992 0.000282 0.499992 -0.86603 4081b.dat
1 0 12 -40.6417 40.0012 -0.000255 -1 -0.000248 -0.866159 0.000097 0.499769 -0.499769 0.000342 -0.866159 4073.dat
1 0 -12 -40.6417 40.0012 0.000571 1 -0.000055 -0.866002 0.000467 -0.50004 -0.50004 0.000333 0.866003 4073.dat
1 72 0 -20.4458 17.0203 1 0 0 0 0.866034 -0.499985 0 0.499985 0.866034 11477.dat
0 STEP
1 0 0.0005 -77.9625 28.002 1 0 0 0 0.000079 -1 0 1 0.000079 4081b.dat
1 0 -11.9984 -57.9619 30.0015 0.000681 1 0.000122 0.000072 0.000122 -1 -1 0.00068 -0.000072 4073.dat
1 0 12.0016 -57.9631 30.0015 -0.000555 -1 -0.000169 -0.000575 -0.000169 1 -1 0.000555 -0.000575 4073.dat
1 71 0 -87.9623 36.0023 -1 0.00001 -0.000489 -0.000489 0.000027 1 0.00001 1 -0.000026 11477.dat
0 STEP
1 0 0 -77.9623 36.002 -1 0.00001 -0.000673 -0.000673 0.000026 1 0.00001 1 -0.000027 87087.dat
1 72 0.0005 -77.9617 60.002 1 0 0 0 0.000079 -1 0 1 0.000079 60477.dat
1 72 0 -57.9611 84.0015 1 0 0 0 0.000079 -1 0 1 0.000079 4287.dat
1 72 0 -87.9611 84.0023 -1 -0.00001 0.000673 0.000673 0.000026 1 -0.00001 1 -0.000027 92946.dat
1 72 0.0005 -97.9608 92.0026 1 0 0 0 0.000079 -1 0 1 0.000079 3665.dat
0 STEP
1 71 20.0003 -36.981 53.6614 0.00019 -1 -0.000067 -0.499911 -0.000037 -0.866077 0.866077 0.000198 -0.499911 41770.dat
1 72 28.0003 -45.6413 48.6615 0.00019 -1 -0.000067 -0.499911 -0.000037 -0.866077 0.866077 0.000198 -0.499911 43723.dat
0 STEP
1 72 20 -14.6604 55.0003 0.00019 -1 -0.000067 -0.499911 -0.000037 -0.866077 0.866077 0.000198 -0.499911 11477.dat
1 71 36 -57.9624 30.0015 0.00019 -1 -0.000067 -0.499911 -0.000037 -0.866077 0.866077 0.000198 -0.499911 98138.dat
1 71 36 -40.6415 40.0009 0.00019 -1 -0.000067 -0.499911 -0.000037 -0.866077 0.866077 0.000198 -0.499911 98138.dat
0 STEP
1 71 0 -101 46 0.000026 0 1 0 1 0 -1 0 0.000026 4697b.dat
1 0 -19 -101 46 0.000026 1 -0.000026 -1 0.000026 -0.000026 -0.000026 0.000026 1 41677.dat
1 0 -9 -101 46 0.000026 1 -0.000026 -1 0.000026 -0.000026 -0.000026 0.000026 1 41677.dat
0 STEP
1 71 0 -101 66 0.000026 0.000053 -1 0 -1 -0.000053 -1 0 -0.000026 4697b.dat
1 0 9 -101 46 0.000026 1 -0.000026 -1 0.000026 -0.000026 -0.000026 0.000026 1 41677.dat
1 0 19 -101 46 0.000026 1 -0.000026 -1 0.000026 -0.000026 -0.000026 0.000026 1 41677.dat
0 NOFILE
0 FILE 02-01-shin.ldr
0 
0 Name: 02-01-shin.ldr
0 Author: Nathanel Titane // nathanel.titane@gmail.com // All Rights Reserved
1 0 0 0 0 0.707116 -0.000037 -0.707098 -0.000053 -1 0 -0.707098 0.000037 -0.707116 4733.dat
1 72 -12.73 -59.9991 12.7303 -0.000037 0.707098 0.707116 -1 -0.000079 0.000026 0.000074 -0.707116 0.707098 6636.dat
1 72 12.7255 -60 12.7303 -0.000001 -0.707098 0.707116 -1 -0.000026 -0.000027 0.000037 -0.707116 -0.707098 6636.dat
1 0 -0.0049 -120 0.0049 0.707116 0.000075 -0.707098 0 1 0.000106 0.707098 -0.000075 0.707116 4733.dat
0 STEP
1 72 -12.7303 -60 -12.7255 0.000037 0.707098 0.707116 1 0 -0.000053 -0.000037 0.707116 -0.707098 3666.dat
1 72 12.7252 -60.001 -12.7262 0.000037 -0.707098 0.707116 1 0.000053 0 -0.000037 0.707116 0.707098 3666.dat
0 STEP
1 72 -29.7016 -110.0001 -29.6954 0.707116 0.707098 -0.000019 -0.000027 0 -1 -0.707098 0.707116 0.000019 60477.dat
1 72 -29.7016 -110 -29.6954 0.000057 0.707098 0.707116 1 0 -0.00008 -0.000057 0.707116 -0.707098 54200.dat
1 71 -29.6999 -20 -29.697 0.000037 0.707098 0.707116 1 0 -0.000053 -0.000037 0.707116 -0.707098 3049c.dat
0 STEP
1 72 29.6946 -110.0023 -29.6942 0.707116 -0.707098 -0.000019 0.000026 0.000053 -1 0.707098 0.707116 0.000056 60477.dat
1 72 29.6946 -110.0023 -29.6942 -0.000094 -0.707135 -0.707079 -1 0.000106 0.000027 0.000056 0.707079 -0.707135 54200.dat
1 71 29.6963 -20.0022 -29.6992 -0.000075 -0.707135 -0.707079 -1 0.000106 0 0.000075 0.707079 -0.707135 3049c.dat
0 STEP
1 71 0 -133 0 -0.000079 0 -1 0 1 0 1 0 -0.000079 4697b.dat
1 0 -9 -133 -0.0005 -0.000026 -1 0.000079 -1 0.000026 -0.000026 0.000026 -0.000079 -1 41677.dat
1 0 -19 -133 -0.001 -0.000026 -1 0.000079 -1 0.000026 -0.000026 0.000026 -0.000079 -1 41677.dat
0 STEP
1 71 0.0011 -133 -20 -0.000079 -0.000053 1 0 -1 -0.000053 1 0 0.000079 4697b.dat
1 0 19 -133 0.001 -0.000026 -1 0.000079 -1 0.000026 -0.000026 0.000026 -0.000079 -1 41677.dat
1 0 9 -133 0.0005 -0.000026 -1 0.000079 -1 0.000026 -0.000026 0.000026 -0.000079 -1 41677.dat
0 STEP
1 0 -17.0818 114 -63.7512 0.965927 0 0.258815 0 1 0 -0.258815 0 0.965927 01-foot.ldr
0 NOFILE
0 FILE 02-02-shin.ldr
0 
0 Name: 02-02-shin.ldr
0 Author: Nathanel Titane // nathanel.titane@gmail.com // All Rights Reserved
1 0 0 0 0 0.707116 -0.000038 -0.707098 -0.000054 -1 0 -0.707098 0.000038 -0.707116 4733.dat
1 72 -12.73 -59.9991 12.7303 -0.000037 0.707098 0.707116 -1 -0.000079 0.000026 0.000074 -0.707116 0.707098 6636.dat
1 72 12.7255 -60 12.7303 -0.000001 -0.707098 0.707116 -1 -0.000026 -0.000027 0.000037 -0.707116 -0.707098 6636.dat
1 0 -0.0049 -120 0.0049 0.707116 0.000075 -0.707098 0 1 0.000106 0.707098 -0.000075 0.707116 4733.dat
0 STEP
1 72 -12.7303 -60 -12.7255 0.000037 0.707098 0.707116 1 0 -0.000053 -0.000037 0.707116 -0.707098 3666.dat
1 72 12.7252 -60.001 -12.7262 0.000037 -0.707098 0.707116 1 0.000053 0 -0.000037 0.707116 0.707098 3666.dat
0 STEP
1 72 -29.7016 -110.0001 -29.6954 0.707116 0.707098 -0.000019 -0.000027 0 -1 -0.707098 0.707116 0.000019 60477.dat
1 72 -29.7016 -110 -29.6954 0.000057 0.707098 0.707116 1 0 -0.00008 -0.000057 0.707116 -0.707098 54200.dat
1 71 -29.6999 -20 -29.697 0.000037 0.707098 0.707116 1 0 -0.000053 -0.000037 0.707116 -0.707098 3049c.dat
0 STEP
1 72 29.6946 -110.0023 -29.6942 0.707116 -0.707098 -0.000019 0.000026 0.000053 -1 0.707098 0.707116 0.000056 60477.dat
1 72 29.6946 -110.0023 -29.6942 -0.000094 -0.707135 -0.707079 -1 0.000106 0.000027 0.000056 0.707079 -0.707135 54200.dat
1 71 29.6963 -20.0022 -29.6992 -0.000075 -0.707135 -0.707079 -1 0.000106 0 0.000075 0.707079 -0.707135 3049c.dat
0 STEP
1 71 0 -133 0 -0.000079 0 -1 0 1 0 1 0 -0.000079 4697b.dat
1 0 -9 -133 -0.0005 -0.000026 -1 0.000079 -1 0.000026 -0.000026 0.000026 -0.000079 -1 41677.dat
1 0 -19 -133 -0.001 -0.000026 -1 0.000079 -1 0.000026 -0.000026 0.000026 -0.000079 -1 41677.dat
0 STEP
1 71 0.0011 -133 -20 -0.000079 -0.000053 1 0 -1 -0.000053 1 0 0.000079 4697b.dat
1 0 19 -133 0.001 -0.000026 -1 0.000079 -1 0.000026 -0.000026 0.000026 -0.000079 -1 41677.dat
1 0 9 -133 0.0005 -0.000026 -1 0.000079 -1 0.000026 -0.000026 0.000026 -0.000079 -1 41677.dat
0 STEP
1 0 17.0807 113.9987 -63.7538 0.965925 -0.000013 -0.258823 0.000019 1 0.00002 0.258823 -0.000024 0.965925 01-foot.ldr
0 NOFILE
0 FILE 03-01-thigh.ldr
0 
0 Name: 03-01-thigh.ldr
0 Author: Nathanel Titane // nathanel.titane@gmail.com // All Rights Reserved
1 0 0.0021 38.0008 -10.0019 -1 -0.000053 0 0 -0.000079 1 -0.000053 1 0.000079 4733.dat
1 72 0 55.9984 49.999 0.000027 0 -1 0.000053 -1 0 -1 -0.000053 -0.000027 6636.dat
1 0 -0.0021 47.9963 69.9986 -1 0 -0.000053 0 -1 -0.000053 -0.000053 -0.000053 1 4595.dat
0 STEP
1 0 -0.0022 27.9999 97.9997 -0.000026 -0.000053 1 -1 -0.000026 -0.000026 0.000026 -1 -0.000053 60478.dat
1 72 -0.0018 28.0007 105.9992 1 -0.000053 -0.000053 0.000053 -0.000026 1 -0.000053 -1 -0.000026 92946.dat
0 STEP
1 72 -0.0011 38.0008 129.9995 0.000079 -0.000053 1 -1 -0.000026 0.000079 0.000026 -1 -0.000053 30241.dat
1 72 -0.0013 38.001 129.9995 1 -0.000053 -0.000079 0.000079 -0.000026 1 -0.000053 -1 -0.000026 54200.dat
0 !LEOCAD PIECE PIVOT  30 2 0 1 0 0 0 1 0 0 0 1
1 72 -29.699 66.4577 118.0007 0.25879 0.965934 0.000056 -0.965934 0.25879 0.000097 0.000079 -0.000079 1 60478.dat
1 71 -58.0567 79.5661 118.0015 0.000063 0.965934 -0.25879 0.000072 0.25879 0.965934 1 -0.00008 -0.000053 61678.dat
0 STEP
1 0 -0.0021 17.9997 90 -1 0.000053 0 0 0.000026 -1 -0.000053 -1 -0.000026 4733.dat
1 72 0 0 30 -0.000079 0 -1 0 1 0 1 0 -0.000079 6636.dat
1 0 0.0021 8 10 -1 0 0.000053 0 1 0 -0.000053 0 -1 4595.dat
0 STEP
1 72 0 17.9991 -34 1 0 0 0 0.000026 -1 0 1 0.000026 3005.dat
1 320 0 17.9989 -42 1 0 0 0 0.000026 -1 0 1 0.000026 3024.dat
1 297 0 17.9989 -42 1 0 -0.000026 -0.000026 0.000026 -1 0 1 0.000026 54200.dat
0 STEP
1 72 -18 28 10 0 1 0.000026 0.000079 0.000026 -1 -1 0 -0.000079 51739.dat
1 72 -18 28 70 0 1 -0.000026 -0.000132 0.000026 1 1 0 0.000132 51739.dat
0 STEP
1 71 -26.0003 37.9998 70 0 1 0.000026 -0.000026 0.000026 -1 -1 0 0.000026 48336.dat
1 71 -50.0003 37.9992 70 0 1 -0.000026 -0.000026 0.000026 1 1 0 0.000026 3049c.dat
1 71 -41.9998 17.9994 70 0 1 -0.000026 -0.000132 0.000026 1 1 0 0.000132 3048b.dat
0 STEP
1 71 -26.0003 37.9998 10 0 1 0.000026 -0.000026 0.000026 -1 -1 0 0.000026 48336.dat
1 71 -50.0003 37.9992 10 0 1 -0.000026 -0.000026 0.000026 1 1 0 0.000026 3049c.dat
1 71 -41.9997 17.9994 10 0 1 -0.000026 -0.000132 0.000026 1 1 0 0.000132 3048b.dat
0 STEP
1 0 18 28 70 0 -1 0.000026 -0.000079 0.000026 1 -1 0 -0.000079 51739.dat
1 0 26.0003 37.999 80.0005 0 -1 -0.000026 -0.000079 0.000026 -1 1 0 -0.000079 2555.dat
1 0 25.9997 17.999 79.9989 0 -1 -0.000026 -0.000079 0.000026 -1 1 0 -0.000079 2555.dat
0 STEP
1 72 18 28 10 0 -1 -0.000026 0.000026 0.000026 -1 1 0 0.000026 51739.dat
1 72 26 27.9998 29.9997 0 -1 -0.000026 -0.000079 0.000026 -1 1 0 -0.000079 87079.dat
0 STEP
1 0 0 58 -158 1 0 0 0 0.000026 1 0 -1 0.000026 02-01-shin.ldr
0 STEP
1 0 0 -7.1962 99 -1 0.000053 0 -0.000046 -0.86603 0.499992 0.000026 0.499992 0.86603 04-front-skirt.ldr
0 NOFILE
0 FILE 03-02-thigh.ldr
0 
0 Name: 03-02-thigh.ldr
0 Author: Nathanel Titane // nathanel.titane@gmail.com // All Rights Reserved
1 0 0.0021 38.0008 -10.0019 -1 -0.000053 0 0 -0.000079 1 -0.000053 1 0.000079 4733.dat
1 72 0 55.9984 49.999 0.000027 0 -1 0.000053 -1 0 -1 -0.000053 -0.000027 6636.dat
1 0 -0.0021 47.9963 69.9986 -1 0 -0.000053 0 -1 -0.000053 -0.000053 -0.000053 1 4595.dat
0 STEP
1 0 -0.0022 27.9999 97.9997 -0.000026 -0.000053 1 -1 -0.000026 -0.000026 0.000026 -1 -0.000053 60478.dat
1 72 -0.0018 28.0007 105.9992 1 -0.000053 -0.000053 0.000053 -0.000026 1 -0.000053 -1 -0.000026 92946.dat
0 STEP
1 72 -0.0011 38.0008 129.9995 -0.000079 -0.000053 -1 1 -0.000026 -0.000079 -0.000026 -1 0.000053 30241.dat
1 72 -0.0013 38.001 129.9995 1 -0.000053 -0.000079 0.000079 -0.000026 1 -0.000053 -1 -0.000026 54200.dat
0 !LEOCAD PIECE PIVOT  30 2 0 1 0 0 0 1 0 0 0 1
1 72 29.6973 66.4637 118.0016 -0.258848 -0.965918 -0.00005 -0.965918 0.258848 0.000045 -0.000031 0.00006 -1 60478.dat
1 71 58.0558 79.5704 118.0003 -0.000057 -0.965918 0.258848 0.00002 0.258848 0.965918 -1 0.00006 0.000005 61678.dat
0 STEP
1 0 -0.0021 17.9997 90 -1 0.000053 0 0 0.000026 -1 -0.000053 -1 -0.000026 4733.dat
1 72 0 0 30 -0.000079 0 -1 0 1 0 1 0 -0.000079 6636.dat
1 0 0.0021 8 10 -1 0 0.000053 0 1 0 -0.000053 0 -1 4595.dat
0 STEP
1 72 0 17.9991 -34 -1 0 0 0 0.000026 1 0 1 -0.000026 3005.dat
1 320 0 17.9989 -42 1 0 0 0 0.000026 -1 0 1 0.000026 3024.dat
1 297 0 17.9989 -42 1 0 -0.000026 -0.000026 0.000026 -1 0 1 0.000026 54200.dat
0 STEP
1 72 18.0005 28.0005 9.9979 0 -1 0.000026 0.000131 -0.000026 -1 1 0 0.000131 51739.dat
1 72 18.0005 28.0036 69.9979 0 -1 -0.000026 -0.000184 -0.000026 1 -1 0 -0.000184 51739.dat
0 STEP
1 71 26.0008 18.0038 69.9984 0 -1 0.000026 0.000026 -0.000026 -1 1 0 0.000026 48336.dat
1 71 50.0008 18.0044 69.9984 0 -1 -0.000026 -0.000078 -0.000026 1 -1 0 -0.000078 3049c.dat
1 71 42.0003 38.0042 69.9974 0 -1 -0.000026 -0.000184 -0.000026 1 -1 0 -0.000184 3048b.dat
0 STEP
1 71 26.0008 18.0007 9.9984 0 -1 0.000026 0.000026 -0.000026 -1 1 0 0.000026 48336.dat
1 71 50.0008 18.0013 9.9984 0 -1 -0.000026 -0.000078 -0.000026 1 -1 0 -0.000078 3049c.dat
1 71 42.0002 38.0011 9.9974 0 -1 -0.000026 -0.000184 -0.000026 1 -1 0 -0.000184 3048b.dat
0 STEP
1 0 -17.9995 28.0036 69.9979 0 1 0.000026 -0.000027 -0.000026 1 1 0 0.000027 51739.dat
1 0 -25.9998 18.0051 79.9989 0 1 0.000026 0.000131 -0.000026 1 1 0 -0.000131 2555.dat
1 0 -25.9992 38.0051 79.9963 0 1 0.000026 0.000131 -0.000026 1 1 0 -0.000131 2555.dat
0 STEP
1 72 -17.9995 28.0005 9.9979 0 1 -0.000026 -0.000026 -0.000026 -1 -1 0 0.000026 51739.dat
1 72 -25.9995 28.0017 29.9976 0 1 0.000026 0.000131 -0.000026 1 1 0 -0.000131 87079.dat
0 STEP
1 0 0 58 -158 1 0 0 0 0.000026 1 0 -1 0.000026 02-02-shin.ldr
0 STEP
1 0 0 -7.1962 99 -1 0.000053 0 -0.000046 -0.86603 0.499992 0.000026 0.499992 0.86603 04-front-skirt.ldr
0 NOFILE
0 FILE 04-front-skirt.ldr
0 
0 Name: 04-front-skirt.ldr
0 Author: Nathanel Titane // nathanel.titane@gmail.com // All Rights Reserved
1 0 -10 16 -10 0.000026 0 1 0 1 0 -1 0 0.000026 92280.dat
1 0 10 16 -10 0.000026 0 1 0 1 0 -1 0 0.000026 92280.dat
0 STEP
1 0 0 0 0 0.000026 0 1 0 1 0 -1 0 0.000026 2555.dat
1 0 0 8 0 -1 0 0.000053 0 1 0 -0.000053 0 -1 3794b.dat
0 STEP
1 72 0 8 -10 0.000026 0 1 0 1 0 -1 0 0.000026 4871.dat
0 STEP
1 72 -30 0 -10 1 0 0 0 1 0 0 0 1 92946.dat
1 72 30 0 -10 1 0 0 0 1 0 0 0 1 92946.dat
1 72 30 0 0 -1 0 -0.000026 0 1 0 0.000026 0 -1 54200.dat
1 72 -30 0 0 -1 0 -0.000026 0 1 0 0.000026 0 -1 54200.dat
0 STEP
1 0 -10 8 -50 0.000027 0 -1 0 1 0 1 0 0.000027 60478.dat
1 0 10 8 -50 0.000027 0 -1 0 1 0 1 0 0.000027 60478.dat
0 STEP
1 72 0 0 -50 0.000026 0 1 0 1 0 -1 0 0.000026 4871.dat
1 71 0 0 -50 1 0 0 0 1 0 0 0 1 3068b.dat
0 STEP
1 72 -30 -8 -50 1 0 0 0 1 0 0 0 1 92946.dat
1 72 -30 -8 -40 -1 0 -0.000026 0 1 0 0.000026 0 -1 54200.dat
1 72 30 -8 -50 1 0 0 0 1 0 0 0 1 92946.dat
1 72 30 -8 -40 -1 0 -0.000026 0 1 0 0.000026 0 -1 54200.dat
0 NOFILE
0 FILE 05-waist.ldr
0 
0 Name: 05-waist.ldr
0 Author: Nathanel Titane // nathanel.titane@gmail.com // All Rights Reserved
1 71 0 13.2679 0.3397 1 0 0 0 0.86603 -0.499992 0 0.499992 0.86603 4871.dat
1 0 10 11.3395 -12.3205 0.000026 0 1 0.499992 0.86603 -0.000013 -0.86603 0.499992 0.000023 6541.dat
1 0 -10 11.3396 -12.3205 0.000026 0 1 0.499992 0.86603 -0.000013 -0.86603 0.499992 0.000023 6541.dat
1 0 0 19.9998 -7.3206 1 0 0 0 0.86603 -0.499992 0 0.499992 0.86603 2780.dat
0 STEP
1 0 -10 1.3397 5.0001 0.000026 0 1 0.499992 0.86603 -0.000013 -0.86603 0.499992 0.000023 87087.dat
1 0 10 1.3397 5.0001 0.000027 0 -1 -0.499992 0.86603 -0.000013 0.86603 0.499992 0.000023 87087.dat
0 STEP
1 71 -29.9998 10 10 0.000026 1 0 -1 0.000026 0 0 0 1 4697b.dat
1 71 30.0002 10 10 0.000027 -1 0 1 0.000027 0 0 0 1 4697b.dat
0 STEP
1 0 0 21.3394 -29.6411 1 0 0 0 0.86603 -0.499992 0 0.499992 0.86603 3023.dat
1 0 0 -8.6601 22.3207 -1 0 -0.000053 -0.000026 0.86603 0.499992 0.000046 0.499992 -0.86603 48336.dat
0 STEP
1 0 -10 -5.5885 1.0001 0.000026 0 -1 -0.499992 0.86603 -0.000013 0.86603 0.499992 0.000023 44300.dat
1 0 10 -5.5885 1.0001 0.000026 0 -1 -0.499992 0.86603 -0.000013 0.86603 0.499992 0.000023 44300.dat
1 72 0 16.3395 -20.9808 1 0 0 0 0.86603 -0.499992 0 0.499992 0.86603 15068.dat
0 STEP
1 0 -62 90 -17.9997 1 0 0 0 0.000026 -1 0 1 0.000026 03-01-thigh.ldr
1 0 62 90 -17.9997 1 0 0 0 0.000026 -1 0 1 0.000026 03-02-thigh.ldr
0 STEP
1 0 0 -15.5137 39.227 1 0 0 0 -0.707079 -0.707135 0 0.707135 -0.707079 06-back-skirt.ldr
0 STEP
1 0 0 -50.2669 9.4222 1 0 0 0 -0.130498 -0.991449 0 0.991449 -0.130498 07-abdomen.ldr
0 NOFILE
0 FILE 06-back-skirt.ldr
0 
0 Name: 06-back-skirt.ldr
0 Author: Nathanel Titane // nathanel.titane@gmail.com // All Rights Reserved
1 0 -10 16 -10 0.000026 0 1 0 1 0 -1 0 0.000026 92280.dat
1 0 10 16 -10 0.000026 0 1 0 1 0 -1 0 0.000026 92280.dat
0 STEP
1 0 -10 8 -0.0003 0.000026 0 1 0 1 0 -1 0 0.000026 2555.dat
1 0 10 8 0.0003 0.000026 0 1 0 1 0 -1 0 0.000026 2555.dat
0 STEP
1 72 0 8 -10 0.000026 0 1 0 1 0 -1 0 0.000026 4871.dat
0 STEP
1 72 -30 0 -10 1 0 0 0 1 0 0 0 1 92946.dat
1 72 30 0 -10 1 0 0 0 1 0 0 0 1 92946.dat
1 72 30 0 0 -1 0 -0.000026 0 1 0 0.000026 0 -1 54200.dat
1 72 -30 0 0 -1 0 -0.000026 0 1 0 0.000026 0 -1 54200.dat
0 STEP
1 0 0.0003 8 -39.9997 -1 0 -0.000027 0 1 0 0.000027 0 -1 48336.dat
0 STEP
1 72 0 0 -50 0.000026 0 1 0 1 0 -1 0 0.000026 4871.dat
1 71 0 0 -40 1 0 0 0 1 0 0 0 1 3069b.dat
1 71 0 16 -60 1 0 0 0 1 0 0 0 1 85984.dat
0 STEP
1 72 -30 -8 -50 1 0 0 0 1 0 0 0 1 92946.dat
1 72 -30 -8 -40 -1 0 -0.000026 0 1 0 0.000026 0 -1 54200.dat
1 72 30 -8 -50 1 0 0 0 1 0 0 0 1 92946.dat
1 72 30 -8 -40 -1 0 -0.000026 0 1 0 0.000026 0 -1 54200.dat
0 NOFILE
0 FILE 07-abdomen.ldr
0 
0 Name: 07-abdomen.ldr
0 Author: Nathanel Titane // nathanel.titane@gmail.com // All Rights Reserved
1 72 0 80 80 -1 0 -0.000053 0 1 0 0.000053 0 -1 43713.dat
1 320 0 72 160 -1 0 -0.000053 0 1 0 0.000053 0 -1 43719.dat
1 297 0 64 160 1 0 0 0 1 0 0 0 1 4150.dat
0 STEP
1 71 0 96 90 -1 0 -0.000053 0 1 0 0.000053 0 -1 85984.dat
1 71 0 96 110 -1 0 -0.000053 0 1 0 0.000053 0 -1 85984.dat
1 71 0 96 130 -1 0 -0.000053 0 1 0 0.000053 0 -1 85984.dat
0 STEP
1 71 0 64 70 1 0 0.000106 0 1 0 -0.000106 0 1 32028.dat
1 71 0 72 70 1 0 0.000106 0 1 0 -0.000106 0 1 32028.dat
1 71 0 80 70 1 0 0.000106 0 1 0 -0.000106 0 1 32028.dat
1 71 0 88 70 1 0 0.000106 0 1 0 -0.000106 0 1 32028.dat
0 STEP
1 72 -30 56 80 0.000026 0 1 0 1 0 -1 0 0.000026 3937.dat
1 71 -30 56 80 0.000026 0 1 0 1 0 -1 0 0.000026 3938.dat
1 72 -30 48 80 -1 0 -0.000053 0 1 0 0.000053 0 -1 92946.dat
1 72 -30 24 70 -1 0 -0.000053 0 1 0 0.000053 0 -1 3005.dat
1 72 -30 24 70 -1 0 -0.000026 0 1 0 0.000026 0 -1 54200.dat
0 STEP
1 72 30 56 80 0.000027 0 -1 0 1 0 1 0 0.000027 3937.dat
1 71 30 56 80 0.000026 0 1 0 1 0 -1 0 0.000026 3938.dat
1 72 30 48 80 -1 0 -0.000053 0 1 0 0.000053 0 -1 92946.dat
1 72 30 24 70 -1 0 -0.000053 0 1 0 0.000053 0 -1 3005.dat
1 72 30 24 70 -1 0 -0.000026 0 1 0 0.000026 0 -1 54200.dat
0 STEP
1 0 0 32 70 1 0 0 0 1 0 0 0 1 3069b.dat
1 0 0 40 70 1 0 0 0 1 0 0 0 1 3747b.dat
0 STEP
1 0 0 16 40 0.000026 0 -1 0 1 0 1 0 0.000026 4871.dat
0 STEP
1 71 0 8 50 -1 0 -0.000053 0 1 0 0.000053 0 -1 3004.dat
1 0 0 8 30 1 0 0 0 1 0 0 0 1 3747b.dat
0 STEP
1 0 30 8 40 0.000026 0 1 0 1 0 -1 0 0.000026 60478.dat
1 0 -30 8 40 0.000026 0 1 0 1 0 -1 0 0.000026 60478.dat
0 STEP
1 0 -10 0 0 0.000026 0 1 0 1 0 -1 0 0.000026 44302a.dat
1 0 10 0 0 0.000026 0 1 0 1 0 -1 0 0.000026 44302a.dat
1 0 -30 -8 40 0.000026 0 1 0 1 0 -1 0 0.000026 99206.dat
1 0 30 -8 40 0.000027 0 -1 0 1 0 1 0 0.000027 99206.dat
0 STEP
1 0 -10 -8 40 0.000026 0 -1 0 1 0 1 0 0.000026 60478.dat
1 0 10 -8 40 0.000026 0 -1 0 1 0 1 0 0.000026 60478.dat
0 STEP
1 71 -48.0002 -1.9999 50 0.000026 1 0 -1 0.000026 0 0 0 1 98138.dat
1 71 -48.0002 -1.9999 30 0.000026 1 0 -1 0.000026 0 0 0 1 98138.dat
1 71 47.9988 -1.9998 30.0002 -0.000026 -1 -0.000053 -1 0.000026 0 0 0.000053 -1 98138.dat
1 71 47.9998 -1.9998 50.0002 -0.000026 -1 -0.000053 -1 0.000026 0 0 0.000053 -1 98138.dat
0 STEP
1 71 0 -8 50 -1 0 -0.000053 0 1 0 0.000053 0 -1 85984.dat
1 71 -10 -24 10 1 0 0 0 1 0 0 0 1 50950.dat
1 71 10 -24 10 1 0 0 0 1 0 0 0 1 50950.dat
0 STEP
1 72 -30 -16 40 1 0 0 0 1 0 0 0 1 92946.dat
1 71 -30 -40 50 1 0 0 0 1 0 0 0 1 3062b.dat
0 STEP
1 72 30 -16 40 1 0 0 0 1 0 0 0 1 92946.dat
1 71 30 -40 50 1 0 0 0 1 0 0 0 1 3062b.dat
0 STEP
1 0 0 -40.2698 7.3775 1 0 0 0 0.766052 0.642779 0 -0.642779 0.766052 08-chest.ldr
0 NOFILE
0 FILE 08-chest.ldr
0 
0 Name: 08-chest.ldr
0 Author: Nathanel Titane // nathanel.titane@gmail.com // All Rights Reserved
1 0 0 -24 100 0.000026 0 1 0 1 0 -1 0 0.000026 4871.dat
1 0 -10 -32 110 -1 0 0.000053 0 1 0 -0.000053 0 -1 87087.dat
1 0 10 -32 110 -1 0 0.000053 0 1 0 -0.000053 0 -1 87087.dat
0 STEP
1 0 -9.9996 -21.9999 127.9996 0.000026 0 1 -1 0.000026 0.000026 -0.000026 -1 0 2555.dat
1 0 10.0004 -21.9999 127.9996 0.000026 0 1 -1 0.000026 0.000026 -0.000026 -1 0 2555.dat
0 STEP
1 0 0 -16 90 1 0 0 0 1 0 0 0 1 60470.dat
1 0 0 -40 90 1 0 0 0 1 0 0 0 1 3660.dat
0 STEP
1 72 0 -56 110 -1 0 0.000053 0 1 0 -0.000053 0 -1 3937.dat
1 71 0 -56 110 -1 0 0.000053 0 1 0 -0.000053 0 -1 3938.dat
0 STEP
1 0 0 -48 80 1 0 0 0 1 0 0 0 1 87580.dat
1 297 0 -56 80 0.707116 0 -0.707098 0 1 0 0.707098 0 0.707116 4150.dat
0 STEP
1 0 -30 -32 100 0.000026 0 -1 0 1 0 1 0 0.000026 44302a.dat
1 0 30 -32 100 0.000026 0 -1 0 1 0 1 0 0.000026 44302a.dat
0 STEP
1 0 30 -40 100 0.000027 0 -1 0 1 0 1 0 0.000027 48336.dat
1 0 -30 -40 100 0.000026 0 1 0 1 0 -1 0 0.000026 48336.dat
0 STEP
1 72 0 -64 100 1 0 0 0 1 0 0 0 1 43712.dat
1 71 0 -72 90 1 0 0 0 1 0 0 0 1 3069b.dat
1 320 0 -72 110 1 0 0 0 1 0 0 0 1 3794b.dat
0 STEP
1 320 0 -80 110 1 0 0 0 1 0 0 0 1 49668.dat
1 297 0 -88 110 1 0 0 0 1 0 0 0 1 98138.dat
0 STEP
1 34 0 -40 20 1 0 0 0 1 0 0 0 1 43719.dat
0 STEP
1 71 -10 -32 30 1 0 0 0 1 0 0 0 1 2341.dat
1 71 10 -32 30 1 0 0 0 1 0 0 0 1 2341.dat
1 71 0 -32 50 1 0 0 0 1 0 0 0 1 85984.dat
0 STEP
1 0 -30 -20.3675 158.4818 0.000026 0 1 -0.382677 0.923882 0.00001 -0.923882 -0.382677 0.000024 44301a.dat
1 72 -30 -16.8031 146.1816 -1 0 0.000053 -0.00002 0.923882 -0.382677 -0.000049 -0.382677 -0.923882 3676.dat
0 STEP
1 0 -50 -20.3675 158.4818 0.000026 0 1 -0.382677 0.923882 0.00001 -0.923882 -0.382677 0.000024 60470.dat
1 71 -40 -27.7585 161.5432 0.000026 0 1 -0.382677 0.923882 0.00001 -0.923882 -0.382677 0.000024 3022.dat
0 STEP
1 72 -50 -35.1496 164.6046 0.000026 0 1 -0.382677 0.923882 0.00001 -0.923882 -0.382677 0.000024 3839b.dat
0 STEP
1 72 -60 -49.9317 170.7275 0.000026 0 -1 0.382677 0.923882 0.00001 0.923882 -0.382677 0.000024 47755.dat
1 71 -60 -57.3227 173.7889 0.000026 0 -1 0.382677 0.923882 0.00001 0.923882 -0.382677 0.000024 93606.dat
0 STEP
1 0 29.9999 -20.3666 158.4838 0.000132 0 1 -0.382677 0.923882 0.000051 -0.923882 -0.382677 0.000122 44301a.dat
1 72 29.9984 -16.8023 146.1835 -0.000185 0 -1 0.382677 0.923882 -0.000071 0.923882 -0.382677 -0.000171 3676.dat
0 STEP
1 0 49.9999 -20.3654 158.4867 -0.000185 0 -1 0.382677 0.923882 -0.000071 0.923882 -0.382677 -0.000171 60470.dat
1 71 39.9999 -27.7571 161.5467 -0.000185 0 -1 0.382677 0.923882 -0.000071 0.923882 -0.382677 -0.000171 3022.dat
0 STEP
1 72 49.9999 -35.1475 164.6095 -0.000185 0 -1 0.382677 0.923882 -0.000071 0.923882 -0.382677 -0.000171 3839b.dat
0 STEP
1 72 59.9999 -49.929 170.7338 0.000133 0 1 -0.382677 0.923882 0.000051 -0.923882 -0.382677 0.000123 47755.dat
1 71 59.9999 -57.3201 173.7952 0.000133 0 1 -0.382677 0.923882 0.000051 -0.923882 -0.382677 0.000123 93606.dat
0 STEP
1 71 55.1963 -34.9998 90 -0.500015 0.866017 0.00002 0.866017 0.500015 -0.000048 -0.000052 -0.000007 -1 2555.dat
1 71 -55.1963 -34.9998 90 0.500015 -0.866017 -0.000007 0.866017 0.500015 0.000003 0.000001 -0.000007 1 2555.dat
1 72 61.1244 -29.2677 89.9992 -0.000033 0.866017 -0.500015 0.000071 0.500015 0.866017 1 -0.000006 -0.000078 6120.dat
1 72 -61.1244 -29.2677 90.0005 0.00002 -0.866017 0.500015 0.00002 0.500015 0.866017 -1 -0.000007 0.000027 6120.dat
0 STEP
1 71 54.2435 -33.7569 109.9999 -0.707116 0.707098 0.000019 0.707098 0.707116 -0.000045 -0.000045 -0.000018 -1 2555.dat
1 71 -54.2435 -33.7569 109.9999 0.707116 -0.707098 -0.000019 0.707098 0.707116 0.000008 0.000008 -0.000019 1 2555.dat
1 72 -58.4861 -26.6858 110.0003 0.000037 -0.707098 0.707116 0.000011 0.707116 0.707098 -1 -0.000019 0.000034 6120.dat
1 72 58.4861 -26.6858 109.9991 -0.000037 0.707098 -0.707116 0.000063 0.707116 0.707098 1 -0.000018 -0.000071 6120.dat
0 STEP
1 71 -70 -18.5197 157.7164 -0.25879 -0.965934 0 0.892409 -0.239091 0.382677 -0.369641 0.099033 0.923882 4697b.dat
1 0 -80.6252 -21.1499 158.8059 -0.1294 0.965921 -0.22417 0.777589 0.239129 0.581526 0.615313 -0.099063 -0.782033 41677.dat
1 0 -90.2845 -23.5411 159.7964 -0.1294 0.965921 -0.22417 0.777589 0.239129 0.581526 0.615313 -0.099063 -0.782033 41677.dat
1 71 -105.3925 -14.5411 145.2447 0.224167 0.965921 -0.129405 -0.581505 0.23913 0.777604 0.782049 -0.099064 0.615293 4697b.dat
0 STEP
1 71 70 -18.5197 157.7165 0.25879 0.965934 0.000053 0.892414 -0.239072 -0.382677 -0.369628 0.09908 -0.923882 4697b.dat
1 0 80.6253 -21.1495 158.8063 -0.129359 -0.965928 0.224164 -0.777624 0.239089 0.581496 -0.615278 -0.099094 -0.782057 41677.dat
1 0 90.2846 -23.5403 159.797 -0.129359 -0.965928 0.224164 -0.777624 0.239089 0.581496 -0.615278 -0.099094 -0.782057 41677.dat
1 71 105.3927 -14.5396 145.2459 -0.224168 -0.965928 -0.129353 -0.581516 0.239089 -0.777609 0.782041 -0.099095 -0.615299 4697b.dat
0 STEP
1 0 0.0008 -61.7471 150.2534 -1 -0.000053 0 0.000034 -0.642799 0.766035 -0.000041 0.766035 0.642799 09-head.ldr
0 STEP
1 0 -110.4417 -13.0884 142.3471 -0.129392 -0.841499 -0.524536 0.777619 0.242119 -0.580247 0.615277 -0.482968 0.623037 10-01-shoulder-hinge.ldr
0 STEP
1 0 110.4416 -13.0882 142.3472 -0.129373 0.841506 0.524528 -0.777568 0.242167 -0.580296 -0.615346 -0.482931 0.622998 10-02-shoulder-hinge.ldr
0 NOFILE
0 FILE 09-head.ldr
0 
0 Name: 09-head.ldr
0 Author: Nathanel Titane // nathanel.titane@gmail.com // All Rights Reserved
1 0 -10 32 -10 -0.000079 0 -1 0 1 0 1 0 -0.000079 60478.dat
1 0 10 32 -10 -0.000079 0 -1 0 1 0 1 0 -0.000079 60478.dat
0 STEP
1 0 -20 50 -10 -0.000026 1 0.000053 1 0.000026 0 0 0.000053 -1 4595.dat
1 0 20 50 -10 -0.000027 -1 -0.000053 -1 0.000027 0 0 0.000053 -1 4595.dat
1 0 -10 50 26 -1 0 0.000053 0.000053 0.000026 1 0 1 -0.000026 4073.dat
1 0 10 50 26 -1 0 0.000053 0.000053 0.000026 1 0 1 -0.000026 4073.dat
0 STEP
1 0 -0.0005 59.9953 -10.0036 -1 0 0.000053 0 -1 0.000053 0.000053 0.000053 1 15068.dat
1 0 0 67.9958 -0.004 1 0 0 0 -1 -0.000053 0 0.000053 -1 48336.dat
0 STEP
1 0 0 16 0 -1 0 0.000053 0 1 0 -0.000053 0 -1 48336.dat
1 0 0 8 0 1 0 0 0 1 0 0 0 1 3023.dat
1 0 0 24 0 1 0 0 0 1 0 0 0 1 3023.dat
0 STEP
1 15 -10 0 0 0.000026 0 1 0 1 0 -1 0 0.000026 2555.dat
1 15 10 0 0 0.000026 0 1 0 1 0 -1 0 0.000026 2555.dat
1 15 0 8 -20 1 0 0 0 1 0 0 0 1 3004.dat
1 15 0 8 -20 1 0 0 0 1 0 0 0 1 85984.dat
0 STEP
1 0 -28.0003 49.9998 0 -0.000026 1 0 1 0.000026 -0.000053 -0.000053 0 -1 49668.dat
1 0 -27.9997 29.9998 0 0 1 -0.000026 0.000079 0.000026 1 1 0 -0.000079 49668.dat
1 0 -20 40 -10 0.000026 1 0 -1 0.000026 0 0 0 1 15068.dat
0 STEP
1 0 27.9997 29.9998 0 0 -1 0.000027 0.000027 0.000027 1 -1 0 0.000027 49668.dat
1 0 28.0003 49.9998 0 -0.000027 -1 0 -1 0.000027 0.000053 -0.000053 0 -1 49668.dat
1 0 20 40 -10 0.000027 -1 0 1 0.000027 0 0 0 1 15068.dat
0 STEP
1 0 -10 70.2428 24.2423 0.000026 0 1 0.707098 0.707116 -0.000018 -0.707116 0.707098 0.000018 2555.dat
1 71 -10 75.8998 29.8991 0.000027 0 1 0.707098 0.707116 -0.000019 -0.707116 0.707098 0.000019 4081b.dat
0 STEP
1 297 -30.0006 85.7999 22.8271 -1 0.000053 0 -0.000037 -0.707078 0.707135 0.000037 0.707135 0.707078 4073.dat
1 297 -30.0011 91.4565 17.17 -1 0.000053 0 -0.000037 -0.707078 0.707135 0.000037 0.707135 0.707078 98138.dat
1 297 -29.9985 57.5175 51.1133 -1 -0.000053 0 -0.000037 0.707042 -0.707172 0.000037 -0.707172 -0.707042 4589.dat
0 STEP
1 0 -10 88.6277 28.4847 1 0 0 0 0.707116 -0.707098 0 0.707098 0.707116 92946.dat
1 0 -10 58.9297 69.4973 1 0 0 0 0.707116 -0.707098 0 0.707098 0.707116 13547.dat
1 0 -10 66.0007 62.4261 0.000026 0 -1 -0.707098 0.707116 -0.000018 0.707116 0.707098 0.000018 60478.dat
1 0 -10 66.0007 62.4261 -0.000079 0 -1 -0.707098 0.707116 0.000056 0.707116 0.707098 -0.000056 85984.dat
0 STEP
1 0 -10 27.8817 93.322 1 0 0 0 0.500015 -0.866017 0 0.866017 0.500015 61252.dat
1 0 -10 19.8814 79.4657 -1 0 -0.000053 -0.000046 0.500015 0.866017 0.000027 0.866017 -0.500015 13547.dat
1 0 -10 -27.4195 97.5384 0.000026 0 1 0.866017 0.500015 -0.000023 -0.500015 0.866017 0.000013 3069b.dat
1 0 -10 11.2213 84.4659 0.000026 0 1 0.866017 0.500015 -0.000023 -0.500015 0.866017 0.000013 3069b.dat
0 STEP
1 0 10 71.1962 22.9997 0.000026 0 1 0.499992 0.86603 -0.000013 -0.86603 0.499992 0.000023 2555.dat
1 71 10 78.1245 26.9997 0.000026 0 -1 -0.499992 0.86603 -0.000013 0.86603 0.499992 0.000023 4081b.dat
0 STEP
1 297 30 85.8565 17.6073 1 0 0 0 -0.49997 -0.866043 0 0.866043 -0.49997 4073.dat
1 297 30 89.8562 10.679 1 0 0 0 -0.49997 -0.866043 0 0.866043 -0.49997 98138.dat
1 297 30 65.8567 52.2485 1 0 0 0 0.500015 0.866017 0 -0.866017 0.500015 4589.dat
0 STEP
1 0 10 90.0527 22.3393 1 0 0 0 0.86603 -0.499992 0 0.499992 0.86603 92946.dat
1 0 10 71.9813 69.6408 1 0 0 0 0.86603 -0.499992 0 0.499992 0.86603 13547.dat
1 0 10 76.9812 60.9805 0.000026 0 -1 -0.499992 0.86603 -0.000013 0.86603 0.499992 0.000023 60478.dat
1 0 10 76.9812 60.9805 0.000026 0 1 0.499992 0.86603 -0.000013 -0.86603 0.499992 0.000023 85984.dat
0 STEP
1 0 10 44.7423 94.6013 1 0 0 0 0.422636 -0.9063 0 0.9063 0.422636 61252.dat
1 0 10 37.9802 80.1005 -1 0 -0.000053 -0.000048 0.422636 0.9063 0.000022 0.9063 -0.422636 13547.dat
1 0 10 -10.716 93.9819 0.000026 0 1 0.9063 0.422636 -0.000024 -0.422636 0.9063 0.000011 3069b.dat
1 0 10 28.9172 84.3269 0.000026 0 1 0.9063 0.422636 -0.000024 -0.422636 0.9063 0.000011 3069b.dat
0 STEP
1 0 -8 -2 20 0.000026 1 0 -0.000026 0 -1 -1 0.000026 0.000026 4085d.dat
