0 FILE 00-instructions.ldr
0 Name: 00-instructions.ldr
0 Author: Nathanel Titane // nathanel.titane@gmail.com // All Rights Reserved
0
0 // LPUB[3D] FRONT COVER PAGE /////////////////////////////////////////////////
0
0 !LPUB PAGE DOCUMENT_TITLE_FRONT COLOR "#666666"
0 !LPUB PAGE DOCUMENT_TITLE_FRONT CONTENT GLOBAL "MODEL // CR-C90U3 DUAL FACE"
0 !LPUB PAGE DOCUMENT_TITLE_FRONT DISPLAY GLOBAL TRUE
0 !LPUB PAGE DOCUMENT_TITLE_FRONT FONT "Noto Sans,72,-1,0,75,0,0,0,0,0,Bold"
0 !LPUB PAGE DOCUMENT_TITLE_FRONT MARGINS 0.2500 0.1000
0 !LPUB PAGE DOCUMENT_TITLE_FRONT PLACEMENT GLOBAL TOP_LEFT PAGE INSIDE OFFSET 0.0000 0.0000

0 !LPUB PAGE DOCUMENT_AUTHOR_FRONT CONTENT GLOBAL "MODEL DESIGN AND INSTRUCTIONS // NATHANEL TITANE"
0 !LPUB PAGE DOCUMENT_AUTHOR_FRONT COLOR "#666666"
0 !LPUB PAGE DOCUMENT_AUTHOR_FRONT DISPLAY GLOBAL TRUE
0 !LPUB PAGE DOCUMENT_AUTHOR_FRONT FONT "Noto Sans,18,-1,0,75,0,0,0,0,0,Bold"
0 !LPUB PAGE DOCUMENT_AUTHOR_FRONT MARGINS 0.3000 1.0000
0 !LPUB PAGE DOCUMENT_AUTHOR_FRONT PLACEMENT TOP_LEFT PAGE INSIDE OFFSET 0.0000 0.0000

0 !LPUB PAGE MODEL_PARTS COLOR "#666666"
0 !LPUB PAGE MODEL_PARTS CONTENT GLOBAL "1345 PIECES"
0 !LPUB PAGE MODEL_PARTS DISPLAY GLOBAL TRUE
0 !LPUB PAGE MODEL_PARTS FONT "Noto Sans,72,-1,0,75,0,0,0,0,0,Bold"
0 !LPUB PAGE MODEL_PARTS MARGINS 0.2500 0.1000
0 !LPUB PAGE MODEL_PARTS PLACEMENT GLOBAL BOTTOM_LEFT PAGE INSIDE OFFSET 0.0000 0.0000

0 !LPUB PAGE PUBLISH_DESCRIPTION COLOR "#666666"
0 !LPUB PAGE PUBLISH_DESCRIPTION CONTENT GLOBAL "LEGO // LINUX - Where Lego and Linux Meet"
0 !LPUB PAGE PUBLISH_DESCRIPTION DISPLAY GLOBAL TRUE
0 !LPUB PAGE PUBLISH_DESCRIPTION FONT "Noto Sans,36,-1,0,75,0,0,0,0,0,Bold"
0 !LPUB PAGE PUBLISH_DESCRIPTION MARGINS 0.2000 0.2000
0 !LPUB PAGE PUBLISH_DESCRIPTION PLACEMENT GLOBAL BOTTOM_RIGHT PAGE INSIDE OFFSET 0.0000 0.0000
0
0 // LPUB[3D] BACK COVER PAGE //////////////////////////////////////////////////
0
0 // LPUB[3D] DOCUMENT DISCLAIMER
0 !LPUB PAGE LEGO_DISCLAIMER COLOR "#666666"
0 !LPUB PAGE LEGO_DISCLAIMER CONTENT GLOBAL "LEGO® // REGISTERED TRADEMARK OF THE LEGO GROUP"
0 !LPUB PAGE LEGO_DISCLAIMER DISPLAY GLOBAL TRUE
0 !LPUB PAGE LEGO_DISCLAIMER FONT "Noto Sans,36,-1,0,75,0,0,0,0,0,Bold"
0 !LPUB PAGE LEGO_DISCLAIMER PLACEMENT GLOBAL CENTER PAGE INSIDE OFFSET 0.0000 -0.2500
0
0 // LPUB[3D] PAGE DOCUMENT AUTHOR
0 !LPUB PAGE DOCUMENT_AUTHOR_BACK COLOR "#666666"
0 !LPUB PAGE DOCUMENT_AUTHOR_BACK CONTENT GLOBAL "MODEL DESIGN AND INSTRUCTIONS // NATHANEL TITANE"
0 !LPUB PAGE DOCUMENT_AUTHOR_BACK DISPLAY GLOBAL TRUE
0 !LPUB PAGE DOCUMENT_AUTHOR_BACK FONT "Noto Sans,36,-1,0,75,0,0,0,0,0,Bold"
0 !LPUB PAGE DOCUMENT_AUTHOR_BACK PLACEMENT CENTER PAGE INSIDE OFFSET 0.0000 -0.2000
0
0 // LPUB[3D] PAGE PUBLICATION COPYRIGHT
0 !LPUB PAGE PUBLISH_COPYRIGHT_BACK COLOR "#666666"
0 !LPUB PAGE PUBLISH_COPYRIGHT_BACK CONTENT GLOBAL "COPYRIGHT // ALL RIGHTS RESERVED"
0 !LPUB PAGE PUBLISH_COPYRIGHT_BACK DISPLAY GLOBAL TRUE
0 !LPUB PAGE PUBLISH_COPYRIGHT_BACK FONT "Noto Sans,36,-1,0,75,0,0,0,0,0,Bold"
0 !LPUB PAGE PUBLISH_COPYRIGHT_BACK PLACEMENT GLOBAL CENTER PAGE INSIDE OFFSET 0.0000 -0.1500
0
0 // LPUB[3D] PAGE PUBLICATION EMAIL
0 !LPUB PAGE PUBLISH_EMAIL_BACK COLOR "#666666"
0 !LPUB PAGE PUBLISH_EMAIL_BACK CONTENT GLOBAL "CONTACT // NATHANEL.TITANE@GMAIL.COM // INFO@LEGOLINUX.COM"
0 !LPUB PAGE PUBLISH_EMAIL_BACK DISPLAY GLOBAL TRUE
0 !LPUB PAGE PUBLISH_EMAIL_BACK FONT "Noto Sans,18,-1,0,75,0,0,0,0,0,Bold"
0 !LPUB PAGE PUBLISH_EMAIL_BACK PLACEMENT GLOBAL CENTER PAGE INSIDE OFFSET 0.0000 -0.0500
0
0 // LPUB[3D] PAGE PUBLICATION URL
0 !LPUB PAGE PUBLISH_URL_BACK COLOR "#666666"
0 !LPUB PAGE PUBLISH_URL_BACK CONTENT GLOBAL "WEB // HTTPS://LEGOLINUX.COM/MODELS/ARMORED-CORES/CR-C90U3-DUAL-FACE"
0 !LPUB PAGE PUBLISH_URL_BACK DISPLAY GLOBAL TRUE
0 !LPUB PAGE PUBLISH_URL_BACK FONT "Noto Sans,18,-1,0,75,0,0,0,0,0,Bold"
0 !LPUB PAGE PUBLISH_URL_BACK PLACEMENT GLOBAL CENTER PAGE INSIDE OFFSET 0.0000 -0.0250
0
0 // LPUB[3D] PAGE LOGO
0 !LPUB PAGE DOCUMENT_LOGO_BACK DISPLAY GLOBAL TRUE
0 !LPUB PAGE DOCUMENT_LOGO_BACK FILE GLOBAL "/media/internal/Lego/lpub3d/instructions/logo.png"
0 !LPUB PAGE DOCUMENT_LOGO_BACK PLACEMENT CENTER PAGE INSIDE OFFSET 0.0000 0.45000
0 !LPUB PAGE DOCUMENT_LOGO_BACK SCALE GLOBAL  1.0000
0
0 // LPUB[3D] CONFIGURATION ////////////////////////////////////////////////////
0
0 // LPUB[3D] PAGE WATERMARK
0 !LPUB PAGE PUBLISH_EMAIL CONTENT GLOBAL "CONTACT // NATHANEL.TITANE@GMAIL.COM // INFO@LEGOLINUX.COM"
0 !LPUB PAGE PUBLISH_EMAIL COLOR "#666666"
0 !LPUB PAGE PUBLISH_EMAIL DISPLAY GLOBAL TRUE
0 !LPUB PAGE PUBLISH_EMAIL FONT "Noto Sans,18,-1,0,75,0,0,0,0,0,Bold"
0 !LPUB PAGE PUBLISH_EMAIL MARGINS 0.0000 0.1500
0 !LPUB PAGE PUBLISH_EMAIL PLACEMENT GLOBAL BOTTOM PAGE INSIDE OFFSET 0.0000 0.0000
0 !LPUB PAGE DOCUMENT_AUTHOR CONTENT GLOBAL "MODEL DESIGN AND INSTRUCTIONS // NATHANEL TITANE"
0 !LPUB PAGE DOCUMENT_AUTHOR COLOR "#666666"
0 !LPUB PAGE DOCUMENT_AUTHOR DISPLAY GLOBAL TRUE
0 !LPUB PAGE DOCUMENT_AUTHOR FONT "Noto Sans,18,-1,0,75,0,0,0,0,0,Bold"
0 !LPUB PAGE DOCUMENT_AUTHOR MARGINS 0.0000 0.2000
0 !LPUB PAGE DOCUMENT_AUTHOR PLACEMENT GLOBAL TOP PAGE INSIDE OFFSET 0.0000 0.0000
0
0 // LPUB[3D] STEPS HIGHLIGHT
0 !LPUB HIGHLIGHT_STEP ENABLED GLOBAL TRUE
0 !LPUB HIGHLIGHT_STEP COLOR GLOBAL "#7137C8"
0
0 // LPUB[3D] STEP FADE
0 !LPUB FADE_STEP OPACITY GLOBAL "50"
0 !LPUB FADE_STEP COLOR GLOBAL "Trans_Black"
0 !LPUB FADE_STEP ENABLED GLOBAL TRUE
0 !LPUB FINAL_MODEL_ENABLED GLOBAL TRUE
0
0 // LPUB[3D] SUBMODEL PREVIEW
0 !LPUB SUBMODEL_DISPLAY SHOW GLOBAL TRUE
0 !LPUB SUBMODEL_DISPLAY BACKGROUND COLOR "#DDDDDD"
0 !LPUB SUBMODEL_DISPLAY MARGINS 0.1500 0.7500
0 !LPUB SUBMODEL_DISPLAY BORDER SQUARE 0 Black 0.031 MARGINS 0.050 0.050
0 !LPUB SUBMODEL_DISPLAY PLACEMENT GLOBAL LEFT PAGE INSIDE
0 !LPUB SUBMODEL_DISPLAY CAMERA_ANGLES 30.0000 45.0000
0
0 // LPUB[3D] ASSEMBLIES
0 !LPUB ASSEM CAMERA_ANGLES 30.0000 45.0000
0 !LPUB ASSEM MARGINS 0.5000 0.5000
0 !LPUB ASSEM MODEL_SCALE 1.0000
0 !LPUB ASSEM PLACEMENT CENTER PAGE INSIDE OFFSET 0.0000 0.0000
0
0 // LPUB[3D] BILL OF MATERIALS
0 !LPUB BOM BACKGROUND COLOR "#DDDDDD"
0 !LPUB BOM BORDER SQUARE 0 #666666 0.025 MARGINS 0.050 0.050
0 !LPUB BOM CONSTRAIN HEIGHT 13.0000
0 !LPUB BOM CONSTRAIN SQUARE
0 !LPUB BOM PLACEMENT CENTER PAGE INSIDE OFFSET 0.0000 0.0000
0
0 // LPUB[3D] CALLOUTS
0 !LPUB CALLOUT BORDER SQUARE 0 #666666 0.025 MARGINS 0.050 0.050
0 !LPUB CALLOUT MARGINS 0.1250 0.1250
0 !LPUB CALLOUT PLACEMENT RIGHT PAGE INSIDE OFFSET 0.0000 0.0000
0
0 // LPUB[3D] PAGE
0 !LPUB PAGE DOCUMENT_COVER_IMAGE DISPLAY GLOBAL TRUE
0 !LPUB PAGE DOCUMENT_COVER_IMAGE FILE GLOBAL "../renders/flat/flat.png"
0 !LPUB PAGE DOCUMENT_COVER_IMAGE FILL GLOBAL ASPECT
0 !LPUB PAGE DOCUMENT_COVER_IMAGE MARGINS GLOBAL 0.0000 0.0000
0 !LPUB PAGE DOCUMENT_COVER_IMAGE PLACEMENT GLOBAL CENTER PAGE INSIDE OFFSET 0.0000 0.0000
0 !LPUB PAGE DOCUMENT_COVER_IMAGE SCALE GLOBAL 1.0000
0
0 // LPUB[3D] PAGE NUMBER
0 !LPUB PAGE NUMBER FONT "Noto Sans,36,-1,0,75,0,0,0,0,0,Bold"
0 !LPUB PAGE NUMBER FONT_COLOR "#666666"
0 !LPUB PAGE NUMBER MARGINS 0.1250 0.1250
0 !LPUB PAGE NUMBER PLACEMENT BOTTOM_RIGHT PAGE INSIDE OFFSET 0.0000 0.0000
0
0 // LPUB[3D] PAGE SETUP
0 !LPUB PAGE BORDER GLOBAL NONE 0 MARGINS 0.000 0.000
0 !LPUB PAGE ENABLE_TEXT_PLACEMENT GLOBAL CENTER PAGE INSIDE OFFSET 0.0000 0.0000
0 !LPUB PAGE TEXT_PLACEMENT GLOBAL TRUE
0 !LPUB PAGE PAGE_FOOTER SIZE GLOBAL 32.0000 0.5000
0 !LPUB PAGE PAGE_HEADER SIZE GLOBAL 32.0000 0.5000
0 !LPUB PAGE MARGINS GLOBAL 0.0000 0.0000
0 !LPUB PAGE ORIENTATION GLOBAL LANDSCAPE
0 !LPUB PAGE SIZE GLOBAL 16.0000 32.0000
0
0 // LPUB[3D] PAGE COLORS
0 !LPUB PAGE SUBMODEL_BACKGROUND_COLOR GLOBAL "#DDDDDD" "#FFE680" "#FFAAAA" "#C6AFE9"
0
0 // LPUB[3D] SUBMODELS
0 !LPUB PAGE SUBMODEL_INSTANCE_COUNT FONT_COLOR "#FF5555"
0 !LPUB PAGE SUBMODEL_INSTANCE_COUNT FONT "Noto Sans,72,-1,0,75,0,0,0,0,0,Bold"
0 !LPUB PAGE SUBMODEL_INSTANCE_COUNT MARGINS 0.0000 0.1250
0 !LPUB PAGE SUBMODEL_INSTANCE_COUNT PLACEMENT BOTTOM_RIGHT PAGE INSIDE OFFSET 0.0000 -0.0500
0
0 // LPUB[3D] PARTS LIST
0 !LPUB PLI BACKGROUND COLOR "#DDDDDD"
0 !LPUB PLI BORDER SQUARE 0 #666666 0.025 MARGINS 0.0500 0.050
0 !LPUB PLI CAMERA_ANGLES 30.0000 45.0000
0 !LPUB PLI CONSTRAIN HEIGHT 5.0000
0 !LPUB PLI MODEL_SCALE  1.0000
0 !LPUB PLI MARGINS 0.1500 0.7500
0 !LPUB PLI PLACEMENT TOP_RIGHT PAGE INSIDE OFFSET 0.0000 0.0000
0 !LPUB PLI INSTANCE_COUNT FONT "Noto Sans,36,-1,0,75,0,0,0,0,0,Bold"
0 !LPUB PLI INSTANCE_COUNT FONT_COLOR "#666666"
0 !LPUB PLI INSTANCE_COUNT MARGINS 0.0125 0.0125
0 !LPUB PLI INSTANCE_COUNT MARGINS 0.0125 0.3000
0
0 // LPUB[3D] STEP NUMBER
0 !LPUB STEP_NUMBER FONT "Noto Sans,72,-1,0,75,0,0,0,0,0,Bold"
0 !LPUB STEP_NUMBER FONT_COLOR "#666666"
0 !LPUB STEP_NUMBER MARGINS 0.1250 0.0000
0 !LPUB STEP_NUMBER PLACEMENT TOP_LEFT PAGE INSIDE OFFSET 0.0000 0.0000
0
0 // LPUB[3D] BEGIN INSTRUCTIONS ///////////////////////////////////////////////
0
0 STEP
0 !LPUB INSERT COVER_PAGE FRONT
0 STEP
0 !LPUB ASSEM MODEL_SCALE LOCAL 0.7500
1 0 0 0 0 1 0 0 0 1 0 0 0 1 00-model.ldr
0 STEP
0
0 // LPUB[3D] DISABLE FINAL MODEL SHOWCASE /////////////////////////////////////
0
0 !LPUB NOSTEP
0
0 // LPUB[3D] BOM PAGES
0 STEP
0 !LPUB INSERT PAGE
0 !LPUB INSERT BOM
0 STEP
0 !LPUB INSERT PAGE
0 !LPUB INSERT BOM
0 STEP
0 !LPUB INSERT PAGE
0 !LPUB INSERT BOM
0 STEP
0 !LPUB INSERT PAGE
0 !LPUB INSERT BOM
0 STEP
0 !LPUB INSERT PAGE
0 !LPUB INSERT BOM
0 STEP
0 !LPUB INSERT PAGE
0 !LPUB INSERT BOM
0 STEP
0 !LPUB INSERT PAGE
0 !LPUB INSERT BOM
0 STEP
0 !LPUB INSERT PAGE
0 !LPUB INSERT BOM
0 STEP
0 !LPUB INSERT PAGE
0 !LPUB INSERT BOM
0 STEP
0 !LPUB INSERT PAGE
0 !LPUB INSERT BOM
0 STEP
0 !LPUB INSERT PAGE
0 !LPUB INSERT BOM
0 STEP
0 !LPUB INSERT PAGE
0 !LPUB INSERT BOM
0 STEP
0
0 !LPUB NOSTEP
0
0 !LPUB INSERT COVER_PAGE BACK
0
0 // LPUB[3D] END INSTRUCTIONS /////////////////////////////////////////////////
0
0 NOFILE
0 FILE 00-model.ldr
0 
0 Name: 00-model.ldr
0 Author: Nathanel Titane // nathanel.titane@gmail.com // All Rights Reserved
1 0 0 0 0 1 0 0 0 0 -1 0 1 0 04-waist.ldr
0 STEP
1 0 0 -70 0 1 0 0 0 0 -1 0 1 0 07-01-cr-c90u3.ldr
0 STEP
0 STEP
0 NOFILE
0 FILE 01-foot.ldr
0 
0 Name: 01-foot.ldr
0 Author: Nathanel Titane // nathanel.titane@gmail.com // All Rights Reserved
1 0 0 0 0 1 0 0 0 0 1 0 -1 0 32174.dat
1 0 0 20 0 0 1 0 0 0 1 1 0 0 4519.dat
1 0 0 10 20 1 0 0 0 1 0 0 0 1 32064.dat
0 STEP
1 0 0 34 30 0 0 1 0 1 0 -1 0 0 3022.dat
1 0 0 42 30 1 0 0 0 1 0 0 0 1 3003.dat
0 STEP
1 0 0 34 60 -1 0 0 0 1 0 0 0 -1 32028.dat
1 0 0 42 60 -1 0 0 0 1 0 0 0 -1 32028.dat
1 0 0 50 30 1 0 0 0 1 0 0 0 1 4871.dat
1 0 0 50 0 1 0 0 0 1 0 0 0 1 85984.dat
0 STEP
1 0 0 10 40 -1 0 0 0 1 0 0 0 -1 3039.dat
1 0 -10 10 30 0 0 1 0 1 0 -1 0 0 85984.dat
1 0 10 10 30 0 0 -1 0 1 0 1 0 0 85984.dat
0 STEP
1 71 0 10 -20 1 0 0 0 1 0 0 0 1 32064.dat
1 71 0 34 -60 -1 0 0 0 1 0 0 0 -1 3747b.dat
0 STEP
1 0 0 58 -90 0 0 1 0 1 0 -1 0 0 3020.dat
1 0 0 58 -140 -1 0 0 0 1 0 0 0 -1 3839a.dat
0 STEP
1 0 0 66 -120 -1 0 0 0 1 0 0 0 -1 3839a.dat
1 0 0 66 -140 1 0 0 0 1 0 0 0 1 44567b.dat
0 STEP
1 71 0 34 -80 1 0 0 0 1 0 0 0 1 30363.dat
1 71 0 10 -40 1 0 0 0 1 0 0 0 1 3298.dat
1 71 -10 10 -30 0 0 1 0 1 0 -1 0 0 85984.dat
1 71 10 10 -30 0 0 -1 0 1 0 1 0 0 85984.dat
0 STEP
1 0 0 41.049 -173.329 0 0 1 0.92388 -0.382683 0 0.382683 0.92388 0 44302a.dat
1 0 0 25.632 -188.373 0 0 1 0.92388 -0.382683 0 0.382683 0.92388 0 2431.dat
1 0 0 50.288 -169.501 -1 0 0 0 -0.382683 0.92388 0 0.92388 0.382683 13547.dat
1 0 0 44.164 -154.72 0 0 1 0.92388 -0.382683 0 0.382683 0.92388 0 4073.dat
0 NOFILE
0 FILE 02-01-shin.ldr
0 
0 Name: 02-01-shin.ldr
0 Author: Nathanel Titane // nathanel.titane@gmail.com // All Rights Reserved
1 71 -10 32 140 1 0 0 0 1 0 0 0 1 4287.dat
1 71 10 32 140 1 0 0 0 1 0 0 0 1 4287.dat
1 71 0 32 190 0 0 1 0 1 0 -1 0 0 3001.dat
0 STEP
1 71 -10 56 200 -1 0 0 0 1 0 0 0 -1 3665.dat
1 71 10 56 200 -1 0 0 0 1 0 0 0 -1 3665.dat
1 71 -10 56 170 0 0 -1 0 1 0 1 0 0 3938.dat
1 71 10 56 170 0 0 -1 0 1 0 1 0 0 3938.dat
0 STEP
1 72 0 24 110 0 0 1 0 1 0 -1 0 0 2445.dat
1 72 0 40 80 -1 0 0 0 1 0 0 0 -1 3839a.dat
1 72 0 32 80 -1 0 0 0 1 0 0 0 -1 3839a.dat
1 72 0 40 60 1 0 0 0 1 0 0 0 1 3839a.dat
1 72 0 32 60 1 0 0 0 1 0 0 0 1 3839a.dat
0 STEP
1 72 -10 48 60 -1 0 0 0 1 0 0 0 -1 3665.dat
1 72 10 48 60 -1 0 0 0 1 0 0 0 -1 3665.dat
0 STEP
1 0 -10 32 20 -1 0 0 0 1 0 0 0 -1 3665.dat
1 0 10 32 20 -1 0 0 0 1 0 0 0 -1 3665.dat
0 STEP
1 71 0 32 0 1 0 0 0 1 0 0 0 1 32028.dat
1 71 0 40 0 1 0 0 0 1 0 0 0 1 32028.dat
1 71 0 48 0 1 0 0 0 1 0 0 0 1 32028.dat
1 71 0 56 0 1 0 0 0 1 0 0 0 1 3938.dat
0 STEP
1 72 0 16 110 0 0 1 0 1 0 -1 0 0 3795.dat
0 STEP
1 72 0 0 220 -1 0 0 0 1 0 0 0 -1 85943.dat
0 STEP
1 0 0 10 250 -0.000026 1 0 1 0.000026 -0.000026 -0.000026 0 -1 53585.dat
1 0 0 10 250 -1 0 0.000026 0 1 0 -0.000026 0 -1 3705.dat
0 STEP
1 72 -19.9997 9.9997 250 -0.000026 -1 0 -1 0.000026 0 0 0 -1 15535.dat
1 72 -27.9997 9.9999 250 -0.000026 -1 0 -1 0.000026 0 0 0 -1 18674.dat
1 72 -35.9997 10.0002 250 -0.000026 -1 0 -1 0.000026 0 0 0 -1 2654.dat
0 STEP
1 72 20.0003 9.9966 250 0.000079 1 0 1 -0.000079 0 0 0 -1 15535.dat
1 72 28.0003 9.996 250 0.000079 1 0 1 -0.000079 0 0 0 -1 18674.dat
1 72 36.0003 9.9953 250 0.000079 1 0 1 -0.000079 0 0 0 -1 2654.dat
0 STEP
1 72 0 0 190 1 0 0 0 1 0 0 0 1 3003.dat
0 STEP
1 0 -10 -8 150 0 0 1 0 1 0 -1 0 0 11211.dat
1 0 -10 -8 110 0 0 1 0 1 0 -1 0 0 11211.dat
1 0 -10 -8 70 0 0 1 0 1 0 -1 0 0 11211.dat
1 0 10 -8 150 0 0 -1 0 1 0 1 0 0 11211.dat
1 0 10 -8 110 0 0 -1 0 1 0 1 0 0 11211.dat
1 0 10 -8 70 0 0 -1 0 1 0 1 0 0 11211.dat
0 STEP
1 72 0 0 0 1 0 0 0 1 0 0 0 1 32064.dat
1 72 0 0 20 1 0 0 0 1 0 0 0 1 32064.dat
1 72 0 0 40 1 0 0 0 1 0 0 0 1 32064.dat
0 STEP
1 0 0 10 10 0 0 -1 0 1 0 1 0 0 3705.dat
1 0 0 10 -20 1 0 0 0 0 -1 0 1 0 32474.dat
0 STEP
1 72 0 -8 20 0 0 1 0 1 0 -1 0 0 3021.dat
1 72 0 -8 200 0 0 1 0 1 0 -1 0 0 3021.dat
0 STEP
1 71 10 -8 210 0 0 -1 0 1 0 1 0 0 85984.dat
1 71 -10 -8 210 0 0 1 0 1 0 -1 0 0 85984.dat
0 STEP
1 71 0 -32 180 1 0 0 0 1 0 0 0 1 3039.dat
1 71 0 -40 180 -1 0 0 0 1 0 0 0 -1 48336.dat
1 71 0 -40 180 -1 0 0 0 1 0 0 0 -1 85984.dat
0 STEP
1 71 0 -32 80 1 0 0 0 1 0 0 0 1 3048b.dat
1 71 0 -32 110 0 0 1 0 1 0 -1 0 0 3043.dat
1 71 0 -32 140 -1 0 0 0 1 0 0 0 -1 3048b.dat
0 STEP
1 71 0 -32 20 -1 0 0 0 1 0 0 0 -1 3298.dat
1 71 0 -32 20 1 0 0 0 1 0 0 0 1 85984.dat
0 STEP
1 71 0 -32 0 1 0 0 0 1 0 0 0 1 30236.dat
1 0 -20 -22 -20 0 1 0 0.5 0 -0.866025 -0.866025 0 -0.5 2335.dat
1 71 0 -56 0 1 0 0 0 1 0 0 0 1 3937.dat
0 STEP
1 0 -28 12 110 0 1 0 0 0 -1 -1 0 0 3832.dat
1 71 -52 12 210 0 1 0 -1 0 0 0 0 1 3001.dat
1 71 -28 12 220 0 1 0 1 0 0 0 0 -1 3023.dat
0 STEP
1 71 -28 -18 210 0 1 0 0 0 -1 -1 0 0 3938.dat
1 71 -28 42 210 0 1 0 0 0 -1 -1 0 0 32028.dat
0 STEP
1 71 -76 42 210 0 1 0 0 0 -1 -1 0 0 3048b.dat
1 71 -76 12 210 0 1 0 -1 0 0 0 0 1 3043.dat
1 71 -76 -18 210 0 1 0 0 0 1 1 0 0 3048b.dat
0 STEP
1 0 -52 12 180 0 1 0 -1 0 0 0 0 1 4865b.dat
1 0 -36 12 150 0 1 0 0 0 1 1 0 0 87580.dat
0 STEP
1 0 -28 22 110 0 1 0 0 0 -1 -1 0 0 85984.dat
1 0 -28 2 110 0 1 0 0 0 1 1 0 0 85984.dat
0 STEP
1 0 -36 12 70 0 1 0 0 0 1 1 0 0 87580.dat
1 0 -36 12 30 0 1 0 0 0 1 1 0 0 3068b.dat
0 STEP
1 0 -44 40.182 159.976 0 1 0 -0.34202 0 0.939693 0.939693 0 0.34202 3176.dat
1 0 -44 11.993 149.716 0 -1 0 -0.34202 0 -0.939693 0.939693 0 -0.34202 4073.dat
0 STEP
1 0 -68 49.5802 163.3961 0 1 0 -0.34202 0 0.939693 0.939693 0 0.34202 24309.dat
1 0 -52 77.7711 173.6578 0 1 0 0.939693 0 0.34202 0.34202 0 -0.939693 11203.dat
1 72 -52 109.382 174.5215 0 1 0 0.939693 0 0.34202 0.34202 0 -0.939693 3024.dat
1 72 -52 102.5417 193.3153 0 1 0 0.939693 0 0.34202 0.34202 0 -0.939693 3024.dat
1 0 -52 93.1438 189.8959 0 1 0 0.939693 0 0.34202 0.34202 0 -0.939693 85984.dat
1 0 -52 99.9842 171.1021 0 1 0 -0.939693 0 -0.34202 -0.34202 0 0.939693 85984.dat
0 STEP
1 0 -44 41.252 61.93 0 1 0 0.258819 0 0.965926 0.965926 0 -0.258819 3176.dat
1 0 -44 12.276 69.694 0 -1 0 0.258819 0 -0.965926 0.965926 0 0.258819 4073.dat
0 STEP
1 0 -68 50.9118 59.3407 0 1 0 0.258819 0 0.965926 0.965926 0 -0.258819 24309.dat
1 0 -52 79.8898 51.5762 0 1 0 0.965926 0 -0.258819 -0.258819 0 -0.965926 11203.dat
1 72 -52 106.2793 34.1524 0 1 0 0.965926 0 -0.258819 -0.258819 0 -0.965926 3024.dat
1 72 -52 111.4557 53.4709 0 1 0 0.965926 0 -0.258819 -0.258819 0 -0.965926 3024.dat
1 0 -52 101.7962 56.0583 0 1 0 0.965926 0 -0.258819 -0.258819 0 -0.965926 85984.dat
1 0 -52 96.6198 36.7397 0 1 0 -0.965926 0 0.258819 0.258819 0 0.965926 85984.dat
0 STEP
1 0 28 12 110 0 -1 0 0 0 1 -1 0 0 3832.dat
1 71 52 12 210 0 -1 0 1 0 0 0 0 1 3001.dat
1 71 28 12 220 0 -1 0 -1 0 0 0 0 -1 3023.dat
0 STEP
1 71 28 42 210 0 -1 0 0 0 -1 1 0 0 32028.dat
1 71 28 -18 210 0 -1 0 0 0 -1 1 0 0 3938.dat
0 STEP
1 71 76 -18 210 0 -1 0 0 0 1 -1 0 0 3048b.dat
1 71 76 12 210 0 -1 0 1 0 0 0 0 1 3043.dat
1 71 76 42 210 0 -1 0 0 0 -1 1 0 0 3048b.dat
0 STEP
1 0 52 12 180 0 -1 0 1 0 0 0 0 1 4865b.dat
1 0 36 12 150 0 -1 0 0 0 -1 1 0 0 87580.dat
0 STEP
1 0 28 2 110 0 -1 0 0 0 1 -1 0 0 85984.dat
1 0 28 22 110 0 -1 0 0 0 -1 1 0 0 85984.dat
0 STEP
1 0 36 12 70 0 -1 0 0 0 -1 1 0 0 87580.dat
1 0 36 12 30 0 -1 0 0 0 -1 1 0 0 3068b.dat
0 STEP
1 0 44 40.182 159.976 0 -1 0 0.34202 0 0.939693 -0.939693 0 0.34202 3176.dat
1 0 44 11.993 149.716 0 1 0 0.34202 0 -0.939693 -0.939693 0 -0.34202 4073.dat
0 STEP
1 0 68 49.5802 163.3961 0 -1 0 0.34202 0 0.939693 -0.939693 0 0.34202 24309.dat
1 0 52 77.7711 173.6578 0 -1 0 0.939693 0 -0.34202 0.34202 0 0.939693 11203.dat
1 72 52 109.382 174.5215 0 -1 0 0.939693 0 -0.34202 0.34202 0 0.939693 3024.dat
1 72 52 102.5417 193.3153 0 -1 0 0.939693 0 -0.34202 0.34202 0 0.939693 3024.dat
1 0 76 96.564 180.499 0 -1 0 0.939693 0 -0.34202 0.34202 0 0.939693 3300.dat
0 STEP
1 0 44 41.252 61.93 0 -1 0 -0.258819 0 0.965926 -0.965926 0 -0.258819 3176.dat
1 0 44 12.276 69.694 0 1 0 -0.258819 0 -0.965926 -0.965926 0 0.258819 4073.dat
0 STEP
1 0 76 99.208 46.399 0 -1 0 0.965926 0 0.258819 -0.258819 0 0.965926 3300.dat
1 0 52 79.8897 51.5762 0 -1 0 0.965926 0 0.258819 -0.258819 0 0.965926 11203.dat
1 72 52 106.2793 34.1524 0 -1 0 0.965926 0 0.258819 -0.258819 0 0.965926 3024.dat
1 72 52 111.4557 53.4709 0 -1 0 0.965926 0 0.258819 -0.258819 0 0.965926 3024.dat
1 0 68 50.9118 59.3407 0 -1 0 -0.258819 0 0.965926 -0.965926 0 -0.258819 24309.dat
0 STEP
1 72 10 -42.118 204.121 0 0 1 0.707107 -0.707107 0 0.707107 0.707107 0 2555.dat
1 72 -10 -42.118 204.121 0 0 1 0.707107 -0.707107 0 0.707107 0.707107 0 2555.dat
1 72 0 -47.775 209.775 1 0 0 0 -0.707107 -0.707107 0 0.707107 -0.707107 60470.dat
0 STEP
1 0 0 -49.065 196.926 0 0 1 0.707107 -0.707107 0 0.707107 0.707107 0 4871.dat
1 72 0 -61.795 195.509 -1 0 0 0 -0.707107 0.707107 0 0.707107 0.707107 32028.dat
1 72 0 -56.138 189.852 -1 0 0 0 -0.707107 0.707107 0 0.707107 0.707107 32028.dat
1 71 0 -50.482 184.196 -1 0 0 0 -0.707107 0.707107 0 0.707107 0.707107 3069b.dat
0 STEP
1 0 30 -39.167 172.883 1 0 0 0 -0.707107 -0.707107 0 0.707107 -0.707107 3040.dat
1 0 -30 -39.167 172.883 1 0 0 0 -0.707107 -0.707107 0 0.707107 -0.707107 3040.dat
1 0 -30 -39.167 172.883 0 0 1 0.707107 -0.707107 0 0.707107 0.707107 0 54200.dat
1 0 30 -39.167 172.883 0 0 -1 -0.707107 -0.707107 0 -0.707107 0.707107 0 54200.dat
0 STEP
1 72 0 -42.143 244.309 -1 0 0 0 -0.891006 -0.453991 0 -0.453991 0.891006 48336.dat
1 71 0 -42.304 244.23 -1 0 0 0 -0.891007 -0.45399 0 -0.45399 0.891007 85984.dat
0 STEP
1 0 0 -39.556 256.852 0 0 -1 0.45399 -0.891007 0 -0.891007 -0.45399 0 4871.dat
1 72 0 -51.223 262.129 1 0 0 0 -0.891007 0.45399 0 -0.45399 -0.891007 32028.dat
1 72 0 -44.096 265.762 1 0 0 0 -0.891007 0.45399 0 -0.45399 -0.891007 32028.dat
1 71 0 -36.969 269.391 1 0 0 0 -0.891007 0.45399 0 -0.45399 -0.891007 3069b.dat
0 STEP
1 0 -30 -22.714 276.656 -1 0 0 0 -0.891007 -0.45399 0 -0.45399 0.891007 3040.dat
1 0 30 -22.714 276.656 -1 0 0 0 -0.891007 -0.45399 0 -0.45399 0.891007 3040.dat
1 0 30 -22.714 276.656 0 0 -1 0.45399 -0.891007 0 -0.891007 -0.45399 0 54200.dat
1 0 -30 -22.714 276.656 0 0 1 -0.45399 -0.891007 0 0.891007 -0.45399 0 54200.dat
0 STEP
1 0 0 58.928 7.07 1 0 0 0 0.707107 0.707107 0 -0.707107 0.707107 3937.dat
1 0 -10 75.898 -9.899 0 0 1 -0.707107 0.707107 0 -0.707107 -0.707107 0 3040.dat
1 0 10 75.898 -9.899 0 0 -1 0.707107 0.707107 0 0.707107 -0.707107 0 3040.dat
0 STEP
1 0 0 92.871 -26.869 1 0 0 0 0.707107 0.707107 0 -0.707107 0.707107 3710.dat
1 0 10 112.669 -18.386 1 0 0 0 0.707107 0.707107 0 -0.707107 0.707107 3676.dat
1 0 -10 112.669 -18.386 0 0 1 -0.707107 0.707107 0 -0.707107 -0.707107 0 3676.dat
1 0 0 107.011 -12.73 -1 0 0 0 0.707107 -0.707107 0 -0.707107 -0.707107 48336.dat
0 STEP
1 0 0 84.385 9.901 -1 0 0 0 0.707107 -0.707107 0 -0.707107 -0.707107 2432.dat
1 71 -30 112.669 -18.386 0 0 1 -0.707107 0.707107 0 -0.707107 -0.707107 0 54200.dat
1 71 30 112.669 -18.386 0 0 -1 0.707107 0.707107 0 0.707107 -0.707107 0 54200.dat
0 STEP
1 0 0 87.212 7.072 0 0 1 0.707107 0.707107 0 -0.707107 0.707107 0 2555.dat
1 0 0 92.869 12.727 1 0 0 0 0.707107 -0.707107 0 0.707107 0.707107 3062b.dat
1 0 0 109.84 29.698 1 0 0 0 0.707107 -0.707107 0 0.707107 0.707107 3062b.dat
0 STEP
1 0 0 143.781 63.639 1 0 0 0 -0.707107 0.707107 0 -0.707107 -0.707107 3062b.dat
1 0 0 177.723 97.58 1 0 0 0 -0.707107 0.707107 0 -0.707107 -0.707107 30374.dat
1 0 0 160.753 80.611 -1 0 0 0 -0.707107 -0.707107 0 -0.707107 0.707107 4589.dat
0 STEP
1 71 0 -54.5 5 1 0 0 0 0.866025 0.5 0 -0.5 0.866025 02-02-ankle-guard.ldr
0 STEP
1 0 0 13.473 -39.696 1 0 0 0 0.173648 0.984808 0 -0.984808 0.173648 01-foot.ldr
0 NOFILE
0 FILE 02-02-ankle-guard.ldr
0 
0 Name: 02-02-ankle-guard.ldr
0 Author: Nathanel Titane // nathanel.titane@gmail.com // All Rights Reserved
1 71 0 0 0 -1 0 0 0 1 0 0 0 -1 6134.dat
1 0 20 -8.0003 -0.0002 0 0 -1 0 1 0 1 0 0 15672.dat
1 0 -20 -8.0003 -0.0002 0 0 1 0 1 0 -1 0 0 15672.dat
0 STEP
1 0 0 -31.9999 -20.0005 1 0 0 0 1 0 0 0 1 2432.dat
1 71 0 -16.0005 -0.0015 -1 0 0 0 1 0 0 0 -1 32028.dat
1 71 0 -24.0005 -0.0015 -1 0 0 0 1 0 0 0 -1 32028.dat
1 71 0 -32.0005 -0.0015 -1 0 0 0 1 0 0 0 -1 32028.dat
1 0 0 -40.0005 -0.0015 1 0 0 0 1 0 0 0 1 99563.dat
0 STEP
1 0 -30 0 0 -1 0 0 0 1 0 0 0 -1 4460a.dat
1 0 30 0 0 -1 0 0 0 1 0 0 0 -1 4460a.dat
0 STEP
1 0 -30 71.9997 10.0007 0 0 1 0 1 0 -1 0 0 44728.dat
1 0 -30 79.9998 0 -1 0 0 0 1 0 0 0 -1 2449.dat
1 0 30 71.9997 10.0007 0 0 -1 0 1 0 1 0 0 44728.dat
1 0 30 79.9998 0 -1 0 0 0 1 0 0 0 -1 2449.dat
0 STEP
1 0 -30 120.0002 -10.0006 0 0 1 -1 0 0 0 -1 0 3004.dat
1 0 -30 89.9995 -9.9999 1 0 0 0 0 1 0 -1 0 6541.dat
1 0 30 120.0002 -10.0006 0 0 1 -1 0 0 0 -1 0 3004.dat
1 0 30 89.9995 -9.9999 1 0 0 0 0 1 0 -1 0 6541.dat
0 STEP
1 0 -30 89.9997 -34.0002 -1 0 0 0 0 -1 0 -1 0 4287.dat
1 0 30 89.9997 -34.0002 -1 0 0 0 0 -1 0 -1 0 4287.dat
0 STEP
1 72 -30 79.9987 -20 -1 0 0 0 -1 0 0 0 1 3024.dat
1 0 -30 71.9994 -20.0008 -1 0 0 0 -1 0 0 0 1 2449.dat
1 36 -30 79.9985 -39.9996 -1 0 0 0 -1 0 0 0 1 3070b.dat
1 72 30 79.9987 -20 -1 0 0 0 -1 0 0 0 1 3024.dat
1 0 30 71.9994 -20.0008 -1 0 0 0 -1 0 0 0 1 2449.dat
1 36 30 79.9985 -39.9996 -1 0 0 0 -1 0 0 0 1 3070b.dat
0 STEP
1 71 -52 91.9998 -9.9985 0 1 0 1 0 0 0 0 -1 51739.dat
1 71 -60 91.9998 -9.9985 0 1 0 1 0 0 0 0 -1 51739.dat
0 STEP
1 71 -44 91.9998 19.9994 0 1 0 1 0 0 0 0 -1 85984.dat
1 71 -68 91.9998 -9.9985 0 1 0 -1 0 0 0 0 1 4150.dat
0 STEP
1 71 52 91.9998 -9.9985 0 -1 0 -1 0 0 0 0 -1 51739.dat
1 71 60 91.9998 -9.9985 0 -1 0 -1 0 0 0 0 -1 51739.dat
0 STEP
1 71 44 91.9998 19.9994 0 -1 0 -1 0 0 0 0 -1 85984.dat
1 71 68 91.9998 -9.9985 0 -1 0 1 0 0 0 0 1 4150.dat
0 NOFILE
0 FILE 03-01-foreleg.ldr
0 
0 Name: 03-01-foreleg.ldr
0 Author: Nathanel Titane // nathanel.titane@gmail.com // All Rights Reserved
1 0 -1.2252 24 80.6935 0.258819 0 -0.965926 0 1 0 0.965926 0 0.258819 3021.dat
1 71 8.434 32 78.1053 -0.965926 0 -0.258819 0 1 0 0.258819 0 -0.965926 3676.dat
0 STEP
0 STEP
1 0 -6.4016 32 61.375 -0.965926 0 -0.258819 0 1 0 0.258819 0 -0.965926 3839a.dat
1 0 -6.4016 40 61.375 -0.965926 0 -0.258819 0 1 0 0.258819 0 -0.965926 3839a.dat
1 71 -6.4016 48 61.375 0.965926 0 0.258819 0 1 0 -0.258819 0 0.965926 3938.dat
0 STEP
1 72 -8.9898 0 51.7157 0.258819 0 -0.965926 0 1 0 0.965926 0 0.258819 3003.dat
1 72 1.363 0 90.3528 0.965926 0 0.258819 0 1 0 -0.258819 0 0.965926 48170.dat
1 0 40 10 80 1 0 0 0 1 0 0 0 1 47455.dat
0 STEP
1 0 -1.9187 24 39.4683 0.965926 0 0.258819 0 1 0 -0.258819 0 0.965926 4287.dat
1 0 -21.2372 24 44.6447 0.965926 0 0.258819 0 1 0 -0.258819 0 0.965926 4287.dat
1 72 -21.9305 0 3.4194 -0.965933 0 -0.258794 0 1 0 0.258794 0 -0.965933 32064.dat
1 72 -16.7546 0 22.738 -0.965933 0 -0.258794 0 1 0 0.258794 0 -0.965933 32064.dat
0 STEP
1 71 -6.4016 -24 61.375 -0.965926 0 -0.258819 0 1 0 0.258819 0 -0.965926 3298.dat
1 71 -6.4016 -32 61.375 0.965926 0 0.258819 0 1 0 -0.258819 0 0.965926 99563.dat
0 STEP
1 0 -16.7544 -8 22.738 -0.258819 0 0.965926 0 1 0 -0.965926 0 -0.258819 3021.dat
1 0 -14.1662 -32 32.3972 -0.258819 0 0.965926 0 1 0 -0.965926 0 -0.258819 3043.dat
1 0 -21.9307 -32 3.4194 0.965926 0 0.258819 0 1 0 -0.258819 0 0.965926 3048b.dat
0 STEP
1 0 -21.9307 10 3.4194 0.258819 0 -0.965926 0 1 0 0.965926 0 0.258819 4519.dat
1 0 -29.6953 10 -25.5583 0.258819 -0.965926 -0.000025 0 0.000026 -1 0.965926 0.258819 0.000007 32174.dat
0 STEP
1 72 -20.036 -10 -28.1462 0.258794 0.965933 -0.000007 0.000026 0 1 0.965933 -0.258794 -0.000025 20482.dat
1 72 -39.3547 -10 -22.9704 0.258794 -0.965933 0.000007 0.000026 0 -1 0.965933 0.258794 0.000025 20482.dat
1 72 -47.0821 -10 -20.9001 0.258794 -0.965933 0.000007 0.000026 0 -1 0.965933 0.258794 0.000025 4073.dat
1 72 -12.3085 -10 -30.2166 0.258794 0.965933 -0.000007 0.000026 0 1 0.965933 -0.258794 -0.000025 4073.dat
0 STEP
1 0 -94.4001 20 -267.0398 0.965926 0 0.258819 0 1 0 -0.258819 0 0.965926 02-01-shin.ldr
0 NOFILE
0 FILE 03-02-foreleg.ldr
0 
0 Name: 03-02-foreleg.ldr
0 Author: Nathanel Titane // nathanel.titane@gmail.com // All Rights Reserved
1 0 1.2252 24 80.6935 -0.258819 0 -0.965926 0 1 0 0.965926 0 -0.258819 3021.dat
1 71 10.8845 32 83.2817 -0.965926 0 0.258819 0 1 0 -0.258819 0 -0.965926 3676.dat
0 STEP
0 STEP
1 0 6.4016 32 61.375 -0.965926 0 0.258819 0 1 0 -0.258819 0 -0.965926 3839a.dat
1 0 6.4016 40 61.375 -0.965926 0 0.258819 0 1 0 -0.258819 0 -0.965926 3839a.dat
1 71 6.4016 48 61.375 0.965926 0 -0.258819 0 1 0 0.258819 0 0.965926 3938.dat
0 STEP
1 72 8.9898 0 51.7157 -0.258819 0 -0.965926 0 1 0 0.965926 0 -0.258819 3003.dat
1 72 -1.363 0 90.3528 -0.965926 0 0.258819 0 1 0 -0.258819 0 -0.965926 48170.dat
1 0 -40 10 80 -1 0 0 0 1 0 0 0 -1 47455.dat
0 STEP
1 0 21.2372 24 44.6447 0.965926 0 -0.258819 0 1 0 0.258819 0 0.965926 4287.dat
1 0 1.9187 24 39.4683 0.965926 0 -0.258819 0 1 0 0.258819 0 0.965926 4287.dat
1 72 21.931 0 3.4195 -0.965919 0 0.258844 0 1 0 -0.258844 0 -0.965919 32064.dat
1 72 16.7542 0 22.7379 -0.965919 0 0.258844 0 1 0 -0.258844 0 -0.965919 32064.dat
0 STEP
1 71 6.4016 -24 61.375 -0.965926 0 0.258819 0 1 0 -0.258819 0 -0.965926 3298.dat
1 71 6.4016 -32 61.375 0.965926 0 -0.258819 0 1 0 0.258819 0 0.965926 99563.dat
0 STEP
1 0 16.7544 -8 22.738 0.258819 0 0.965926 0 1 0 -0.965926 0 0.258819 3021.dat
1 0 14.1662 -32 32.3972 0.258819 0 0.965926 0 1 0 -0.965926 0 0.258819 3043.dat
1 0 21.9307 -32 3.4194 0.965926 0 -0.258819 0 1 0 0.258819 0 0.965926 3048b.dat
0 STEP
1 0 21.9307 10 3.4194 -0.258819 0 -0.965926 0 1 0 0.965926 0 -0.258819 4519.dat
1 0 29.6953 10 -25.5583 -0.258819 -0.965926 -0.000025 0 0.000026 -1 0.965926 -0.258819 -0.000007 32174.dat
0 STEP
1 72 39.3545 -10 -22.9698 -0.258844 0.965919 0.000007 0.000026 0 1 0.965919 0.258844 -0.000025 20482.dat
1 72 20.0361 -10 -28.1468 -0.258844 -0.965919 -0.000007 0.000026 0 -1 0.965919 -0.258844 0.000025 20482.dat
1 72 12.3088 -10 -30.2176 -0.258844 -0.965919 -0.000007 0.000026 0 -1 0.965919 -0.258844 0.000025 4073.dat
1 72 47.0819 -10 -20.8991 -0.258844 0.965919 0.000007 0.000026 0 1 0.965919 0.258844 -0.000025 4073.dat
0 STEP
1 0 94.4001 20 -267.0398 0.965926 0 -0.258819 0 1 0 0.258819 0 0.965926 02-01-shin.ldr
0 NOFILE
0 FILE 04-waist.ldr
0 
0 Name: 04-waist.ldr
0 Author: Nathanel Titane // nathanel.titane@gmail.com // All Rights Reserved
1 0 0 56 40 0 0 1 0 1 0 -1 0 0 3022.dat
1 0 0 32 50 -1 0 0 0 1 0 0 0 -1 3937.dat
0 STEP
1 0 -30 32 50 0 0 1 0 1 0 -1 0 0 4287.dat
1 0 30 32 50 0 0 -1 0 1 0 1 0 0 4287.dat
1 72 -30 56 50 1 0 0 0 1 0 0 0 1 4073.dat
1 72 30 56 50 1 0 0 0 1 0 0 0 1 4073.dat
0 STEP
1 0 0 24 50 1 0 0 0 1 0 0 0 1 3460.dat
1 71 0 32 50 1 0 0 0 1 0 0 0 1 3938.dat
0 STEP
1 0 0 24 10 0 0 1 0 1 0 -1 0 0 3021.dat
1 0 0 32 30 1 0 0 0 1 0 0 0 1 3747b.dat
0 STEP
1 71 0 0 30 1 0 0 0 1 0 0 0 1 3700.dat
1 71 0 0 50 1 0 0 0 1 0 0 0 1 3700.dat
1 0 0 10 50 0 0 1 0 1 0 -1 0 0 6558.dat
1 71 0 0 0 1 0 0 0 1 0 0 0 1 48172.dat
0 STEP
1 0 -50 0 50 0 0 -1 0 1 0 1 0 0 3040.dat
1 0 -70 0 50 0 0 1 0 1 0 -1 0 0 4070.dat
1 0 -60 0 50 -1 0 0 0 1 0 0 0 -1 85984.dat
1 0 -89 10 50 0 1 0 0 0 -1 -1 0 0 48729b.dat
0 STEP
1 0 50 0 50 0 0 1 0 1 0 -1 0 0 3040.dat
1 0 70 0 50 0 0 -1 0 1 0 1 0 0 4070.dat
1 0 60 0 50 -1 0 0 0 1 0 0 0 -1 85984.dat
1 0 89 10 50 0 -1 0 0 0 -1 1 0 0 48729b.dat
0 STEP
1 0 0 -8 30 0 0 1 0 1 0 -1 0 0 3021.dat
1 0 0 -8 -10 1 0 0 0 1 0 0 0 1 44728.dat
0 STEP
1 0 0 -32 10 1 0 0 0 1 0 0 0 1 3039.dat
1 0 -10 -32 40 0 0 1 0 1 0 -1 0 0 3660.dat
1 0 10 -32 40 0 0 -1 0 1 0 1 0 0 3660.dat
0 STEP
1 0 0 22 -24 1 0 0 0 0 -1 0 1 0 85984.dat
1 0 0 2 -24 -1 0 0 0 0 1 0 1 0 85984.dat
0 STEP
1 0 0 -56 40 0 0 1 0 1 0 -1 0 0 3003.dat
1 0 0 -56 10 1 0 0 0 1 0 0 0 1 3747b.dat
1 0 0 -80 50 1 0 0 0 1 0 0 0 1 3298.dat
1 0 0 -80 -30 -1 0 0 0 1 0 0 0 -1 3039.dat
0 STEP
1 0 10 -80 -30 0 0 -1 0 1 0 1 0 0 54200.dat
1 0 -10 -80 -30 0 0 1 0 1 0 -1 0 0 54200.dat
1 0 10 -80 50 0 0 -1 0 1 0 1 0 0 54200.dat
1 0 -10 -80 50 0 0 1 0 1 0 -1 0 0 54200.dat
0 STEP
1 0 -30 -56 40 0 0 1 0 1 0 -1 0 0 3937.dat
1 0 30 -56 40 0 0 -1 0 1 0 1 0 0 3937.dat
0 STEP
1 71 -10 64 40 0 0 1 0 1 0 -1 0 0 3938.dat
1 71 10 64 40 0 0 1 0 1 0 -1 0 0 3938.dat
1 0 0 74 40 0 -1 0 0 0 1 -1 0 0 3937.dat
1 0 0 74 40 0 1 0 0 0 1 1 0 0 3937.dat
0 STEP
1 0 -24 74 40 0 -1 0 1 0 0 0 0 1 42022.dat
1 0 -48 74 40 0 -1 0 1 0 0 0 0 1 42023.dat
0 STEP
1 0 -72 74 30 0 -1 0 0 0 -1 1 0 0 3665.dat
1 0 -72 74 50 0 -1 0 0 0 -1 1 0 0 3676.dat
1 0 -72 84 70 0 -1 0 -1 0 0 0 0 -1 85984.dat
0 STEP
1 0 -48 94 40 0 -1 0 0 0 -1 1 0 0 3004.dat
1 0 -40 94 40 0 -1 0 0 0 -1 1 0 0 32028.dat
1 0 -32 94 40 0 -1 0 0 0 -1 1 0 0 32028.dat
1 0 -8 94 40 0 -1 0 0 0 -1 1 0 0 3048b.dat
0 STEP
1 0 24 74 40 0 1 0 -1 0 0 0 0 1 42022.dat
1 0 48 74 40 0 1 0 -1 0 0 0 0 1 42023.dat
0 STEP
1 0 72 74 30 0 1 0 0 0 -1 -1 0 0 3665.dat
1 0 72 74 50 0 1 0 1 0 0 0 0 -1 3676.dat
1 0 72 84 70 0 1 0 1 0 0 0 0 -1 85984.dat
0 STEP
1 0 48 94 40 0 1 0 0 0 1 1 0 0 3004.dat
1 0 40 94 40 0 1 0 0 0 -1 -1 0 0 32028.dat
1 0 32 94 40 0 1 0 0 0 -1 -1 0 0 32028.dat
1 0 8 94 40 0 1 0 0 0 -1 -1 0 0 3048b.dat
0 STEP
0 !LEOCAD PIECE PIVOT  40 10 80 1 0 0 0 1 0 0 0 1
1 0 -100 0 -80 1 0 0 0 1 0 0 0 1 03-01-foreleg.ldr
0 STEP
0 !LEOCAD PIECE PIVOT  -40 10 80 1 0 0 0 1 0 0 0 1
1 0 100 0 -80 1 0 0 0 1 0 0 0 1 03-02-foreleg.ldr
0 STEP
0 !LEOCAD PIECE PIVOT  0 2 0 1 0 0 0 1 0 0 0 1
1 0 -30.8446 -47.8118 40 0.906308 0.422618 0 -0.422618 0.906308 0 0 0 1 05-01-front-skirt.ldr
0 STEP
0 !LEOCAD PIECE PIVOT  0 2 0 1 0 0 0 1 0 0 0 1
1 0 30.8446 -47.8118 40 0.906308 -0.422618 0 0.422618 0.906308 0 0 0 1 05-02-front-skirt.ldr
0 STEP
0 !LEOCAD PIECE PIVOT  20 2 0 1 0 0 0 1 0 0 0 1
1 0 -105.2363 10 63.1103 0.819152 -0.573577 0 0 0 1 -0.573577 -0.819152 0 06-side-skirt.ldr
0 STEP
0 !LEOCAD PIECE PIVOT  20 2 0 1 0 0 0 1 0 0 0 1
1 0 105.2363 10 63.1103 -0.819152 0.573577 0 0 0 -1 -0.573577 -0.819152 0 06-side-skirt.ldr
0 NOFILE
0 FILE 05-01-front-skirt.ldr
0 
0 Name: 05-01-front-skirt.ldr
0 Author: Nathanel Titane // nathanel.titane@gmail.com // All Rights Reserved
1 71 0 -8 0 0 0 -1 0 1 0 1 0 0 3938.dat
1 0 0 -32 10 0 0 1 0 1 0 -1 0 0 43710.dat
1 0 0 -32 10 -1 0 0 0 1 0 0 0 -1 54200.dat
1 0 -40 -8 0 0 0 1 0 1 0 -1 0 0 43723.dat
0 NOFILE
0 FILE 05-02-front-skirt.ldr
0 
0 Name: 05-02-front-skirt.ldr
0 Author: Nathanel Titane // nathanel.titane@gmail.com // All Rights Reserved
1 71 0 -8 0 0 0 -1 0 1 0 1 0 0 3938.dat
1 0 0 -32 10 0 0 -1 0 1 0 1 0 0 43711.dat
1 0 0 -32 10 -1 0 0 0 1 0 0 0 -1 54200.dat
1 0 40 -8 0 0 0 -1 0 1 0 1 0 0 43722.dat
0 NOFILE
0 FILE 06-side-skirt.ldr
0 
0 Name: 06-side-skirt.ldr
0 Author: Nathanel Titane // nathanel.titane@gmail.com // All Rights Reserved
1 71 0 0 0 0 0 -1 0 1 0 1 0 0 48336.dat
1 0 0 8 -10 1 0 0 0 1 0 0 0 1 3665.dat
1 0 0 8 10 -1 0 0 0 1 0 0 0 -1 3665.dat
1 0 0 8 30 0 0 -1 0 1 0 1 0 0 54200.dat
1 0 0 8 -30 0 0 -1 0 1 0 1 0 0 54200.dat
1 71 0 -8 0 0 0 1 0 1 0 -1 0 0 2436a.dat
1 0 -38 2 0 0 1 0 0 0 -1 -1 0 0 47759.dat
1 72 -22 32 0 0 1 0 0 0 -1 -1 0 0 3022.dat
1 0 -38 62 0 0 1 0 0 0 1 1 0 0 47759.dat
1 0 -46 62 0 0 1 0 0 0 1 1 0 0 3069b.dat
1 0 -46 2 0 0 1 0 0 0 1 1 0 0 3069b.dat
1 71 0 72 0 0 0 1 0 -1 0 1 0 0 2436a.dat
1 71 0 64 0 0 0 -1 0 -1 0 -1 0 0 32028.dat
1 0 0 56 10 1 0 0 0 -1 0 0 0 -1 3665.dat
1 0 0 56 -10 -1 0 0 0 -1 0 0 0 1 3665.dat
1 0 0 56 -30 0 0 -1 0 -1 0 -1 0 0 54200.dat
1 0 0 56 30 0 0 -1 0 -1 0 -1 0 0 54200.dat
1 0 -10 96 0 0 0 1 0 -1 0 1 0 0 3300.dat
1 0 -10 -32 0 0 0 1 0 1 0 -1 0 0 3300.dat
0 NOFILE
0 FILE 07-01-cr-c90u3.ldr
0 
0 Name: 07-01-cr-c90u3.ldr
0 Author: Nathanel Titane // nathanel.titane@gmail.com // All Rights Reserved
1 71 0 0 0 1 0 0 0 1 0 0 0 1 3700.dat
1 71 10 24 20 1 0 0 0 1 0 0 0 1 3676.dat
1 71 -10 24 20 0 0 1 0 1 0 -1 0 0 3676.dat
1 71 0 0 20 1 0 0 0 1 0 0 0 1 3700.dat
0 STEP
1 71 30 0 20 0 0 -1 0 1 0 1 0 0 4070.dat
1 71 -30 0 20 0 0 1 0 1 0 -1 0 0 4070.dat
1 71 30 0 0 0 0 -1 0 1 0 1 0 0 4070.dat
1 71 -30 0 0 0 0 1 0 1 0 -1 0 0 4070.dat
0 STEP
1 71 0 48 60 1 0 0 0 1 0 0 0 1 3747b.dat
1 0 -30 48 60 0 0 1 0 1 0 -1 0 0 3676.dat
1 0 30 48 60 1 0 0 0 1 0 0 0 1 3676.dat
1 0 10 72 60 0 0 -1 0 1 0 1 0 0 3665.dat
1 0 -10 72 60 0 0 1 0 1 0 -1 0 0 3665.dat
0 STEP
1 0 0 0 70 0 0 -1 0 1 0 1 0 0 6061.dat
1 0 -40 0 70 0 0 1 0 1 0 -1 0 0 2434.dat
1 0 40 0 70 0 0 1 0 1 0 -1 0 0 2434.dat
0 STEP
1 71 10 -24 20 0 0 -1 0 1 0 1 0 0 3040.dat
1 71 -10 -24 20 0 0 1 0 1 0 -1 0 0 3040.dat
0 STEP
1 72 0 48 100 1 0 0 0 1 0 0 0 1 6182.dat
1 72 0 48 80 1 0 0 0 1 0 0 0 1 6182.dat
0 STEP
1 71 30 96 90 0 0 1 0 1 0 -1 0 0 3938.dat
1 71 -30 96 90 0 0 1 0 1 0 -1 0 0 3938.dat
1 72 -30 96 90 0 0 1 0 1 0 -1 0 0 3937.dat
1 72 30 96 90 0 0 -1 0 1 0 1 0 0 3937.dat
0 STEP
1 0 -84 20 100 0 1 0 -1 0 0 0 0 1 3039.dat
1 71 -84 20 60 0 1 0 -1 0 0 0 0 1 3049c.dat
1 71 -84 20 40 0 1 0 -1 0 0 0 0 1 3048b.dat
1 0 -92 20 100 0 1 0 1 0 0 0 0 -1 99563.dat
0 STEP
1 0 84 20 100 0 -1 0 1 0 0 0 0 1 3039.dat
1 71 84 20 60 0 -1 0 1 0 0 0 0 1 3049c.dat
1 71 84 20 40 0 -1 0 1 0 0 0 0 1 3048b.dat
1 0 92 20 100 0 -1 0 -1 0 0 0 0 -1 99563.dat
0 STEP
1 0 0 120 90 1 0 0 0 1 0 0 0 1 6061.dat
1 72 10 168 80 0 0 -1 0 1 0 1 0 0 3676.dat
1 72 -10 168 80 -1 0 0 0 1 0 0 0 -1 3676.dat
1 72 0 96 90 1 0 0 0 1 0 0 0 1 3941.dat
1 72 0 72 90 1 0 0 0 1 0 0 0 1 98100.dat
0 STEP
1 0 10 -24 0 0 0 -1 0 1 0 1 0 0 4286.dat
1 0 -10 -24 0 0 0 1 0 1 0 -1 0 0 4286.dat
0 STEP
1 0 -50 0 0 -1 0 0 0 1 0 0 0 -1 3040.dat
1 0 -50 24 20 1 0 0 0 1 0 0 0 1 3665.dat
1 0 50 0 0 -1 0 0 0 1 0 0 0 -1 3040.dat
1 0 50 24 20 1 0 0 0 1 0 0 0 1 3665.dat
0 STEP
1 0 -50 50 20 0 -1 0 1 0 0 0 0 1 2780.dat
1 0 50 50 20 0 -1 0 1 0 0 0 0 1 2780.dat
0 STEP
1 71 -50 70 20 0 1 0 1 0 0 0 0 -1 62462.dat
1 72 -50 90 20 1 0 0 0 1 0 0 0 1 85861.dat
1 71 50 70 20 0 -1 0 1 0 0 0 0 1 62462.dat
1 72 50 90 20 1 0 0 0 1 0 0 0 1 85861.dat
0 STEP
1 0 0 -24 40 1 0 0 0 1 0 0 0 1 3009.dat
0 STEP
1 71 -50 48 100 1 0 0 0 1 0 0 0 1 3665.dat
1 71 50 48 100 1 0 0 0 1 0 0 0 1 3665.dat
0 STEP
0 STEP
1 71 0 -24 70 1 0 0 0 1 0 0 0 1 3941.dat
1 71 0 -48 70 1 0 0 0 1 0 0 0 1 3941.dat
1 71 0 -72 70 1 0 0 0 1 0 0 0 1 3941.dat
1 72 0 -80 70 1 0 0 0 1 0 0 0 1 18674.dat
1 71 0 -88 70 1 0 0 0 1 0 0 0 1 18674.dat
1 71 0 -97 70 0.707107 -0.707107 0 0 0 1 -0.707107 -0.707107 0 32187.dat
1 71 0 -109 70 1 0 0 0 1 0 0 0 1 4073.dat
1 71 0 -117 70 0 0 -1 0 1 0 1 0 0 4592.dat
0 STEP
1 0 -30 -72 70 0 0 -1 0 1 0 1 0 0 2362b.dat
1 0 30 -72 70 0 0 1 0 1 0 -1 0 0 2362b.dat
0 STEP
1 71 -50 -24 70 0 0 1 0 1 0 -1 0 0 3660.dat
1 0 -50 -72 70 0 0 -1 0 1 0 1 0 0 3245b.dat
1 71 50 -24 70 0 0 -1 0 1 0 1 0 0 3660.dat
1 0 50 -72 70 0 0 -1 0 1 0 1 0 0 3245b.dat
0 STEP
1 71 -70 -72 70 0 0 -1 0 1 0 1 0 0 3245b.dat
1 71 70 -72 70 0 0 -1 0 1 0 1 0 0 3245b.dat
0 STEP
1 0 40 -96 60 1 0 0 0 1 0 0 0 1 3937.dat
1 71 40 -96 60 1 0 0 0 1 0 0 0 1 3938.dat
1 0 40 -96 80 -1 0 0 0 1 0 0 0 -1 3937.dat
1 71 40 -96 80 -1 0 0 0 1 0 0 0 -1 3938.dat
1 0 -40 -96 60 1 0 0 0 1 0 0 0 1 3937.dat
1 71 -40 -96 60 1 0 0 0 1 0 0 0 1 3938.dat
1 0 -40 -96 80 -1 0 0 0 1 0 0 0 -1 3937.dat
1 71 -40 -96 80 -1 0 0 0 1 0 0 0 -1 3938.dat
0 STEP
1 0 -70 -80 70 0 0 1 0 1 0 -1 0 0 44728.dat
1 71 -70 -80 80 -1 0 0 0 1 0 0 0 -1 54200.dat
1 71 -70 -80 60 1 0 0 0 1 0 0 0 1 54200.dat
1 0 70 -80 70 0 0 -1 0 1 0 1 0 0 44728.dat
1 71 70 -80 80 -1 0 0 0 1 0 0 0 -1 54200.dat
1 71 70 -80 60 1 0 0 0 1 0 0 0 1 54200.dat
0 STEP
1 0 -92 -60 80 0 1 0 -1 0 0 0 0 1 99563.dat
1 71 -92 -50 60 0 1 0 -1 0 0 0 0 1 98138.dat
1 71 -92 -70 60 0 1 0 -1 0 0 0 0 1 98138.dat
1 0 92 -60 80 0 -1 0 1 0 0 0 0 1 99563.dat
1 71 92 -50 60 0 -1 0 -1 0 0 0 0 -1 98138.dat
1 71 92 -70 60 0 -1 0 -1 0 0 0 0 -1 98138.dat
0 STEP
1 0 0 -48 40 1 0 0 0 1 0 0 0 1 3298.dat
1 0 0 -72 40 1 0 0 0 1 0 0 0 1 3937.dat
1 71 0 -72 40 1 0 0 0 1 0 0 0 1 3938.dat
1 72 0 -80 40 1 0 0 0 1 0 0 0 1 32028.dat
1 72 0 -88 40 1 0 0 0 1 0 0 0 1 32028.dat
1 0 0 -104 40 1 0 0 0 1 0 0 0 1 47458.dat
0 STEP
1 72 -40 -34 40 0 0 1 0 1 0 -1 0 0 43857.dat
1 72 40 -34 40 0 0 1 0 1 0 -1 0 0 43857.dat
0 STEP
1 71 -40 -44 40 1 0 0 0 -1 0 0 0 -1 3023.dat
1 72 -30 -52 40 0 0 1 0 -1 0 1 0 0 3665.dat
1 71 40 -44 40 1 0 0 0 -1 0 0 0 -1 3023.dat
1 72 30 -52 40 0 0 -1 0 -1 0 -1 0 0 3665.dat
0 STEP
1 0 -40 -96 70 0 0 1 0 1 0 -1 0 0 30602.dat
1 0 40 -96 70 0 0 -1 0 1 0 1 0 0 30602.dat
0 STEP
1 71 0 -48 100 -1 0 0 0 1 0 0 0 -1 3245a.dat
1 72 0 -56 100 -1 0 0 0 1 0 0 0 -1 32028.dat
1 72 0 -64 100 -1 0 0 0 1 0 0 0 -1 32028.dat
1 72 0 -72 100 -1 0 0 0 1 0 0 0 -1 32028.dat
1 72 0 -80 100 -1 0 0 0 1 0 0 0 -1 32028.dat
1 71 0 -88 100 -1 0 0 0 1 0 0 0 -1 48336.dat
1 71 0 -112 100 -1 0 0 0 1 0 0 0 -1 3004.dat
1 71 0 -120 100 1 0 0 0 1 0 0 0 1 3794b.dat
1 0 0 -140 100 0 0 -1 1 0 0 0 -1 0 62462.dat
1 1 0 -160 100 0 1 0 -1 0 0 0 0 1 43093.dat
1 0 0 -190 100 0 -1 0 -1 0 0 0 0 -1 32054.dat
0 STEP
1 0 30 -24 110 0 0 -1 0 1 0 1 0 0 3004.dat
1 0 30 -96 100 -1 0 0 0 1 0 0 0 -1 4460a.dat
1 0 -30 -24 110 0 0 -1 0 1 0 1 0 0 3004.dat
1 0 -30 -96 100 -1 0 0 0 1 0 0 0 -1 4460a.dat
0 STEP
1 0 -50 -72 100 -1 0 0 0 1 0 0 0 -1 3685.dat
1 0 -50 -96 100 0 0 1 0 1 0 -1 0 0 4070.dat
1 0 50 -72 100 0 0 -1 0 1 0 1 0 0 3685.dat
1 0 50 -96 100 0 0 -1 0 1 0 1 0 0 4070.dat
0 STEP
1 0 -64 -86 100 0 1 0 1 0 0 0 0 -1 3070b.dat
1 0 64 -86 100 0 -1 0 1 0 0 0 0 1 3070b.dat
1 0 40 -120 100 0 0 -1 0 1 0 1 0 0 3044c.dat
1 0 -40 -120 100 0 0 -1 0 1 0 1 0 0 3044c.dat
0 STEP
1 71 -50 0 120 -1 0 0 0 1 0 0 0 -1 3038.dat
1 71 50 0 120 -1 0 0 0 1 0 0 0 -1 3038.dat
1 72 -60 24 130 -1 0 0 0 1 0 0 0 -1 48169.dat
1 72 60 24 130 1 0 0 0 1 0 0 0 1 48169.dat
0 STEP
1 0 -100 34 130 1 0 0 0 1 0 0 0 1 6628.dat
1 0 100 34 130 -1 0 0 0 1 0 0 0 -1 6628.dat
0 STEP
1 71 -50 48 120 -1 0 0 0 1 0 0 0 -1 3676.dat
1 71 50 48 120 0 0 -1 0 1 0 1 0 0 3676.dat
0 STEP
1 0 30 24 130 0 0 -1 0 1 0 1 0 0 3004.dat
1 0 -30 24 130 0 0 1 0 1 0 -1 0 0 3004.dat
1 0 -30 48 120 0 0 1 0 1 0 -1 0 0 4070.dat
1 0 -30 48 140 -1 0 0 0 1 0 0 0 -1 3040.dat
