0 FILE 00-instructions.ldr
0 Name: 00-instructions.ldr
0 Author: Nathanel Titane // nathanel.titane@gmail.com // All Rights Reserved
0
0 // LPUB[3D] FRONT COVER PAGE /////////////////////////////////////////////////
0
0 !LPUB PAGE DOCUMENT_TITLE_FRONT COLOR "#666666"
0 !LPUB PAGE DOCUMENT_TITLE_FRONT CONTENT GLOBAL "MODEL // CR-C840-UL LIGHTWEIGHT"
0 !LPUB PAGE DOCUMENT_TITLE_FRONT DISPLAY GLOBAL TRUE
0 !LPUB PAGE DOCUMENT_TITLE_FRONT FONT "Noto Sans,72,-1,0,75,0,0,0,0,0,Bold"
0 !LPUB PAGE DOCUMENT_TITLE_FRONT MARGINS 0.2500 0.1000
0 !LPUB PAGE DOCUMENT_TITLE_FRONT PLACEMENT GLOBAL TOP_LEFT PAGE INSIDE OFFSET 0.0000 0.0000

0 !LPUB PAGE DOCUMENT_AUTHOR_FRONT CONTENT GLOBAL "MODEL DESIGN AND INSTRUCTIONS // NATHANEL TITANE"
0 !LPUB PAGE DOCUMENT_AUTHOR_FRONT COLOR "#666666"
0 !LPUB PAGE DOCUMENT_AUTHOR_FRONT DISPLAY GLOBAL TRUE
0 !LPUB PAGE DOCUMENT_AUTHOR_FRONT FONT "Noto Sans,18,-1,0,75,0,0,0,0,0,Bold"
0 !LPUB PAGE DOCUMENT_AUTHOR_FRONT MARGINS 0.3000 1.0000
0 !LPUB PAGE DOCUMENT_AUTHOR_FRONT PLACEMENT TOP_LEFT PAGE INSIDE OFFSET 0.0000 0.0000

0 !LPUB PAGE MODEL_PARTS COLOR "#666666"
0 !LPUB PAGE MODEL_PARTS CONTENT GLOBAL "1044 PIECES"
0 !LPUB PAGE MODEL_PARTS DISPLAY GLOBAL TRUE
0 !LPUB PAGE MODEL_PARTS FONT "Noto Sans,72,-1,0,75,0,0,0,0,0,Bold"
0 !LPUB PAGE MODEL_PARTS MARGINS 0.2500 0.1000
0 !LPUB PAGE MODEL_PARTS PLACEMENT GLOBAL BOTTOM_LEFT PAGE INSIDE OFFSET 0.0000 0.0000

0 !LPUB PAGE PUBLISH_DESCRIPTION COLOR "#666666"
0 !LPUB PAGE PUBLISH_DESCRIPTION CONTENT GLOBAL "LEGO // LINUX - Where Lego and Linux Meet"
0 !LPUB PAGE PUBLISH_DESCRIPTION DISPLAY GLOBAL TRUE
0 !LPUB PAGE PUBLISH_DESCRIPTION FONT "Noto Sans,36,-1,0,75,0,0,0,0,0,Bold"
0 !LPUB PAGE PUBLISH_DESCRIPTION MARGINS 0.2000 0.2000
0 !LPUB PAGE PUBLISH_DESCRIPTION PLACEMENT GLOBAL BOTTOM_RIGHT PAGE INSIDE OFFSET 0.0000 0.0000
0
0 // LPUB[3D] BACK COVER PAGE //////////////////////////////////////////////////
0
0 // LPUB[3D] DOCUMENT DISCLAIMER
0 !LPUB PAGE LEGO_DISCLAIMER COLOR "#666666"
0 !LPUB PAGE LEGO_DISCLAIMER CONTENT GLOBAL "LEGO® // REGISTERED TRADEMARK OF THE LEGO GROUP"
0 !LPUB PAGE LEGO_DISCLAIMER DISPLAY GLOBAL TRUE
0 !LPUB PAGE LEGO_DISCLAIMER FONT "Noto Sans,36,-1,0,75,0,0,0,0,0,Bold"
0 !LPUB PAGE LEGO_DISCLAIMER PLACEMENT GLOBAL CENTER PAGE INSIDE OFFSET 0.0000 -0.2500
0
0 // LPUB[3D] PAGE DOCUMENT AUTHOR
0 !LPUB PAGE DOCUMENT_AUTHOR_BACK COLOR "#666666"
0 !LPUB PAGE DOCUMENT_AUTHOR_BACK CONTENT GLOBAL "MODEL DESIGN AND INSTRUCTIONS // NATHANEL TITANE"
0 !LPUB PAGE DOCUMENT_AUTHOR_BACK DISPLAY GLOBAL TRUE
0 !LPUB PAGE DOCUMENT_AUTHOR_BACK FONT "Noto Sans,36,-1,0,75,0,0,0,0,0,Bold"
0 !LPUB PAGE DOCUMENT_AUTHOR_BACK PLACEMENT CENTER PAGE INSIDE OFFSET 0.0000 -0.2000
0
0 // LPUB[3D] PAGE PUBLICATION COPYRIGHT
0 !LPUB PAGE PUBLISH_COPYRIGHT_BACK COLOR "#666666"
0 !LPUB PAGE PUBLISH_COPYRIGHT_BACK CONTENT GLOBAL "COPYRIGHT // ALL RIGHTS RESERVED"
0 !LPUB PAGE PUBLISH_COPYRIGHT_BACK DISPLAY GLOBAL TRUE
0 !LPUB PAGE PUBLISH_COPYRIGHT_BACK FONT "Noto Sans,36,-1,0,75,0,0,0,0,0,Bold"
0 !LPUB PAGE PUBLISH_COPYRIGHT_BACK PLACEMENT GLOBAL CENTER PAGE INSIDE OFFSET 0.0000 -0.1500
0
0 // LPUB[3D] PAGE PUBLICATION EMAIL
0 !LPUB PAGE PUBLISH_EMAIL_BACK COLOR "#666666"
0 !LPUB PAGE PUBLISH_EMAIL_BACK CONTENT GLOBAL "CONTACT // NATHANEL.TITANE@GMAIL.COM // INFO@LEGOLINUX.COM"
0 !LPUB PAGE PUBLISH_EMAIL_BACK DISPLAY GLOBAL TRUE
0 !LPUB PAGE PUBLISH_EMAIL_BACK FONT "Noto Sans,18,-1,0,75,0,0,0,0,0,Bold"
0 !LPUB PAGE PUBLISH_EMAIL_BACK PLACEMENT GLOBAL CENTER PAGE INSIDE OFFSET 0.0000 -0.0500
0
0 // LPUB[3D] PAGE PUBLICATION URL
0 !LPUB PAGE PUBLISH_URL_BACK COLOR "#666666"
0 !LPUB PAGE PUBLISH_URL_BACK CONTENT GLOBAL "WEB // HTTPS://LEGOLINUX.COM/MODELS/ARMORED-CORES/CR-C840-UL-LIGHTWEIGHT"
0 !LPUB PAGE PUBLISH_URL_BACK DISPLAY GLOBAL TRUE
0 !LPUB PAGE PUBLISH_URL_BACK FONT "Noto Sans,18,-1,0,75,0,0,0,0,0,Bold"
0 !LPUB PAGE PUBLISH_URL_BACK PLACEMENT GLOBAL CENTER PAGE INSIDE OFFSET 0.0000 -0.0250
0
0 // LPUB[3D] PAGE LOGO
0 !LPUB PAGE DOCUMENT_LOGO_BACK DISPLAY GLOBAL TRUE
0 !LPUB PAGE DOCUMENT_LOGO_BACK FILE GLOBAL "/media/internal/Lego/lpub3d/instructions/logo.png"
0 !LPUB PAGE DOCUMENT_LOGO_BACK PLACEMENT CENTER PAGE INSIDE OFFSET 0.0000 0.45000
0 !LPUB PAGE DOCUMENT_LOGO_BACK SCALE GLOBAL  1.0000
0
0 // LPUB[3D] CONFIGURATION ////////////////////////////////////////////////////
0
0 // LPUB[3D] PAGE WATERMARK
0 !LPUB PAGE PUBLISH_EMAIL CONTENT GLOBAL "CONTACT // NATHANEL.TITANE@GMAIL.COM // INFO@LEGOLINUX.COM"
0 !LPUB PAGE PUBLISH_EMAIL COLOR "#666666"
0 !LPUB PAGE PUBLISH_EMAIL DISPLAY GLOBAL TRUE
0 !LPUB PAGE PUBLISH_EMAIL FONT "Noto Sans,18,-1,0,75,0,0,0,0,0,Bold"
0 !LPUB PAGE PUBLISH_EMAIL MARGINS 0.0000 0.1500
0 !LPUB PAGE PUBLISH_EMAIL PLACEMENT GLOBAL BOTTOM PAGE INSIDE OFFSET 0.0000 0.0000
0 !LPUB PAGE DOCUMENT_AUTHOR CONTENT GLOBAL "MODEL DESIGN AND INSTRUCTIONS // NATHANEL TITANE"
0 !LPUB PAGE DOCUMENT_AUTHOR COLOR "#666666"
0 !LPUB PAGE DOCUMENT_AUTHOR DISPLAY GLOBAL TRUE
0 !LPUB PAGE DOCUMENT_AUTHOR FONT "Noto Sans,18,-1,0,75,0,0,0,0,0,Bold"
0 !LPUB PAGE DOCUMENT_AUTHOR MARGINS 0.0000 0.2000
0 !LPUB PAGE DOCUMENT_AUTHOR PLACEMENT GLOBAL TOP PAGE INSIDE OFFSET 0.0000 0.0000
0
0 // LPUB[3D] STEPS HIGHLIGHT
0 !LPUB HIGHLIGHT_STEP ENABLED GLOBAL TRUE
0 !LPUB HIGHLIGHT_STEP COLOR GLOBAL "#7137C8"
0
0 // LPUB[3D] STEP FADE
0 !LPUB FADE_STEP OPACITY GLOBAL "50"
0 !LPUB FADE_STEP COLOR GLOBAL "Trans_Black"
0 !LPUB FADE_STEP ENABLED GLOBAL TRUE
0 !LPUB FINAL_MODEL_ENABLED GLOBAL TRUE
0
0 // LPUB[3D] SUBMODEL PREVIEW
0 !LPUB SUBMODEL_DISPLAY SHOW GLOBAL TRUE
0 !LPUB SUBMODEL_DISPLAY BACKGROUND COLOR "#DDDDDD"
0 !LPUB SUBMODEL_DISPLAY MARGINS 0.1500 0.7500
0 !LPUB SUBMODEL_DISPLAY BORDER SQUARE 0 Black 0.031 MARGINS 0.050 0.050
0 !LPUB SUBMODEL_DISPLAY PLACEMENT GLOBAL LEFT PAGE INSIDE
0 !LPUB SUBMODEL_DISPLAY CAMERA_ANGLES 30.0000 45.0000
0
0 // LPUB[3D] ASSEMBLIES
0 !LPUB ASSEM CAMERA_ANGLES 30.0000 45.0000
0 !LPUB ASSEM MARGINS 0.5000 0.5000
0 !LPUB ASSEM MODEL_SCALE 1.0000
0 !LPUB ASSEM PLACEMENT CENTER PAGE INSIDE OFFSET 0.0000 0.0000
0
0 // LPUB[3D] BILL OF MATERIALS
0 !LPUB BOM BACKGROUND COLOR "#DDDDDD"
0 !LPUB BOM BORDER SQUARE 0 #666666 0.025 MARGINS 0.050 0.050
0 !LPUB BOM CONSTRAIN HEIGHT 13.0000
0 !LPUB BOM CONSTRAIN SQUARE
0 !LPUB BOM PLACEMENT CENTER PAGE INSIDE OFFSET 0.0000 0.0000
0
0 // LPUB[3D] CALLOUTS
0 !LPUB CALLOUT BORDER SQUARE 0 #666666 0.025 MARGINS 0.050 0.050
0 !LPUB CALLOUT MARGINS 0.1250 0.1250
0 !LPUB CALLOUT PLACEMENT RIGHT PAGE INSIDE OFFSET 0.0000 0.0000
0
0 // LPUB[3D] PAGE
0 !LPUB PAGE DOCUMENT_COVER_IMAGE DISPLAY GLOBAL TRUE
0 !LPUB PAGE DOCUMENT_COVER_IMAGE FILE GLOBAL "../renders/flat/flat.png"
0 !LPUB PAGE DOCUMENT_COVER_IMAGE FILL GLOBAL ASPECT
0 !LPUB PAGE DOCUMENT_COVER_IMAGE MARGINS GLOBAL 0.0000 0.0000
0 !LPUB PAGE DOCUMENT_COVER_IMAGE PLACEMENT GLOBAL CENTER PAGE INSIDE OFFSET 0.0000 0.0000
0 !LPUB PAGE DOCUMENT_COVER_IMAGE SCALE GLOBAL 1.0000
0
0 // LPUB[3D] PAGE NUMBER
0 !LPUB PAGE NUMBER FONT "Noto Sans,36,-1,0,75,0,0,0,0,0,Bold"
0 !LPUB PAGE NUMBER FONT_COLOR "#666666"
0 !LPUB PAGE NUMBER MARGINS 0.1250 0.1250
0 !LPUB PAGE NUMBER PLACEMENT BOTTOM_RIGHT PAGE INSIDE OFFSET 0.0000 0.0000
0
0 // LPUB[3D] PAGE SETUP
0 !LPUB PAGE BORDER GLOBAL NONE 0 MARGINS 0.000 0.000
0 !LPUB PAGE ENABLE_TEXT_PLACEMENT GLOBAL CENTER PAGE INSIDE OFFSET 0.0000 0.0000
0 !LPUB PAGE TEXT_PLACEMENT GLOBAL TRUE
0 !LPUB PAGE PAGE_FOOTER SIZE GLOBAL 32.0000 0.5000
0 !LPUB PAGE PAGE_HEADER SIZE GLOBAL 32.0000 0.5000
0 !LPUB PAGE MARGINS GLOBAL 0.0000 0.0000
0 !LPUB PAGE ORIENTATION GLOBAL LANDSCAPE
0 !LPUB PAGE SIZE GLOBAL 16.0000 32.0000
0
0 // LPUB[3D] PAGE COLORS
0 !LPUB PAGE SUBMODEL_BACKGROUND_COLOR GLOBAL "#DDDDDD" "#FFE680" "#FFAAAA" "#C6AFE9"
0
0 // LPUB[3D] SUBMODELS
0 !LPUB PAGE SUBMODEL_INSTANCE_COUNT FONT_COLOR "#FF5555"
0 !LPUB PAGE SUBMODEL_INSTANCE_COUNT FONT "Noto Sans,72,-1,0,75,0,0,0,0,0,Bold"
0 !LPUB PAGE SUBMODEL_INSTANCE_COUNT MARGINS 0.0000 0.1250
0 !LPUB PAGE SUBMODEL_INSTANCE_COUNT PLACEMENT BOTTOM_RIGHT PAGE INSIDE OFFSET 0.0000 -0.0500
0
0 // LPUB[3D] PARTS LIST
0 !LPUB PLI BACKGROUND COLOR "#DDDDDD"
0 !LPUB PLI BORDER SQUARE 0 #666666 0.025 MARGINS 0.0500 0.050
0 !LPUB PLI CAMERA_ANGLES 30.0000 45.0000
0 !LPUB PLI CONSTRAIN HEIGHT 5.0000
0 !LPUB PLI MODEL_SCALE  1.0000
0 !LPUB PLI MARGINS 0.1500 0.7500
0 !LPUB PLI PLACEMENT TOP_RIGHT PAGE INSIDE OFFSET 0.0000 0.0000
0 !LPUB PLI INSTANCE_COUNT FONT "Noto Sans,36,-1,0,75,0,0,0,0,0,Bold"
0 !LPUB PLI INSTANCE_COUNT FONT_COLOR "#666666"
0 !LPUB PLI INSTANCE_COUNT MARGINS 0.0125 0.0125
0 !LPUB PLI INSTANCE_COUNT MARGINS 0.0125 0.3000
0
0 // LPUB[3D] STEP NUMBER
0 !LPUB STEP_NUMBER FONT "Noto Sans,72,-1,0,75,0,0,0,0,0,Bold"
0 !LPUB STEP_NUMBER FONT_COLOR "#666666"
0 !LPUB STEP_NUMBER MARGINS 0.1250 0.0000
0 !LPUB STEP_NUMBER PLACEMENT TOP_LEFT PAGE INSIDE OFFSET 0.0000 0.0000
0
0 // LPUB[3D] BEGIN INSTRUCTIONS ///////////////////////////////////////////////
0
0 STEP
0 !LPUB INSERT COVER_PAGE FRONT
0 STEP
0 !LPUB ASSEM MODEL_SCALE LOCAL 0.7500
1 0 0 0 0 1 0 0 0 1 0 0 0 1 00-model.ldr
0 STEP
0
0 // LPUB[3D] DISABLE FINAL MODEL SHOWCASE /////////////////////////////////////
0
0 !LPUB NOSTEP
0
0 // LPUB[3D] BOM PAGES
0 STEP
0 !LPUB INSERT PAGE
0 !LPUB INSERT BOM
0 STEP
0 !LPUB INSERT PAGE
0 !LPUB INSERT BOM
0 STEP
0 !LPUB INSERT PAGE
0 !LPUB INSERT BOM
0 STEP
0 !LPUB INSERT PAGE
0 !LPUB INSERT BOM
0 STEP
0 !LPUB INSERT PAGE
0 !LPUB INSERT BOM
0 STEP
0 !LPUB INSERT PAGE
0 !LPUB INSERT BOM
0 STEP
0 !LPUB INSERT PAGE
0 !LPUB INSERT BOM
0 STEP
0 !LPUB INSERT PAGE
0 !LPUB INSERT BOM
0 STEP
0 !LPUB INSERT PAGE
0 !LPUB INSERT BOM
0 STEP
0 !LPUB INSERT PAGE
0 !LPUB INSERT BOM
0 STEP
0 !LPUB INSERT PAGE
0 !LPUB INSERT BOM
0 STEP
0 !LPUB INSERT PAGE
0 !LPUB INSERT BOM
0 STEP
0
0 !LPUB NOSTEP
0
0 !LPUB INSERT COVER_PAGE BACK
0
0 // LPUB[3D] END INSTRUCTIONS /////////////////////////////////////////////////
0
0 NOFILE
0 FILE 00-model.ldr
0 
0 Name: 00-model.ldr
0 Author: Nathanel Titane // nathanel.titane@gmail.com // All Rights Reserved
1 0 0 0 0 1 0 0 0 0 -1 0 1 0 04-waist.ldr
0 STEP
1 0 0 -70 0 1 0 0 0 0 -1 0 1 0 07-cr-c840-ul.ldr
0 STEP
0 STEP
0 NOFILE
0 FILE 01-foot.ldr
0 
0 Name: 01-foot.ldr
0 Author: Nathanel Titane // nathanel.titane@gmail.com // All Rights Reserved
1 0 0 0 0 1 0 0 0 0 1 0 -1 0 32174.dat
1 72 0 20 2 0 1 0 0 0 1 1 0 0 6587.dat
1 71 0 10 20 1 0 0 0 1 0 0 0 1 32064.dat
0 STEP
1 72 0 20 32 1 0 0 0 0 -1 0 1 0 15535.dat
1 72 0 20 40 1 0 0 0 0 -1 0 1 0 2654.dat
0 STEP
1 0 0 34 20 1 0 0 0 1 0 0 0 1 4263.dat
1 72 -30 34 20 1 0 0 0 -1 0 0 0 -1 85861.dat
1 72 30 34 20 1 0 0 0 -1 0 0 0 -1 85861.dat
0 STEP
1 71 -33.473 10 39.696 0.984808 0 -0.173648 0 1 0 0.173648 0 0.984808 2921.dat
1 71 -35.21 2 49.544 0.173648 0 0.984808 0 1 0 -0.984808 0 0.173648 99563.dat
1 71 -36.946 10 59.393 -0.984808 0 0.173648 0 1 0 -0.173648 0 -0.984808 3040.dat
0 STEP
1 71 -40.419 34 79.089 0.984808 0 -0.173648 0 1 0 0.173648 0 0.984808 4287.dat
1 0 -42.155 58 88.937 -0.173648 0 -0.984808 0 1 0 0.984808 0 -0.173648 32028.dat
1 0 -42.155 66 88.937 -0.173648 0 -0.984808 0 1 0 0.984808 0 -0.173648 32028.dat
1 0 -43.892 58 98.785 -0.984808 0 0.173648 0 1 0 -0.173648 0 -0.984808 54200.dat
0 STEP
1 71 33.473 10 39.696 0.984808 0 0.173648 0 1 0 -0.173648 0 0.984808 2921.dat
1 71 35.21 2 49.544 -0.173648 0 0.984808 0 1 0 -0.984808 0 -0.173648 99563.dat
1 71 36.946 10 59.393 -0.984808 0 -0.173648 0 1 0 0.173648 0 -0.984808 3040.dat
0 STEP
1 71 40.419 34 79.089 0.984808 0 0.173648 0 1 0 -0.173648 0 0.984808 4287.dat
1 0 42.155 58 88.937 -0.173648 0 0.984808 0 1 0 -0.984808 0 -0.173648 32028.dat
1 0 42.155 66 88.937 -0.173648 0 0.984808 0 1 0 -0.984808 0 -0.173648 32028.dat
1 0 43.892 58 98.785 -0.984808 0 -0.173648 0 1 0 0.173648 0 -0.984808 54200.dat
0 STEP
1 0 0 2 20 1 0 0 0 1 0 0 0 1 4263.dat
1 0 0 -6 20 1 0 0 0 1 0 0 0 1 99563.dat
1 72 -30 10 20 1 0 0 0 1 0 0 0 1 85861.dat
1 72 30 10 20 1 0 0 0 1 0 0 0 1 85861.dat
0 STEP
1 71 0 10 -20 1 0 0 0 1 0 0 0 1 32064.dat
1 71 0 34 -60 -1 0 0 0 1 0 0 0 -1 3747b.dat
0 STEP
1 0 0 58 -60 1 0 0 0 1 0 0 0 1 3839a.dat
1 0 0 66 -90 0 0 1 0 1 0 -1 0 0 3020.dat
0 STEP
1 0 0 58 -110 0 0 1 0 1 0 -1 0 0 3020.dat
1 0 -10 58 -140 0 0 1 0 1 0 -1 0 0 54200.dat
1 0 10 58 -140 0 0 -1 0 1 0 1 0 0 54200.dat
1 0 0 66 -140 -1 0 0 0 1 0 0 0 -1 3839a.dat
0 STEP
1 71 0 34 -80 1 0 0 0 1 0 0 0 1 3298.dat
1 71 0 10 -40 1 0 0 0 1 0 0 0 1 3298.dat
0 STEP
1 71 -10 10 -30 0 0 1 0 1 0 -1 0 0 85984.dat
1 71 10 10 -30 0 0 -1 0 1 0 1 0 0 85984.dat
0 NOFILE
0 FILE 02-shin.ldr
0 
0 Name: 02-shin.ldr
0 Author: Nathanel Titane // nathanel.titane@gmail.com // All Rights Reserved
1 0 -10 32 180 1 0 0 0 1 0 0 0 1 4287.dat
1 0 10 32 180 1 0 0 0 1 0 0 0 1 4287.dat
1 0 -10 32 200 -1 0 0 0 1 0 0 0 -1 3665.dat
1 0 10 32 200 -1 0 0 0 1 0 0 0 -1 3665.dat
0 STEP
1 72 0 24 110 0 0 1 0 1 0 -1 0 0 2445.dat
0 STEP
1 72 0 32 80 -1 0 0 0 1 0 0 0 -1 3839b.dat
1 72 0 32 110 -1 0 0 0 1 0 0 0 -1 3022.dat
0 STEP
1 71 0 40 120 -1 0 0 0 1 0 0 0 -1 3938.dat
1 71 0 40 100 -1 0 0 0 1 0 0 0 -1 3938.dat
1 71 0 40 80 -1 0 0 0 1 0 0 0 -1 3938.dat
0 STEP
1 0 10 32 20 -1 0 0 0 1 0 0 0 -1 4287.dat
1 0 -10 32 20 -1 0 0 0 1 0 0 0 -1 4287.dat
1 0 -30 32 0 0 0 1 0 1 0 -1 0 0 2357.dat
1 0 30 32 0 -1 0 0 0 1 0 0 0 -1 2357.dat
0 STEP
1 72 0 56 10 1 0 0 0 1 0 0 0 1 3022.dat
1 71 0 78 -10 -1 0 0 0 0 1 0 1 0 44728.dat
1 71 0 78 -18 1 0 0 0 0 -1 0 1 0 99563.dat
0 STEP
1 71 0 78 -2 1 0 0 0 0 -1 0 1 0 32028.dat
1 71 0 78 6 1 0 0 0 0 -1 0 1 0 32028.dat
1 71 0 78 30 1 0 0 0 0 -1 0 1 0 3938.dat
1 71 0 78 22 1 0 0 0 0 -1 0 1 0 32028.dat
1 71 0 78 14 1 0 0 0 0 -1 0 1 0 32028.dat
0 STEP
1 72 0 16 110 0 0 1 0 1 0 -1 0 0 3795.dat
0 STEP
1 72 0 0 220 -1 0 0 0 1 0 0 0 -1 85943.dat
0 STEP
1 0 0 10 250 -0.000026 1 0 1 0.000026 -0.000026 -0.000026 0 -1 53585.dat
1 0 0 10 250 -1 0 0.000026 0 1 0 -0.000026 0 -1 3705.dat
0 STEP
1 72 -19.9997 9.9997 250 -0.000026 -1 0 -1 0.000026 0 0 0 -1 15535.dat
1 72 -27.9997 9.9999 250 -0.000026 -1 0 -1 0.000026 0 0 0 -1 18674.dat
1 72 -35.9997 10.0002 250 -0.000026 -1 0 -1 0.000026 0 0 0 -1 2654.dat
0 STEP
1 72 20.0003 9.9966 250 0.000079 1 0 1 -0.000079 0 0 0 -1 15535.dat
1 72 28.0003 9.996 250 0.000079 1 0 1 -0.000079 0 0 0 -1 18674.dat
1 72 36.0003 9.9953 250 0.000079 1 0 1 -0.000079 0 0 0 -1 2654.dat
0 STEP
1 72 0 0 190 1 0 0 0 1 0 0 0 1 3003.dat
0 STEP
1 0 -10 -8 150 0 0 1 0 1 0 -1 0 0 11211.dat
1 0 -10 -8 110 0 0 1 0 1 0 -1 0 0 11211.dat
1 0 -10 -8 70 0 0 1 0 1 0 -1 0 0 11211.dat
1 0 10 -8 150 0 0 -1 0 1 0 1 0 0 11211.dat
1 0 10 -8 110 0 0 -1 0 1 0 1 0 0 11211.dat
1 0 10 -8 70 0 0 -1 0 1 0 1 0 0 11211.dat
0 STEP
1 72 0 0 0 1 0 0 0 1 0 0 0 1 32064.dat
1 72 0 0 20 1 0 0 0 1 0 0 0 1 32064.dat
1 72 0 0 40 1 0 0 0 1 0 0 0 1 32064.dat
0 STEP
1 0 0 10 10 0 0 -1 0 1 0 1 0 0 3705.dat
1 0 0 10 -20 1 0 0 0 0 -1 0 1 0 32474.dat
0 STEP
1 72 0 -8 20 0 0 1 0 1 0 -1 0 0 3021.dat
1 72 0 -8 200 0 0 1 0 1 0 -1 0 0 3021.dat
0 STEP
1 72 10 -8 220 0 0 -1 0 1 0 1 0 0 54200.dat
1 72 -10 -8 220 0 0 1 0 1 0 -1 0 0 54200.dat
0 STEP
1 71 0 -32 200 -1 0 0 0 1 0 0 0 -1 3937.dat
1 71 0 -32 200 1 0 0 0 1 0 0 0 1 6134.dat
1 71 0 -40 210 0 0 -1 0 1 0 1 0 0 92582.dat
0 STEP
1 71 0 -32 180 1 0 0 0 1 0 0 0 1 3298.dat
1 71 0 -40 180 1 0 0 0 1 0 0 0 1 3794b.dat
0 STEP
1 71 -10 -8 110 0 0 1 0 1 0 -1 0 0 85984.dat
1 71 10 -8 110 0 0 -1 0 1 0 1 0 0 85984.dat
1 71 -10 -8 70 0 0 1 0 1 0 -1 0 0 85984.dat
1 71 10 -8 70 0 0 -1 0 1 0 1 0 0 85984.dat
1 71 0 -8 40 -1 0 0 0 1 0 0 0 -1 85984.dat
1 71 0 -8 20 1 0 0 0 1 0 0 0 1 85984.dat
0 STEP
1 71 0 -32 0 1 0 0 0 1 0 0 0 1 3660.dat
1 71 0 -56 0 -1 0 0 0 1 0 0 0 -1 3048b.dat
1 71 0 -56 -20 0 0 -1 0 1 0 1 0 0 3044c.dat
0 STEP
1 71 0 -68.6274 200.201 0 0 -1 0.707107 0.707107 0 0.707107 -0.707107 0 44302a.dat
1 71 0 -70.0425 187.473 -1 0 0 0 0.707107 -0.707107 0 -0.707107 -0.707107 3665.dat
1 71 0 -109.6395 227.07 -1 0 0 0 0.707107 -0.707107 0 -0.707107 -0.707107 60481.dat
1 71 0 -115.2965 232.727 0 0 1 -0.707107 0.707107 0 -0.707107 -0.707107 0 3070b.dat
0 STEP
1 0 -30 8 -10 0 0 -1 0 1 0 1 0 0 4865b.dat
1 0 30 8 -10 0 0 1 0 1 0 -1 0 0 4865b.dat
0 STEP
1 0 30 56 -20 0 0 -1 0 1 0 1 0 0 3676.dat
1 0 -30 56 -20 -1 0 0 0 1 0 0 0 -1 3676.dat
0 STEP
1 72 -28 12 110 0 1 0 0 0 -1 -1 0 0 3832.dat
1 72 -28 12 220 0 1 0 1 0 0 0 0 -1 18649.dat
0 STEP
1 0 -52 22 190 0 1 0 0 0 -1 -1 0 0 47759.dat
1 72 -36 42 190 0 1 0 0 0 -1 -1 0 0 48336.dat
1 72 -28 42 190 0 1 0 0 0 -1 -1 0 0 32028.dat
0 STEP
1 72 -35.5 68 200 0.965926 -0.258819 0 0.258819 0.965926 0 0 0 1 2555.dat
1 72 -35.5 68 180 0.965926 -0.258819 0 0.258819 0.965926 0 0 0 1 2555.dat
1 71 -37.571 75.727 180 -0.965926 -0.258819 0 -0.258819 0.965926 0 0 0 -1 3665.dat
0 STEP
1 0 -52 2 190 0 1 0 0 0 1 1 0 0 47759.dat
1 72 -36 -18 190 0 1 0 0 0 1 1 0 0 32028.dat
1 72 -28 -18 190 0 1 0 0 0 1 1 0 0 32028.dat
1 0 -60 12 190 0 1 0 0 0 1 1 0 0 3068b.dat
0 STEP
1 0 -28 2 110 0 1 0 0 0 1 1 0 0 85984.dat
1 0 -28 22 110 0 1 0 0 0 -1 -1 0 0 85984.dat
1 0 -28 22 140 0 1 0 0 0 -1 -1 0 0 54200.dat
1 0 -28 2 140 0 1 0 0 0 1 1 0 0 54200.dat
1 0 -28 12 20 0 1 0 -1 0 0 0 0 1 85984.dat
1 0 -28 12 40 0 1 0 1 0 0 0 0 -1 85984.dat
1 0 -28 2 70 0 1 0 0 0 1 1 0 0 85984.dat
1 0 -28 22 70 0 1 0 0 0 -1 -1 0 0 85984.dat
0 STEP
1 72 28 12 110 0 -1 0 0 0 1 -1 0 0 3832.dat
1 72 28 12 220 0 -1 0 -1 0 0 0 0 -1 18649.dat
0 STEP
1 0 52 22 190 0 -1 0 0 0 -1 1 0 0 47759.dat
1 72 36 42 190 0 -1 0 0 0 -1 1 0 0 48336.dat
1 72 28 42 190 0 -1 0 0 0 -1 1 0 0 32028.dat
0 STEP
1 72 35.5 68 200 0.965926 0.258819 0 -0.258819 0.965926 0 0 0 1 2555.dat
1 72 35.5 68 180 0.965926 0.258819 0 -0.258819 0.965926 0 0 0 1 2555.dat
1 71 37.571 75.727 180 -0.965926 0.258819 0 0.258819 0.965926 0 0 0 -1 3665.dat
0 STEP
1 72 36 -18 190 0 -1 0 0 0 1 -1 0 0 32028.dat
1 72 28 -18 190 0 -1 0 0 0 1 -1 0 0 32028.dat
1 0 52 2 190 0 -1 0 0 0 1 -1 0 0 47759.dat
1 0 60 12 190 0 -1 0 0 0 -1 1 0 0 3068b.dat
0 STEP
1 0 28 2 110 0 -1 0 0 0 1 -1 0 0 85984.dat
1 0 28 22 110 0 -1 0 0 0 -1 1 0 0 85984.dat
1 0 28 22 140 0 -1 0 0 0 -1 1 0 0 54200.dat
1 0 28 2 140 0 -1 0 0 0 1 -1 0 0 54200.dat
1 0 28 12 20 0 -1 0 1 0 0 0 0 1 85984.dat
1 0 28 12 40 0 -1 0 -1 0 0 0 0 -1 85984.dat
1 0 28 2 70 0 -1 0 0 0 1 -1 0 0 85984.dat
1 0 28 22 70 0 -1 0 0 0 -1 1 0 0 85984.dat
0 STEP
1 0 -50 8 -10 0 0 1 0 1 0 -1 0 0 3245b.dat
1 0 -50 -16 -10 0 0 -1 0 1 0 1 0 0 3660.dat
1 0 -30 -40 0 0 0 1 0 1 0 -1 0 0 3045.dat
1 71 -30 -40 0 -1 0 0 0 1 0 0 0 -1 54200.dat
0 STEP
1 0 50 8 -10 0 0 1 0 1 0 -1 0 0 3245b.dat
1 0 50 -16 -10 0 0 1 0 1 0 -1 0 0 3660.dat
1 0 30 -40 0 1 0 0 0 1 0 0 0 1 3045.dat
1 71 30 -40 0 -1 0 0 0 1 0 0 0 -1 54200.dat
0 STEP
1 0 0 13.473 -39.696 1 0 0 0 0.173648 0.984808 0 -0.984808 0.173648 01-foot.ldr
0 NOFILE
0 FILE 03-01-foreleg.ldr
0 
0 Name: 03-01-foreleg.ldr
0 Author: Nathanel Titane // nathanel.titane@gmail.com // All Rights Reserved
1 0 -3.8134 40 71.0342 0.965926 0 0.258819 0 1 0 -0.258819 0 0.965926 4871.dat
1 71 -11.578 32 42.0565 0.965926 0 0.258819 0 1 0 -0.258819 0 0.965926 3069b.dat
1 71 3.9512 32 100.012 0.965926 0 0.258819 0 1 0 -0.258819 0 0.965926 3069b.dat
0 STEP
1 0 -10.8845 32 83.2817 -0.258819 0 0.965926 0 1 0 -0.965926 0 -0.258819 3665.dat
1 0 8.434 32 78.1053 0.258819 0 -0.965926 0 1 0 0.965926 0 0.258819 4070.dat
0 STEP
1 71 3.2577 32 58.7868 0.965926 0 0.258819 0 1 0 -0.258819 0 0.965926 3062b.dat
1 71 -16.0609 32 63.9632 0.965926 0 0.258819 0 1 0 -0.258819 0 0.965926 3062b.dat
0 STEP
1 0 -8.9898 24 51.7157 0.258819 0 -0.965926 0 1 0 0.965926 0 0.258819 3795.dat
1 71 -16.7544 32 22.738 -0.965926 0 -0.258819 0 1 0 0.258819 0 -0.965926 6134.dat
0 STEP
1 72 -8.9898 0 51.7157 0.258819 0 -0.965926 0 1 0 0.965926 0 0.258819 3003.dat
1 72 1.363 0 90.3528 0.965926 0 0.258819 0 1 0 -0.258819 0 0.965926 48170.dat
1 0 40 10 80 1 0 0 0 1 0 0 0 1 47455.dat
0 STEP
1 72 -16.7546 0 22.738 -0.965933 0 -0.258794 0 1 0 0.258794 0 -0.965933 32064.dat
1 72 -21.9305 0 3.4194 -0.965933 0 -0.258794 0 1 0 0.258794 0 -0.965933 32064.dat
0 STEP
1 0 1.363 -24 90.3528 0.965926 0 0.258819 0 1 0 -0.258819 0 0.965926 3003.dat
1 0 -21.9307 -24 3.4194 0.965926 0 0.258819 0 1 0 -0.258819 0 0.965926 3048b.dat
1 0 -11.578 -24 42.0565 -0.258819 0 0.965926 0 1 0 -0.965926 0 -0.258819 3042.dat
0 STEP
1 0 -30.203 8 88.4581 -0.965926 0 -0.258819 0 1 0 0.258819 0 -0.965926 2341.dat
1 0 -30.203 -16 88.4581 -0.258819 0 0.965926 0 1 0 -0.965926 0 -0.258819 3622.dat
1 71 -27.6148 -16 98.1173 -0.258819 0 0.965926 0 1 0 -0.965926 0 -0.258819 85984.dat
1 71 -35.3794 -16 69.1396 -0.258819 0 0.965926 0 1 0 -0.965926 0 -0.258819 54200.dat
0 STEP
1 72 3.9512 -32 100.012 -0.965926 0 -0.258819 0 1 0 0.258819 0 -0.965926 44728.dat
1 72 -1.2252 -32 80.6935 0.965926 0 0.258819 0 1 0 -0.258819 0 0.965926 32028.dat
0 STEP
1 71 -8.2963 -32 92.9409 -0.258819 0 0.965926 0 1 0 -0.965926 0 -0.258819 85984.dat
1 71 11.0222 -32 87.7646 0.258819 0 -0.965926 0 1 0 0.965926 0 0.258819 85984.dat
1 71 -2.0846 -12 116.1232 0 -0.258819 0.965926 -1 0 0 0 -0.965926 -0.258819 85984.dat
1 71 17.2339 -12 110.9468 0 -0.258819 -0.965926 1 0 0 0 -0.965926 0.258819 85984.dat
0 STEP
0 STEP
1 0 -21.9307 10 3.4194 0.258819 0 -0.965926 0 1 0 0.965926 0 0.258819 4519.dat
1 0 -29.6953 10 -25.5583 0.258819 -0.965926 -0.000025 0 0.000026 -1 0.965926 0.258819 0.000007 32174.dat
1 72 -20.036 -10 -28.1462 0.258794 0.965933 -0.000007 0.000026 0 1 0.965933 -0.258794 -0.000025 20482.dat
1 72 -12.3085 -10 -30.2166 0.258794 0.965933 -0.000007 0.000026 0 1 0.965933 -0.258794 -0.000025 4073.dat
1 72 -39.3547 -10 -22.9704 0.258794 -0.965933 0.000007 0.000026 0 -1 0.965933 0.258794 0.000025 20482.dat
1 72 -47.0821 -10 -20.9001 0.258794 -0.965933 0.000007 0.000026 0 -1 0.965933 0.258794 0.000025 4073.dat
0 STEP
1 0 -94.4001 20 -267.0398 0.965926 0 0.258819 0 1 0 -0.258819 0 0.965926 02-shin.ldr
0 NOFILE
0 FILE 03-02-foreleg.ldr
0 
0 Name: 03-02-foreleg.ldr
0 Author: Nathanel Titane // nathanel.titane@gmail.com // All Rights Reserved
1 0 3.8134 40 71.0342 0.965926 0 -0.258819 0 1 0 0.258819 0 0.965926 4871.dat
1 71 11.578 32 42.0565 0.965926 0 -0.258819 0 1 0 0.258819 0 0.965926 3069b.dat
1 71 -3.9511 32 100.012 0.965926 0 -0.258819 0 1 0 0.258819 0 0.965926 3069b.dat
0 STEP
1 0 10.8845 32 83.2817 -0.258819 0 -0.965926 0 1 0 0.965926 0 -0.258819 3665.dat
1 0 -8.434 32 78.1053 0.258819 0 0.965926 0 1 0 -0.965926 0 0.258819 4070.dat
0 STEP
1 71 16.0609 32 63.9632 0.965926 0 -0.258819 0 1 0 0.258819 0 0.965926 3062b.dat
1 71 -3.2576 32 58.7868 0.965926 0 -0.258819 0 1 0 0.258819 0 0.965926 3062b.dat
0 STEP
1 0 8.9898 24 51.7157 -0.258819 0 -0.965926 0 1 0 0.965926 0 -0.258819 3795.dat
1 71 16.7544 32 22.7379 -0.965926 0 0.258819 0 1 0 -0.258819 0 -0.965926 6134.dat
0 STEP
1 72 8.9898 0 51.7157 -0.258819 0 -0.965926 0 1 0 0.965926 0 -0.258819 3003.dat
1 72 -1.3629 0 90.3528 -0.965926 0 0.258819 0 1 0 -0.258819 0 -0.965926 48170.dat
1 0 -40 10 80 -1 0 0 0 1 0 0 0 -1 47455.dat
0 STEP
1 72 16.7542 0 22.7379 -0.965919 0 0.258844 0 1 0 -0.258844 0 -0.965919 32064.dat
1 72 21.9311 0 3.4195 -0.965919 0 0.258844 0 1 0 -0.258844 0 -0.965919 32064.dat
0 STEP
1 0 -1.3629 -24 90.3528 0.965926 0 -0.258819 0 1 0 0.258819 0 0.965926 3003.dat
1 0 21.9308 -24 3.4194 0.965926 0 -0.258819 0 1 0 0.258819 0 0.965926 3048b.dat
1 0 11.578 -24 42.0565 0.258819 0 0.965926 0 1 0 -0.965926 0 0.258819 3042.dat
0 STEP
1 0 30.203 8 88.4581 -0.965926 0 0.258819 0 1 0 -0.258819 0 -0.965926 2341.dat
1 0 30.203 -16 88.4581 0.258819 0 0.965926 0 1 0 -0.965926 0 0.258819 3622.dat
1 71 27.6148 -16 98.1173 -0.258819 0 -0.965926 0 1 0 0.965926 0 -0.258819 85984.dat
1 71 35.3794 -16 69.1396 -0.258819 0 -0.965926 0 1 0 0.965926 0 -0.258819 54200.dat
0 STEP
1 72 -3.9511 -32 100.012 -0.965926 0 0.258819 0 1 0 -0.258819 0 -0.965926 44728.dat
1 72 1.2252 -32 80.6935 0.965926 0 -0.258819 0 1 0 0.258819 0 0.965926 32028.dat
0 STEP
1 71 -11.0222 -32 87.7646 0.258819 0 0.965926 0 1 0 -0.965926 0 0.258819 85984.dat
1 71 8.2963 -32 92.941 -0.258819 0 -0.965926 0 1 0 0.965926 0 -0.258819 85984.dat
1 71 -17.2339 -12 110.9468 0 0.258819 0.965926 -1 0 0 0 -0.965926 0.258819 85984.dat
1 71 2.0847 -12 116.1232 0 0.258819 -0.965926 1 0 0 0 -0.965926 -0.258819 85984.dat
0 STEP
0 STEP
1 0 21.9308 10 3.4194 -0.258819 0 -0.965926 0 1 0 0.965926 0 -0.258819 4519.dat
1 0 29.6953 10 -25.5584 -0.258819 -0.965926 -0.000025 0 0.000026 -1 0.965926 -0.258819 -0.000007 32174.dat
1 72 39.3545 -10 -22.9699 -0.258844 0.965919 0.000007 0.000026 0 1 0.965919 0.258844 -0.000025 20482.dat
1 72 47.0819 -10 -20.8991 -0.258844 0.965919 0.000007 0.000026 0 1 0.965919 0.258844 -0.000025 4073.dat
1 72 20.0362 -10 -28.1469 -0.258844 -0.965919 -0.000007 0.000026 0 -1 0.965919 -0.258844 0.000025 20482.dat
1 72 12.3088 -10 -30.2176 -0.258844 -0.965919 -0.000007 0.000026 0 -1 0.965919 -0.258844 0.000025 4073.dat
0 STEP
1 0 94.4001 20 -267.0399 0.965926 0 -0.258819 0 1 0 0.258819 0 0.965926 02-shin.ldr
0 NOFILE
0 FILE 04-waist.ldr
0 
0 Name: 04-waist.ldr
0 Author: Nathanel Titane // nathanel.titane@gmail.com // All Rights Reserved
1 0 -10 32 30 1 0 0 0 1 0 0 0 1 4287.dat
1 0 10 32 30 1 0 0 0 1 0 0 0 1 4287.dat
1 0 -10 32 70 0 0 1 0 1 0 -1 0 0 4070.dat
1 0 10 32 70 0 0 -1 0 1 0 1 0 0 4070.dat
1 0 -10 32 50 0 0 1 0 1 0 -1 0 0 4070.dat
1 0 10 32 50 0 0 -1 0 1 0 1 0 0 4070.dat
0 STEP
1 72 0 24 40 0 0 1 0 1 0 -1 0 0 3020.dat
0 STEP
1 71 0 0 0 1 0 0 0 1 0 0 0 1 48172.dat
1 72 0 24 -10 -1 0 0 0 1 0 0 0 -1 3839b.dat
0 STEP
1 71 0 0 70 1 0 0 0 1 0 0 0 1 3700.dat
1 0 0 10 80 0 0 1 0 1 0 -1 0 0 2780.dat
0 STEP
1 71 10 0 40 0 0 -1 0 1 0 1 0 0 3660.dat
1 71 -10 0 40 0 0 1 0 1 0 -1 0 0 3660.dat
0 STEP
1 72 0 -8 40 0 0 1 0 1 0 -1 0 0 3020.dat
1 72 0 -8 -10 1 0 0 0 1 0 0 0 1 44728.dat
0 STEP
1 71 -30 0 40 0 0 -1 0 1 0 1 0 0 85984.dat
1 71 30 0 40 0 0 1 0 1 0 -1 0 0 85984.dat
1 0 0 22 -24 1 0 0 0 0 -1 0 1 0 85984.dat
1 0 0 2 -24 -1 0 0 0 0 1 0 1 0 85984.dat
0 STEP
1 0 0 -32 10 0 0 1 0 1 0 -1 0 0 3002.dat
1 0 -10 -32 60 0 0 1 0 1 0 -1 0 0 3660.dat
1 0 10 -32 60 0 0 -1 0 1 0 1 0 0 3660.dat
0 STEP
1 71 -10 -32 70 0 0 1 0 1 0 -1 0 0 54200.dat
1 71 10 -32 70 0 0 -1 0 1 0 1 0 0 54200.dat
0 STEP
1 71 0 -56 30 -1 0 0 0 1 0 0 0 -1 3039.dat
1 71 0 -56 10 1 0 0 0 1 0 0 0 1 3039.dat
1 71 -10 -56 20 0 0 1 0 1 0 -1 0 0 85984.dat
1 71 10 -56 20 0 0 -1 0 1 0 1 0 0 85984.dat
0 STEP
1 71 -30 -56 50 -1 0 0 0 1 0 0 0 -1 3040.dat
1 71 -30 -56 50 1 0 0 0 1 0 0 0 1 54200.dat
0 STEP
1 71 30 -56 50 -1 0 0 0 1 0 0 0 -1 3040.dat
1 71 30 -56 50 1 0 0 0 1 0 0 0 1 54200.dat
0 STEP
1 71 0 56 70 1 0 0 0 1 0 0 0 1 3938.dat
1 71 0 56 50 1 0 0 0 1 0 0 0 1 3938.dat
0 STEP
1 0 -48 42 60 0 1 0 0 0 1 1 0 0 3069b.dat
1 0 -40 42 60 0 1 0 0 0 1 1 0 0 52107.dat
0 STEP
1 0 -30 32 60 0 0 -1 0 1 0 1 0 0 85984.dat
1 71 -30 52 70 1 0 0 0 -1 0 0 0 -1 54200.dat
1 71 -30 52 50 -1 0 0 0 -1 0 0 0 1 54200.dat
0 STEP
1 0 40 42 60 0 -1 0 0 0 1 -1 0 0 52107.dat
1 0 48 42 60 0 -1 0 0 0 1 -1 0 0 3069b.dat
0 STEP
1 0 30 32 60 0 0 1 0 1 0 -1 0 0 85984.dat
1 71 30 52 70 1 0 0 0 -1 0 0 0 -1 54200.dat
1 71 30 52 50 -1 0 0 0 -1 0 0 0 1 54200.dat
0 STEP
0 !LEOCAD PIECE PIVOT  40 10 80 1 0 0 0 1 0 0 0 1
1 0 -100 0 -80 1 0 0 0 1 0 0 0 1 03-01-foreleg.ldr
0 STEP
0 !LEOCAD PIECE PIVOT  -40 10 80 1 0 0 0 1 0 0 0 1
1 0 100 0 -80 1 0 0 0 1 0 0 0 1 03-02-foreleg.ldr
0 NOFILE
0 FILE 07-cr-c840-ul.ldr
0 
0 Name: 07-cr-c840-ul.ldr
0 Author: Nathanel Titane // nathanel.titane@gmail.com // All Rights Reserved
1 0 0 72 120 0 0 1 0 1 0 -1 0 0 3021.dat
1 0 0 80 120 0 0 1 0 1 0 -1 0 0 3021.dat
0 STEP
1 71 -10 48 110 1 0 0 0 1 0 0 0 1 42023.dat
1 71 10 48 110 1 0 0 0 1 0 0 0 1 42023.dat
1 71 0 48 140 -1 0 0 0 1 0 0 0 -1 11211.dat
0 STEP
1 72 0 0 120 -1 0 0 0 1 0 0 0 -1 3678b.dat
1 71 -10 -8 120 -1 0 0 0 1 0 0 0 -1 54200.dat
1 71 10 -8 120 -1 0 0 0 1 0 0 0 -1 54200.dat
1 71 0 -8 120 -1 0 0 0 1 0 0 0 -1 14704.dat
0 STEP
1 0 -20 0 70 0 0 -1 0 1 0 1 0 0 6061.dat
1 0 20 0 70 0 0 -1 0 1 0 1 0 0 6061.dat
1 0 -60 0 70 0 0 1 0 1 0 -1 0 0 2434.dat
1 0 60 0 70 0 0 1 0 1 0 -1 0 0 2434.dat
0 STEP
1 0 -104 20 100 0 1 0 -1 0 0 0 0 1 30363.dat
1 0 -112 20 100 0 1 0 1 0 0 0 0 -1 99563.dat
1 0 104 20 100 0 -1 0 1 0 0 0 0 1 30363.dat
1 0 112 20 100 0 -1 0 1 0 0 0 0 1 99563.dat
0 STEP
1 71 10 24 20 1 0 0 0 1 0 0 0 1 3676.dat
1 71 -10 24 20 0 0 1 0 1 0 -1 0 0 3676.dat
0 STEP
1 71 0 0 0 1 0 0 0 1 0 0 0 1 3700.dat
1 71 0 0 20 1 0 0 0 1 0 0 0 1 3700.dat
0 STEP
1 71 30 0 20 0 0 -1 0 1 0 1 0 0 4070.dat
1 71 -30 0 20 0 0 1 0 1 0 -1 0 0 4070.dat
1 71 30 0 0 0 0 -1 0 1 0 1 0 0 4070.dat
1 71 -30 0 0 0 0 1 0 1 0 -1 0 0 4070.dat
0 STEP
1 0 -30 48 60 0 0 1 0 1 0 -1 0 0 3676.dat
1 0 30 48 60 1 0 0 0 1 0 0 0 1 3676.dat
1 71 -40 48 100 0 0 -1 0 1 0 1 0 0 3002.dat
1 71 40 48 100 0 0 -1 0 1 0 1 0 0 3002.dat
0 STEP
1 0 -70 48 80 -1 0 0 0 1 0 0 0 -1 3665.dat
1 0 -70 48 60 1 0 0 0 1 0 0 0 1 3665.dat
1 0 70 48 80 -1 0 0 0 1 0 0 0 -1 3665.dat
1 0 70 48 60 1 0 0 0 1 0 0 0 1 3665.dat
0 STEP
1 71 -30 24 130 0 0 -1 0 1 0 1 0 0 4865b.dat
1 71 30 24 130 0 0 1 0 1 0 -1 0 0 4865b.dat
0 STEP
1 72 -50 40 130 0 0 1 0 1 0 -1 0 0 32028.dat
1 71 -50 16 130 0 0 1 0 1 0 -1 0 0 3747b.dat
1 72 50 40 130 0 0 -1 0 1 0 1 0 0 32028.dat
1 71 50 16 130 0 0 -1 0 1 0 1 0 0 3747b.dat
0 STEP
1 71 -50 -8 120 -1 0 0 0 1 0 0 0 -1 3040.dat
1 71 50 -8 120 -1 0 0 0 1 0 0 0 -1 3040.dat
0 STEP
1 72 -80 -8 130 -1 0 0 0 1 0 0 0 -1 48169.dat
1 72 80 -8 130 1 0 0 0 1 0 0 0 1 48169.dat
0 STEP
1 0 120 2 130 -1 0 0 0 1 0 0 0 -1 6628.dat
1 0 -120 2 130 1 0 0 0 1 0 0 0 1 6628.dat
0 STEP
1 71 -50 -32 120 0 0 1 0 1 0 -1 0 0 4286.dat
1 71 50 -32 120 0 0 -1 0 1 0 1 0 0 4286.dat
1 71 -50 -32 120 -1 0 0 0 1 0 0 0 -1 54200.dat
1 71 50 -32 120 -1 0 0 0 1 0 0 0 -1 54200.dat
0 STEP
1 72 -70 -16 140 1 0 0 0 1 0 0 0 1 3024.dat
1 36 -70 -16 140 0 0 1 0 1 0 -1 0 0 54200.dat
1 72 70 -16 140 1 0 0 0 1 0 0 0 1 3024.dat
1 36 70 -16 140 0 0 -1 0 1 0 1 0 0 54200.dat
0 STEP
1 71 -90 -8 140 0 0 1 0 1 0 -1 0 0 54200.dat
1 71 90 -8 140 0 0 -1 0 1 0 1 0 0 54200.dat
0 STEP
1 0 -30 48 140 -1 0 0 0 1 0 0 0 -1 3676.dat
1 0 -50 24 160 0 0 -1 0 1 0 1 0 0 3040.dat
1 0 30 48 140 0 0 -1 0 1 0 1 0 0 3676.dat
1 0 50 24 160 0 0 1 0 1 0 -1 0 0 3040.dat
0 STEP
1 71 -50 14 160 0 0 1 0 1 0 -1 0 0 18654.dat
1 72 -50 4 160 1 0 0 0 -1 0 0 0 -1 4073.dat
1 71 50 14 160 0 0 1 0 1 0 -1 0 0 18654.dat
1 72 50 4 160 1 0 0 0 -1 0 0 0 -1 4073.dat
0 STEP
1 71 30 -24 80 1 0 0 0 1 0 0 0 1 3046.dat
1 71 -30 -24 80 0 0 1 0 1 0 -1 0 0 3046.dat
1 0 -40 -48 100 1 0 0 0 1 0 0 0 1 3245b.dat
1 0 40 -48 100 1 0 0 0 1 0 0 0 1 3245b.dat
0 STEP
1 0 40 -48 80 1 0 0 0 1 0 0 0 1 3937.dat
1 71 40 -48 80 1 0 0 0 1 0 0 0 1 3938.dat
1 0 -40 -48 80 1 0 0 0 1 0 0 0 1 3937.dat
1 71 -40 -48 80 1 0 0 0 1 0 0 0 1 3938.dat
0 STEP
1 71 0 -24 80 0 0 -1 0 1 0 1 0 0 3002.dat
0 STEP
0 STEP
1 71 0 -48 80 0 0 -1 0 1 0 1 0 0 3002.dat
0 STEP
1 71 -10 -24 20 0 0 1 0 1 0 -1 0 0 3040.dat
1 71 10 -24 20 0 0 -1 0 1 0 1 0 0 3040.dat
1 0 10 -24 40 0 0 -1 0 1 0 1 0 0 4286.dat
1 0 -10 -24 40 0 0 1 0 1 0 -1 0 0 4286.dat
0 STEP
1 0 10 -24 0 0 0 -1 0 1 0 1 0 0 4286.dat
1 0 -10 -24 0 0 0 1 0 1 0 -1 0 0 4286.dat
0 STEP
1 71 0 -72 100 -1 0 0 0 1 0 0 0 -1 11211.dat
1 71 0 -72 80 1 0 0 0 1 0 0 0 1 3004.dat
0 STEP
1 0 -10 -62 110 0 0 1 -1 0 0 0 -1 0 54200.dat
1 0 10 -62 110 0 0 -1 1 0 0 0 -1 0 54200.dat
1 0 0 -144 80 -1 0 0 0 1 0 0 0 -1 3684a.dat
0 STEP
1 71 0 -72 60 1 0 0 0 1 0 0 0 1 3937.dat
1 71 0 -72 60 1 0 0 0 1 0 0 0 1 3938.dat
0 STEP
1 71 0 -80 60 1 0 0 0 1 0 0 0 1 32028.dat
1 71 0 -88 60 1 0 0 0 1 0 0 0 1 32028.dat
1 71 0 -96 60 1 0 0 0 1 0 0 0 1 32028.dat
1 71 0 -104 60 1 0 0 0 1 0 0 0 1 32028.dat
1 72 0 -112 60 1 0 0 0 1 0 0 0 1 3069b.dat
0 STEP
1 71 0 -48 40 1 0 0 0 1 0 0 0 1 3298.dat
1 71 -10 -48 40 0 0 1 0 1 0 -1 0 0 54200.dat
1 71 10 -48 40 0 0 -1 0 1 0 1 0 0 54200.dat
0 STEP
1 72 -30 -32 60 1 0 0 0 1 0 0 0 1 4073.dat
1 72 -30 -56 60 1 0 0 0 1 0 0 0 1 3665.dat
1 72 -30 -80 50 1 0 0 0 1 0 0 0 1 3044c.dat
1 72 30 -32 60 1 0 0 0 1 0 0 0 1 4073.dat
1 72 30 -56 60 1 0 0 0 1 0 0 0 1 3665.dat
1 72 30 -80 50 1 0 0 0 1 0 0 0 1 3044c.dat
0 STEP
1 0 -40 -120 80 -1 0 0 0 1 0 0 0 -1 3684a.dat
1 0 40 -120 80 -1 0 0 0 1 0 0 0 -1 3684a.dat
1 71 40 -120 80 1 0 0 0 1 0 0 0 1 85984.dat
1 71 -40 -120 80 1 0 0 0 1 0 0 0 1 85984.dat
0 STEP
1 72 -80 -10 100 0 0 1 0 1 0 -1 0 0 43857.dat
1 71 -80 -20 100 1 0 0 0 -1 0 0 0 -1 3023.dat
1 71 -80 -28 100 1 0 0 0 -1 0 0 0 -1 3938.dat
1 72 80 -10 100 0 0 1 0 1 0 -1 0 0 43857.dat
1 71 80 -20 100 1 0 0 0 -1 0 0 0 -1 3023.dat
1 71 80 -28 100 1 0 0 0 -1 0 0 0 -1 3938.dat
0 STEP
1 72 -70 -8 80 1 0 0 0 1 0 0 0 1 4073.dat
1 72 70 -8 80 1 0 0 0 1 0 0 0 1 4073.dat
1 0 70 -24 60 1 0 0 0 1 0 0 0 1 50950.dat
1 0 -70 -24 60 1 0 0 0 1 0 0 0 1 50950.dat
0 STEP
1 71 -80 -30.929 107.071 -1 0 0 0 -0.707107 -0.707107 0 -0.707107 0.707107 3937.dat
1 71 -80 -47.899 90.101 -1 0 0 0 -0.707107 -0.707107 0 -0.707107 0.707107 32028.dat
1 71 -80 -53.556 84.444 -1 0 0 0 -0.707107 -0.707107 0 -0.707107 0.707107 32028.dat
1 71 -80 -59.213 78.787 -1 0 0 0 -0.707107 -0.707107 0 -0.707107 0.707107 3023.dat
1 71 -70 -50.728 58.988 0 0 1 -0.707107 -0.707107 0 0.707107 -0.707107 0 3676.dat
1 71 -80 -33.757 75.958 1 0 0 0 -0.707107 0.707107 0 -0.707107 -0.707107 4865b.dat
0 STEP
1 71 80 -30.929 107.071 -1 0 0 0 -0.707107 -0.707107 0 -0.707107 0.707107 3937.dat
1 71 80 -47.899 90.101 -1 0 0 0 -0.707107 -0.707107 0 -0.707107 0.707107 32028.dat
1 71 80 -53.556 84.444 -1 0 0 0 -0.707107 -0.707107 0 -0.707107 0.707107 32028.dat
1 71 80 -59.213 78.787 -1 0 0 0 -0.707107 -0.707107 0 -0.707107 0.707107 3023.dat
1 71 70 -50.728 58.988 1 0 0 0 -0.707107 0.707107 0 -0.707107 -0.707107 3676.dat
1 71 80 -33.757 75.958 1 0 0 0 -0.707107 0.707107 0 -0.707107 -0.707107 4865b.dat
0 STEP
1 72 0 -152 80 1 0 0 0 1 0 0 0 1 263.dat
1 72 0 -160 80 1 0 0 0 1 0 0 0 1 3794b.dat
0 STEP
1 72 0 -180 80 0 0 1 1 0 0 0 1 0 62462.dat
1 1 0 -200 80 0 1 0 -1 0 0 0 0 1 43093.dat
1 72 0 -230 80 0 -1 0 -1 0 0 0 0 -1 32054.dat
0 STEP
1 71 -50 72 100 1 0 0 0 1 0 0 0 1 2341.dat
1 71 -30 72 100 1 0 0 0 1 0 0 0 1 2341.dat
1 71 30 72 100 1 0 0 0 1 0 0 0 1 2341.dat
1 71 50 72 100 1 0 0 0 1 0 0 0 1 2341.dat
0 STEP
1 72 0 108 150 -1 0 0 0 0 -1 0 -1 0 3022.dat
1 0 0 88 174 0 0 1 -1 0 0 0 -1 0 3299.dat
0 STEP
1 72 0 148 118 0 0 1 -1 0 0 0 -1 0 3795.dat
1 0 0 108 142 -1 0 0 0 0 -1 0 -1 0 44126.dat
1 71 0 98 110 1 0 0 0 0 1 0 -1 0 3004.dat
0 STEP
1 71 -10 198 110 -1 0 0 0 0 -1 0 -1 0 4070.dat
1 71 10 198 110 -1 0 0 0 0 -1 0 -1 0 4070.dat
1 71 0 178 110 -1 0 0 0 0 -1 0 -1 0 3004.dat
1 71 -10 188 86 0 0 1 -1 0 0 0 -1 0 3938.dat
1 71 10 188 86 0 0 1 -1 0 0 0 -1 0 3938.dat
0 STEP
1 71 0 138 110 1 0 0 0 0 1 0 -1 0 6134.dat
1 71 0 118 110 1 0 0 0 0 1 0 -1 0 3938.dat
1 71 0 98 86 1 0 0 0 0 1 0 -1 0 3938.dat
0 STEP
1 0 -50 108 100 0 -1 0 1 0 0 0 0 1 6558.dat
1 0 -30 108 100 0 -1 0 1 0 0 0 0 1 6558.dat
1 0 50 108 100 0 -1 0 1 0 0 0 0 1 6558.dat
1 0 30 108 100 0 -1 0 1 0 0 0 0 1 6558.dat
0 STEP
1 0 -30 74 140 0 -1 0 1 0 0 0 0 1 2780.dat
1 0 30 74 140 0 -1 0 1 0 0 0 0 1 2780.dat
0 STEP
1 0 30 74 60 0 1 0 1 0 0 0 0 -1 2780.dat
1 0 -30 74 60 0 1 0 1 0 0 0 0 -1 2780.dat
0 STEP
1 71 -40 148 100 1 0 0 0 -1 0 0 0 -1 3245b.dat
1 71 -30 172 100 0 0 -1 0 -1 0 -1 0 0 4070.dat
1 71 -70 172 100 0 0 1 0 -1 0 1 0 0 2357.dat
0 STEP
1 71 40 162 100 0 -1 0 -0.866025 0 -0.5 0.5 0 -0.866025 30374.dat
0 STEP
1 71 40 148 100 -1 0 0 0 -1 0 0 0 1 3245b.dat
1 71 30 172 100 0 0 1 0 -1 0 1 0 0 4070.dat
1 71 70 172 100 -1 0 0 0 -1 0 0 0 1 2357.dat
0 STEP
1 71 40 196 100 -1 0 0 0 -1 0 0 0 1 3004.dat
1 71 -40 196 100 1 0 0 0 -1 0 0 0 -1 3004.dat
0 STEP
1 71 30 220 100 0 0 -1 0 -1 0 -1 0 0 50950.dat
1 71 -30 220 100 0 0 1 0 -1 0 1 0 0 50950.dat
0 STEP
1 0 -70 148 100 0 0 1 0 -1 0 1 0 0 3676.dat
1 71 -90 172 110 0 0 1 0 -1 0 1 0 0 3700.dat
1 0 -70 196 120 -1 0 0 0 -1 0 0 0 1 3045.dat
0 STEP
1 0 70 148 100 1 0 0 0 -1 0 0 0 -1 3676.dat
1 71 90 172 110 0 0 -1 0 -1 0 -1 0 0 3700.dat
1 0 70 196 120 0 0 -1 0 -1 0 -1 0 0 3045.dat
0 STEP
1 36 70 204 120 -1 0 0 0 -1 0 0 0 1 4073.dat
1 71 70 212 120 -0.707107 0 -0.707107 0 -1 0 -0.707107 0 0.707107 4592.dat
1 36 -70 204 120 -1 0 0 0 -1 0 0 0 1 4073.dat
1 71 -70 212 120 -0.707107 0 0.707107 0 -1 0 0.707107 0 0.707107 4592.dat
0 STEP
1 0 100 162 110 -1 0 0 0 -1 0 0 0 1 2780.dat
1 0 -100 162 110 1 0 0 0 -1 0 0 0 -1 2780.dat
0 STEP
1 0 -50 0 0 -1 0 0 0 1 0 0 0 -1 60481.dat
1 0 -50 48 20 1 0 0 0 1 0 0 0 1 3665.dat
1 0 50 0 0 -1 0 0 0 1 0 0 0 -1 60481.dat
1 0 50 48 20 1 0 0 0 1 0 0 0 1 3665.dat
0 STEP
1 0 0 72 20 0 0 -1 0 1 0 1 0 0 52501.dat
1 72 -20 88 20 -1 0 0 0 1 0 0 0 -1 85984.dat
1 72 20 88 20 -1 0 0 0 1 0 0 0 -1 85984.dat
0 STEP
1 0 -30 100 140 -1 0 0 0 -1 0 0 0 1 3676.dat
1 0 30 100 140 0 0 -1 0 -1 0 -1 0 0 3676.dat
1 0 30 100 60 1 0 0 0 -1 0 0 0 -1 3676.dat
1 0 -30 100 60 0 0 1 0 -1 0 1 0 0 3676.dat
1 0 -40 108 130 -1 0 0 0 -1 0 0 0 1 3022.dat
1 0 40 108 130 -1 0 0 0 -1 0 0 0 1 3022.dat
1 0 40 108 70 1 0 0 0 -1 0 0 0 -1 3022.dat
1 0 -40 108 70 1 0 0 0 -1 0 0 0 -1 3022.dat
0 STEP
1 0 -40 118 120 0 0 -1 0 -1 0 -1 0 0 43857.dat
1 0 40 118 120 0 0 -1 0 -1 0 -1 0 0 43857.dat
1 0 40 118 80 0 0 1 0 -1 0 1 0 0 43857.dat
1 0 -40 118 80 0 0 1 0 -1 0 1 0 0 43857.dat
1 0 -40 132 140 1 0 0 0 -1 0 0 0 -1 3937.dat
1 0 40 132 140 1 0 0 0 -1 0 0 0 -1 3937.dat
1 0 40 132 60 -1 0 0 0 -1 0 0 0 1 3937.dat
1 0 -40 132 60 -1 0 0 0 -1 0 0 0 1 3937.dat
0 STEP
1 71 -40 132 140 1 0 0 0 -1 0 0 0 -1 6134.dat
1 0 -40 204 120 1 0 0 0 -1 0 0 0 -1 3684a.dat
1 71 -30 204 120 0 0 -1 0 -1 0 -1 0 0 54200.dat
1 71 -50 204 120 0 0 1 0 -1 0 1 0 0 54200.dat
0 STEP
1 71 40 132 140 1 0 0 0 -1 0 0 0 -1 6134.dat
1 0 40 204 120 1 0 0 0 -1 0 0 0 -1 3684a.dat
1 71 30 204 120 0 0 1 0 -1 0 1 0 0 54200.dat
1 71 50 204 120 0 0 -1 0 -1 0 -1 0 0 54200.dat
0 STEP
1 71 -40 132 60 -1 0 0 0 -1 0 0 0 1 6134.dat
1 0 -30 204 80 -1 0 0 0 -1 0 0 0 1 3685.dat
1 71 -30 204 80 1 0 0 0 -1 0 0 0 -1 54200.dat
0 STEP
1 71 40 132 60 -1 0 0 0 -1 0 0 0 1 6134.dat
1 0 30 204 80 0 0 -1 0 -1 0 -1 0 0 3685.dat
1 71 30 204 80 1 0 0 0 -1 0 0 0 -1 54200.dat
0 STEP
0 !LEOCAD PIECE PIVOT  0 10 0 1 0 0 0 1 0 0 0 1
1 0 -110 154.9289 117.0711 1 0 0 0 0.707107 0.707107 0 -0.707107 0.707107 13-wb04m-nymphe2.ldr
0 STEP
0 !LEOCAD PIECE PIVOT  0 10 0 1 0 0 0 1 0 0 0 1
1 0 110 162 120 1 0 0 0 0 1 0 -1 0 13-cr-wb69ra.ldr
0 STEP
0 !LEOCAD PIECE PIVOT  50 -12 0 1 0 0 0 1 0 0 0 1
1 0 -173.6507 26.5321 141.6962 0.933013 0.25 0.258819 -0.258819 0.965926 0 -0.25 -0.066987 0.965926 09-01-shoulder.ldr
0 STEP
0 !LEOCAD PIECE PIVOT  -50 -12 0 1 0 0 0 1 0 0 0 1
1 0 173.6507 26.5321 141.6962 0.933013 -0.25 -0.258819 0.258819 0.965926 0 0.25 -0.066987 0.965926 09-02-shoulder.ldr
0 STEP
0 !LEOCAD PIECE PIVOT  0 -14 -23 1 0 0 0 1 0 0 0 1
1 0 0 3.5701 165.8398 1 0 0 0 0.965926 -0.258819 0 0.258819 0.965926 08-cr-h73e.ldr
0 STEP
0 STEP
0 STEP
0 STEP
0 STEP
0 STEP
0 STEP
0 STEP
0 STEP
0 STEP
0 STEP
0 STEP
0 STEP
0 STEP
0 STEP
0 STEP
0 STEP
0 STEP
0 STEP
0 STEP
0 STEP
0 STEP
0 STEP
0 STEP
0 STEP
0 STEP
0 STEP
0 STEP
0 STEP
0 STEP
0 STEP
0 STEP
0 STEP
0 STEP
0 STEP
0 STEP
0 STEP
0 STEP
0 STEP
0 STEP
0 STEP
0 STEP
0 STEP
0 STEP
0 STEP
0 STEP
0 NOFILE
0 FILE 08-cr-h73e.ldr
0 
0 Name: 08-cr-h73e.ldr
0 Author: Nathanel Titane // nathanel.titane@gmail.com // All Rights Reserved
1 0 0 0 0 1 0 0 0 1 0 0 0 1 3794b.dat
1 0 0 0 20 1 0 0 0 1 0 0 0 1 3794b.dat
1 0 -10 8 0 -1 0 0 0 1 0 0 0 -1 3665.dat
1 0 10 8 0 -1 0 0 0 1 0 0 0 -1 3665.dat
0 STEP
1 0 0 -24 20 0 0 1 0 1 0 -1 0 0 47905.dat
1 0 0 -24 0 1 0 0 0 1 0 0 0 1 47905.dat
0 STEP
1 71 0 -48 0 -1 0 0 0 1 0 0 0 -1 87087.dat
1 71 0 -72 0 0 0 -1 0 1 0 1 0 0 3005.dat
1 36 0 -72 0 1 0 0 0 1 0 0 0 1 54200.dat
0 STEP
1 71 0 -58 18 0 0 -1 1 0 0 0 -1 0 3623.dat
0 STEP
1 72 0 -38 26 0 0 -1 1 0 0 0 -1 0 3024.dat
