0 FILE 00-instructions.ldr
0 Name: 00-instructions.ldr
0 Author: Nathanel Titane // nathanel.titane@gmail.com // All Rights Reserved
0
0 // LPUB[3D] FRONT COVER PAGE /////////////////////////////////////////////////
0
0 !LPUB PAGE DOCUMENT_TITLE_FRONT COLOR "#666666"
0 !LPUB PAGE DOCUMENT_TITLE_FRONT CONTENT GLOBAL "MODEL // SAP-04D HAYABUSA"
0 !LPUB PAGE DOCUMENT_TITLE_FRONT DISPLAY GLOBAL TRUE
0 !LPUB PAGE DOCUMENT_TITLE_FRONT FONT "Noto Sans,72,-1,0,75,0,0,0,0,0,Bold"
0 !LPUB PAGE DOCUMENT_TITLE_FRONT MARGINS 0.2500 0.1000
0 !LPUB PAGE DOCUMENT_TITLE_FRONT PLACEMENT GLOBAL TOP_LEFT PAGE INSIDE OFFSET 0.0000 0.0000

0 !LPUB PAGE DOCUMENT_AUTHOR_FRONT CONTENT GLOBAL "MODEL DESIGN AND INSTRUCTIONS // NATHANEL TITANE"
0 !LPUB PAGE DOCUMENT_AUTHOR_FRONT COLOR "#666666"
0 !LPUB PAGE DOCUMENT_AUTHOR_FRONT DISPLAY GLOBAL TRUE
0 !LPUB PAGE DOCUMENT_AUTHOR_FRONT FONT "Noto Sans,18,-1,0,75,0,0,0,0,0,Bold"
0 !LPUB PAGE DOCUMENT_AUTHOR_FRONT MARGINS 0.3000 1.0000
0 !LPUB PAGE DOCUMENT_AUTHOR_FRONT PLACEMENT TOP_LEFT PAGE INSIDE OFFSET 0.0000 0.0000

0 !LPUB PAGE MODEL_PARTS COLOR "#666666"
0 !LPUB PAGE MODEL_PARTS CONTENT GLOBAL "654 PIECES"
0 !LPUB PAGE MODEL_PARTS DISPLAY GLOBAL TRUE
0 !LPUB PAGE MODEL_PARTS FONT "Noto Sans,72,-1,0,75,0,0,0,0,0,Bold"
0 !LPUB PAGE MODEL_PARTS MARGINS 0.2500 0.1000
0 !LPUB PAGE MODEL_PARTS PLACEMENT GLOBAL BOTTOM_LEFT PAGE INSIDE OFFSET 0.0000 0.0000

0 !LPUB PAGE PUBLISH_DESCRIPTION COLOR "#666666"
0 !LPUB PAGE PUBLISH_DESCRIPTION CONTENT GLOBAL "LEGO // LINUX - Where Lego and Linux Meet"
0 !LPUB PAGE PUBLISH_DESCRIPTION DISPLAY GLOBAL TRUE
0 !LPUB PAGE PUBLISH_DESCRIPTION FONT "Noto Sans,36,-1,0,75,0,0,0,0,0,Bold"
0 !LPUB PAGE PUBLISH_DESCRIPTION MARGINS 0.2000 0.2000
0 !LPUB PAGE PUBLISH_DESCRIPTION PLACEMENT GLOBAL BOTTOM_RIGHT PAGE INSIDE OFFSET 0.0000 0.0000
0
0 // LPUB[3D] BACK COVER PAGE //////////////////////////////////////////////////
0
0 // LPUB[3D] DOCUMENT DISCLAIMER
0 !LPUB PAGE LEGO_DISCLAIMER COLOR "#666666"
0 !LPUB PAGE LEGO_DISCLAIMER CONTENT GLOBAL "LEGO® // REGISTERED TRADEMARK OF THE LEGO GROUP"
0 !LPUB PAGE LEGO_DISCLAIMER DISPLAY GLOBAL TRUE
0 !LPUB PAGE LEGO_DISCLAIMER FONT "Noto Sans,36,-1,0,75,0,0,0,0,0,Bold"
0 !LPUB PAGE LEGO_DISCLAIMER PLACEMENT GLOBAL CENTER PAGE INSIDE OFFSET 0.0000 -0.2500
0
0 // LPUB[3D] PAGE DOCUMENT AUTHOR
0 !LPUB PAGE DOCUMENT_AUTHOR_BACK COLOR "#666666"
0 !LPUB PAGE DOCUMENT_AUTHOR_BACK CONTENT GLOBAL "MODEL DESIGN AND INSTRUCTIONS // NATHANEL TITANE"
0 !LPUB PAGE DOCUMENT_AUTHOR_BACK DISPLAY GLOBAL TRUE
0 !LPUB PAGE DOCUMENT_AUTHOR_BACK FONT "Noto Sans,36,-1,0,75,0,0,0,0,0,Bold"
0 !LPUB PAGE DOCUMENT_AUTHOR_BACK PLACEMENT CENTER PAGE INSIDE OFFSET 0.0000 -0.2000
0
0 // LPUB[3D] PAGE PUBLICATION COPYRIGHT
0 !LPUB PAGE PUBLISH_COPYRIGHT_BACK COLOR "#666666"
0 !LPUB PAGE PUBLISH_COPYRIGHT_BACK CONTENT GLOBAL "COPYRIGHT // ALL RIGHTS RESERVED"
0 !LPUB PAGE PUBLISH_COPYRIGHT_BACK DISPLAY GLOBAL TRUE
0 !LPUB PAGE PUBLISH_COPYRIGHT_BACK FONT "Noto Sans,36,-1,0,75,0,0,0,0,0,Bold"
0 !LPUB PAGE PUBLISH_COPYRIGHT_BACK PLACEMENT GLOBAL CENTER PAGE INSIDE OFFSET 0.0000 -0.1500
0
0 // LPUB[3D] PAGE PUBLICATION EMAIL
0 !LPUB PAGE PUBLISH_EMAIL_BACK COLOR "#666666"
0 !LPUB PAGE PUBLISH_EMAIL_BACK CONTENT GLOBAL "CONTACT // NATHANEL.TITANE@GMAIL.COM // INFO@LEGOLINUX.COM"
0 !LPUB PAGE PUBLISH_EMAIL_BACK DISPLAY GLOBAL TRUE
0 !LPUB PAGE PUBLISH_EMAIL_BACK FONT "Noto Sans,18,-1,0,75,0,0,0,0,0,Bold"
0 !LPUB PAGE PUBLISH_EMAIL_BACK PLACEMENT GLOBAL CENTER PAGE INSIDE OFFSET 0.0000 -0.0500
0
0 // LPUB[3D] PAGE PUBLICATION URL
0 !LPUB PAGE PUBLISH_URL_BACK COLOR "#666666"
0 !LPUB PAGE PUBLISH_URL_BACK CONTENT GLOBAL "WEB // HTTPS://LEGOLINUX.COM/MODELS/SKELETAL-ASSAULT-PODS/SAP-04D-HAYABUSA"
0 !LPUB PAGE PUBLISH_URL_BACK DISPLAY GLOBAL TRUE
0 !LPUB PAGE PUBLISH_URL_BACK FONT "Noto Sans,18,-1,0,75,0,0,0,0,0,Bold"
0 !LPUB PAGE PUBLISH_URL_BACK PLACEMENT GLOBAL CENTER PAGE INSIDE OFFSET 0.0000 -0.0250
0
0 // LPUB[3D] PAGE LOGO
0 !LPUB PAGE DOCUMENT_LOGO_BACK DISPLAY GLOBAL TRUE
0 !LPUB PAGE DOCUMENT_LOGO_BACK FILE GLOBAL "/media/internal/Lego/lpub3d/instructions/logo.png"
0 !LPUB PAGE DOCUMENT_LOGO_BACK PLACEMENT CENTER PAGE INSIDE OFFSET 0.0000 0.45000
0 !LPUB PAGE DOCUMENT_LOGO_BACK SCALE GLOBAL  1.0000
0
0 // LPUB[3D] CONFIGURATION ////////////////////////////////////////////////////
0
0 // LPUB[3D] PAGE WATERMARK
0 !LPUB PAGE PUBLISH_EMAIL CONTENT GLOBAL "CONTACT // NATHANEL.TITANE@GMAIL.COM // INFO@LEGOLINUX.COM"
0 !LPUB PAGE PUBLISH_EMAIL COLOR "#666666"
0 !LPUB PAGE PUBLISH_EMAIL DISPLAY GLOBAL TRUE
0 !LPUB PAGE PUBLISH_EMAIL FONT "Noto Sans,18,-1,0,75,0,0,0,0,0,Bold"
0 !LPUB PAGE PUBLISH_EMAIL MARGINS 0.0000 0.1500
0 !LPUB PAGE PUBLISH_EMAIL PLACEMENT GLOBAL BOTTOM PAGE INSIDE OFFSET 0.0000 0.0000
0 !LPUB PAGE DOCUMENT_AUTHOR CONTENT GLOBAL "MODEL DESIGN AND INSTRUCTIONS // NATHANEL TITANE"
0 !LPUB PAGE DOCUMENT_AUTHOR COLOR "#666666"
0 !LPUB PAGE DOCUMENT_AUTHOR DISPLAY GLOBAL TRUE
0 !LPUB PAGE DOCUMENT_AUTHOR FONT "Noto Sans,18,-1,0,75,0,0,0,0,0,Bold"
0 !LPUB PAGE DOCUMENT_AUTHOR MARGINS 0.0000 0.2000
0 !LPUB PAGE DOCUMENT_AUTHOR PLACEMENT GLOBAL TOP PAGE INSIDE OFFSET 0.0000 0.0000
0
0 // LPUB[3D] STEPS HIGHLIGHT
0 !LPUB HIGHLIGHT_STEP ENABLED GLOBAL TRUE
0 !LPUB HIGHLIGHT_STEP COLOR GLOBAL "#7137C8"
0
0 // LPUB[3D] STEP FADE
0 !LPUB FADE_STEP OPACITY GLOBAL "50"
0 !LPUB FADE_STEP COLOR GLOBAL "Trans_Black"
0 !LPUB FADE_STEP ENABLED GLOBAL TRUE
0 !LPUB FINAL_MODEL_ENABLED GLOBAL TRUE
0
0 // LPUB[3D] SUBMODEL PREVIEW
0 !LPUB SUBMODEL_DISPLAY SHOW GLOBAL TRUE
0 !LPUB SUBMODEL_DISPLAY BACKGROUND COLOR "#DDDDDD"
0 !LPUB SUBMODEL_DISPLAY MARGINS 0.1500 0.7500
0 !LPUB SUBMODEL_DISPLAY BORDER SQUARE 0 Black 0.031 MARGINS 0.050 0.050
0 !LPUB SUBMODEL_DISPLAY PLACEMENT GLOBAL LEFT PAGE INSIDE
0 !LPUB SUBMODEL_DISPLAY CAMERA_ANGLES 30.0000 45.0000
0
0 // LPUB[3D] ASSEMBLIES
0 !LPUB ASSEM CAMERA_ANGLES 30.0000 45.0000
0 !LPUB ASSEM MARGINS 0.5000 0.5000
0 !LPUB ASSEM MODEL_SCALE 1.0000
0 !LPUB ASSEM PLACEMENT CENTER PAGE INSIDE OFFSET 0.0000 0.0000
0
0 // LPUB[3D] BILL OF MATERIALS
0 !LPUB BOM BACKGROUND COLOR "#DDDDDD"
0 !LPUB BOM BORDER SQUARE 0 #666666 0.025 MARGINS 0.050 0.050
0 !LPUB BOM CONSTRAIN HEIGHT 13.0000
0 !LPUB BOM CONSTRAIN SQUARE
0 !LPUB BOM PLACEMENT CENTER PAGE INSIDE OFFSET 0.0000 0.0000
0
0 // LPUB[3D] CALLOUTS
0 !LPUB CALLOUT BORDER SQUARE 0 #666666 0.025 MARGINS 0.050 0.050
0 !LPUB CALLOUT MARGINS 0.1250 0.1250
0 !LPUB CALLOUT PLACEMENT RIGHT PAGE INSIDE OFFSET 0.0000 0.0000
0
0 // LPUB[3D] PAGE
0 !LPUB PAGE DOCUMENT_COVER_IMAGE DISPLAY GLOBAL TRUE
0 !LPUB PAGE DOCUMENT_COVER_IMAGE FILE GLOBAL "../renders/flat/flat.png"
0 !LPUB PAGE DOCUMENT_COVER_IMAGE FILL GLOBAL ASPECT
0 !LPUB PAGE DOCUMENT_COVER_IMAGE MARGINS GLOBAL 0.0000 0.0000
0 !LPUB PAGE DOCUMENT_COVER_IMAGE PLACEMENT GLOBAL CENTER PAGE INSIDE OFFSET 0.0000 0.0000
0 !LPUB PAGE DOCUMENT_COVER_IMAGE SCALE GLOBAL 1.0000
0
0 // LPUB[3D] PAGE NUMBER
0 !LPUB PAGE NUMBER FONT "Noto Sans,36,-1,0,75,0,0,0,0,0,Bold"
0 !LPUB PAGE NUMBER FONT_COLOR "#666666"
0 !LPUB PAGE NUMBER MARGINS 0.1250 0.1250
0 !LPUB PAGE NUMBER PLACEMENT BOTTOM_RIGHT PAGE INSIDE OFFSET 0.0000 0.0000
0
0 // LPUB[3D] PAGE SETUP
0 !LPUB PAGE BORDER GLOBAL NONE 0 MARGINS 0.000 0.000
0 !LPUB PAGE ENABLE_TEXT_PLACEMENT GLOBAL CENTER PAGE INSIDE OFFSET 0.0000 0.0000
0 !LPUB PAGE TEXT_PLACEMENT GLOBAL TRUE
0 !LPUB PAGE PAGE_FOOTER SIZE GLOBAL 32.0000 0.5000
0 !LPUB PAGE PAGE_HEADER SIZE GLOBAL 32.0000 0.5000
0 !LPUB PAGE MARGINS GLOBAL 0.0000 0.0000
0 !LPUB PAGE ORIENTATION GLOBAL LANDSCAPE
0 !LPUB PAGE SIZE GLOBAL 16.0000 32.0000
0
0 // LPUB[3D] PAGE COLORS
0 !LPUB PAGE SUBMODEL_BACKGROUND_COLOR GLOBAL "#DDDDDD" "#FFE680" "#FFAAAA" "#C6AFE9"
0
0 // LPUB[3D] SUBMODELS
0 !LPUB PAGE SUBMODEL_INSTANCE_COUNT FONT_COLOR "#FF5555"
0 !LPUB PAGE SUBMODEL_INSTANCE_COUNT FONT "Noto Sans,72,-1,0,75,0,0,0,0,0,Bold"
0 !LPUB PAGE SUBMODEL_INSTANCE_COUNT MARGINS 0.0000 0.1250
0 !LPUB PAGE SUBMODEL_INSTANCE_COUNT PLACEMENT BOTTOM_RIGHT PAGE INSIDE OFFSET 0.0000 -0.0500
0
0 // LPUB[3D] PARTS LIST
0 !LPUB PLI BACKGROUND COLOR "#DDDDDD"
0 !LPUB PLI BORDER SQUARE 0 #666666 0.025 MARGINS 0.0500 0.050
0 !LPUB PLI CAMERA_ANGLES 30.0000 45.0000
0 !LPUB PLI CONSTRAIN HEIGHT 5.0000
0 !LPUB PLI MODEL_SCALE  1.0000
0 !LPUB PLI MARGINS 0.1500 0.7500
0 !LPUB PLI PLACEMENT TOP_RIGHT PAGE INSIDE OFFSET 0.0000 0.0000
0 !LPUB PLI INSTANCE_COUNT FONT "Noto Sans,36,-1,0,75,0,0,0,0,0,Bold"
0 !LPUB PLI INSTANCE_COUNT FONT_COLOR "#666666"
0 !LPUB PLI INSTANCE_COUNT MARGINS 0.0125 0.0125
0 !LPUB PLI INSTANCE_COUNT MARGINS 0.0125 0.3000
0
0 // LPUB[3D] STEP NUMBER
0 !LPUB STEP_NUMBER FONT "Noto Sans,72,-1,0,75,0,0,0,0,0,Bold"
0 !LPUB STEP_NUMBER FONT_COLOR "#666666"
0 !LPUB STEP_NUMBER MARGINS 0.1250 0.0000
0 !LPUB STEP_NUMBER PLACEMENT TOP_LEFT PAGE INSIDE OFFSET 0.0000 0.0000
0
0 // LPUB[3D] BEGIN INSTRUCTIONS ///////////////////////////////////////////////
0
0 STEP
0 !LPUB INSERT COVER_PAGE FRONT
0 STEP
0 !LPUB ASSEM MODEL_SCALE LOCAL 0.7500
1 0 0 0 0 1 0 0 0 1 0 0 0 1 00-model.ldr
0 STEP
0
0 // LPUB[3D] DISABLE FINAL MODEL SHOWCASE /////////////////////////////////////
0
0 !LPUB NOSTEP
0
0 // LPUB[3D] BOM PAGES
0 STEP
0 !LPUB INSERT PAGE
0 !LPUB INSERT BOM
0 STEP
0 !LPUB INSERT PAGE
0 !LPUB INSERT BOM
0 STEP
0 !LPUB INSERT PAGE
0 !LPUB INSERT BOM
0 STEP
0 !LPUB INSERT PAGE
0 !LPUB INSERT BOM
0 STEP
0 !LPUB INSERT PAGE
0 !LPUB INSERT BOM
0 STEP
0 !LPUB INSERT PAGE
0 !LPUB INSERT BOM
0 STEP
0 !LPUB INSERT PAGE
0 !LPUB INSERT BOM
0 STEP
0 !LPUB INSERT PAGE
0 !LPUB INSERT BOM
0 STEP
0 !LPUB INSERT PAGE
0 !LPUB INSERT BOM
0 STEP
0 !LPUB INSERT PAGE
0 !LPUB INSERT BOM
0 STEP
0 !LPUB INSERT PAGE
0 !LPUB INSERT BOM
0 STEP
0 !LPUB INSERT PAGE
0 !LPUB INSERT BOM
0 STEP
0
0 !LPUB NOSTEP
0
0 !LPUB INSERT COVER_PAGE BACK
0
0 // LPUB[3D] END INSTRUCTIONS /////////////////////////////////////////////////
0
0 NOFILE
0 FILE 00-model.ldr
0 Name: 00-model.ldr
0 Author: Nathanel Titane // nathanel.titane@gmail.com // All Rights Reserved
1 0 0 2.2605 -10.8298 1 0 0 0 0.258819 -0.965926 0 0.965926 0.258819 04-waist.ldr
0 STEP
1 0 0 -85.7081 -36.6002 1 0 0 0 -0.258819 -0.965926 0 0.965926 -0.258819 05-cockpit.ldr
0 STEP
0 NOFILE
0 FILE 01-foot.ldr
0 Name: 01-foot.ldr
0 Author: Nathanel Titane // nathanel.titane@gmail.com // All Rights Reserved
1 72 0 0 0 -1 0 0 0 1 0 0 0 -1 85943.dat
1 0 0 10 -10 0 0 -1 0 1 0 1 0 0 6628.dat
1 72 0 -24 0 -1 0 0 0 1 0 0 0 -1 3937.dat
0 STEP
1 71 0 -16.5882 9.6593 -1 0 0 0 0.258819 -0.965926 0 -0.965926 -0.258819 3938.dat
1 72 0 -24.8704 40.5689 1 0 0 0 0.258819 0.965926 0 -0.965926 0.258819 2432.dat
0 STEP
1 0 0 10 30 0 -1 0 -1 0 0 0 0 -1 53585.dat
1 0 0 10 30 1 0 0 0 -1 0 0 0 -1 3705.dat
0 STEP
1 72 -20 10 30 0 -1 0 -1 0 0 0 0 -1 15535.dat
1 0 -28 10 30 0 -1 0 -1 0 0 0 0 -1 4032.dat
1 0 -36 10 30 0 -1 0 -1 0 0 0 0 -1 2654.dat
0 STEP
1 72 20 10 30 0 1 0 1 0 0 0 0 -1 15535.dat
1 0 28 10 30 0 1 0 1 0 0 0 0 -1 4032.dat
1 0 36 10 30 0 1 0 1 0 0 0 0 -1 2654.dat
0 STEP
1 0 0 34 -10 -1 0 0 0 0 1 0 1 0 99206.dat
1 0 0 54 6 1 0 0 0 0 -1 0 1 0 2540.dat
1 0 0 34 6 -1 0 0 0 0 1 0 1 0 32803.dat
1 72 0 44 -2 1 0 0 0 0 -1 0 1 0 15068.dat
0 STEP
1 0 0 27.3205 40 0 -1 0 0.5 0 0.866025 -0.866025 0 0.5 32174.dat
1 0 30 44.6411 50 0 -1 0 0.5 0 0.866025 -0.866025 0 0.5 87994.dat
0 STEP
1 72 -10 44.641 50 0 -1 0 -1 0 0 0 0 -1 15535.dat
1 0 -18 44.641 50 0 -1 0 -1 0 0 0 0 -1 4032.dat
1 0 -26 44.641 50 0 -1 0 -1 0 0 0 0 -1 2654.dat
0 STEP
1 72 10 44.641 50 0 1 0 -1 0 0 0 0 1 15535.dat
1 0 18 44.641 50 0 1 0 -1 0 0 0 0 1 4032.dat
1 0 26 44.641 50 0 1 0 -1 0 0 0 0 1 2654.dat
0 STEP
1 72 0 103.6411 -20.6603 1 0 0 0 0.5 -0.866026 0 0.866026 0.5 50950.dat
1 0 0 85.6603 8.1962 0 0 -1 -0.866026 0.5 0 0.5 0.866026 0 92280.dat
1 0 0 124.3014 -4.8756 0 0 1 0.866026 0.5 0 -0.5 0.866026 0 60478.dat
1 0 0 89.6603 15.1244 0 0 -1 -0.866026 0.5 0 0.5 0.866026 0 87580.dat
0 STEP
1 71 -16 74 8 0 0 -1 0.173649 0.984808 0 0.984808 -0.173649 0 48729b.dat
1 71 16 74 8 0 0 1 -0.173649 0.984808 0 -0.984808 -0.173649 0 48729b.dat
0 NOFILE
0 FILE 02-shin.ldr
0 Name: 02-shin.ldr
0 Author: Nathanel Titane // nathanel.titane@gmail.com // All Rights Reserved
1 72 0 0 0 -1 0 0 0 1 0 0 0 -1 85943.dat
0 STEP
1 0 0 10 30 0 1 0 0 0 1 1 0 0 53585.dat
1 0 0 10 30 -1 0 0 0 0 1 0 1 0 3705.dat
0 STEP
1 0 -20 10 30 0 -1 0 0 0 1 -1 0 0 15535.dat
1 0 -28 10 30 0 -1 0 0 0 1 -1 0 0 4032.dat
1 0 -36 10 30 0 -1 0 0 0 1 -1 0 0 2654.dat
0 STEP
1 0 20 10 30 0 1 0 0 0 1 1 0 0 15535.dat
1 0 28 10 30 0 1 0 0 0 1 1 0 0 4032.dat
1 0 36 10 30 0 1 0 0 0 1 1 0 0 2654.dat
0 STEP
1 72 0 0 -20 1 0 0 0 1 0 0 0 1 4733.dat
1 72 0 0 -40 1 0 0 0 1 0 0 0 1 6541.dat
0 STEP
1 0 0 24 0 -1 0 0 0 1 0 0 0 -1 99206.dat
1 0 0 24 -20 -1 0 0 0 1 0 0 0 -1 3794b.dat
0 STEP
1 0 0 40 0 1 0 0 0 1 0 0 0 1 3839b.dat
1 71 0 48 0 -1 0 0 0 1 0 0 0 -1 3938.dat
1 0 0 50.9289 7.0711 1 0 0 0 0.707107 0.707107 0 -0.707107 0.707107 3937.dat
1 0 -10 67.8995 -9.8995 1 0 0 0 0.707107 0.707107 0 -0.707107 0.707107 3005.dat
1 0 10 67.8995 -9.8995 1 0 0 0 0.707107 0.707107 0 -0.707107 0.707107 3005.dat
0 STEP
1 71 0 40 -20 -1 0 0 0 1 0 0 0 -1 3938.dat
1 0 0 42.9289 -12.9289 1 0 0 0 0.707107 0.707107 0 -0.707107 0.707107 3937.dat
1 0 -10 59.8995 -29.8995 1 0 0 0 0.707107 0.707107 0 -0.707107 0.707107 3005.dat
1 0 10 59.8995 -29.8995 1 0 0 0 0.707107 0.707107 0 -0.707107 0.707107 3005.dat
0 STEP
1 0 0 24 -60 -1 0 0 0 1 0 0 0 -1 3665.dat
1 72 0 0 -60 1 0 0 0 1 0 0 0 1 4287.dat
0 STEP
1 71 0 -8 0 -1 0 0 0 1 0 0 0 -1 18649.dat
1 72 0 -32 0 1 0 0 0 1 0 0 0 1 3004.dat
0 STEP
1 71 0 -8 -40 0 0 1 0 1 0 -1 0 0 3623.dat
1 71 0 -8 -90 0 0 1 0 1 0 -1 0 0 14418.dat
0 STEP
1 72 0 -32 -20 1 0 0 0 1 0 0 0 1 3005.dat
1 72 0 -32 -40 1 0 0 0 1 0 0 0 1 60477.dat
0 STEP
1 0 0 -40 0 -1 0 0 0 1 0 0 0 -1 3794b.dat
1 0 0 -40 -30 1 0 0 0 1 0 0 0 1 15672.dat
0 STEP
1 15 0 -64 -10 0 0 1 0 1 0 -1 0 0 3004.dat
1 15 0 -72 0 0 0 1 0 1 0 -1 0 0 3070b.dat
1 15 0 -88 0 1 0 0 0 1 0 0 0 1 28192.dat
0 STEP
1 0 -18 10 -30 0 1 0 0 0 -1 -1 0 0 60478.dat
1 71 -34 -10 -20 0 1 0 0 0 1 1 0 0 50950.dat
1 71 -10 0 -40 0 1 0 0 0 1 1 0 0 29119.dat
0 STEP
1 0 18 10 -30 0 -1 0 0 0 1 -1 0 0 60478.dat
1 71 34 -10 -20 0 -1 0 0 0 1 -1 0 0 50950.dat
1 71 10 0 -40 0 -1 0 0 0 1 -1 0 0 29120.dat
0 STEP
1 0 0 18.3205 -121.3398 1 0 0 0 -0.5 0.866025 0 -0.866025 -0.5 01-foot.ldr
0 STEP
0 NOFILE
0 FILE 03-01-thigh.ldr
0 Name: 03-01-thigh.ldr
0 Author: Nathanel Titane // nathanel.titane@gmail.com // All Rights Reserved
1 72 0 0 0 0 0 -1 0 1 0 1 0 0 48170.dat
1 0 0 10 40 0.965926 0 -0.258819 0 1 0 0.258819 0 0.965926 47455.dat
0 STEP
1 72 0 0 -30 1 0 0 0 1 0 0 0 1 32064.dat
1 72 0 0 -50 1 0 0 0 1 0 0 0 1 32064.dat
0 STEP
1 0 -10 24 -10 1 0 0 0 1 0 0 0 1 4287.dat
1 0 10 24 -10 1 0 0 0 1 0 0 0 1 4287.dat
0 STEP
1 71 0 24 10 1 0 0 0 1 0 0 0 1 3938.dat
1 72 0 34 0 -1 0 0 0 0 1 0 1 0 3937.dat
1 72 -10 34 24 0 0 -1 -1 0 0 0 1 0 3665.dat
0 STEP
1 72 -10 -24 -20 0 0 1 0 1 0 -1 0 0 30414.dat
1 72 10 -24 -20 0 0 -1 0 1 0 1 0 0 30414.dat
0 STEP
1 0 0 10 -50 0 0 1 0 1 0 -1 0 0 4519.dat
1 0 0 14 -80 0 -1 0 0 0 -1 1 0 0 32174.dat
0 STEP
1 0 30 -5.3589 -80 0 -1 0 0 0 1 -1 0 0 87994.dat
0 STEP
1 0 -10 -5.359 -80 0 -1 0 0 0 -1 1 0 0 15535.dat
1 0 -18 -5.359 -80 0 -1 0 0 0 -1 1 0 0 4032.dat
1 0 -26 -5.359 -80 0 -1 0 0 0 -1 1 0 0 2654.dat
0 STEP
1 0 10 -5.359 -80 0 1 0 0 0 1 1 0 0 15535.dat
1 0 18 -5.359 -80 0 1 0 0 0 1 1 0 0 4032.dat
1 0 26 -5.359 -80 0 1 0 0 0 1 1 0 0 2654.dat
0 STEP
1 72 0 -48 -10 -1 0 0 0 1 0 0 0 -1 30363.dat
1 72 0 -24 40 -1 0 0 0 1 0 0 0 -1 11203.dat
0 STEP
1 72 -10 -48 -30 0 0 1 0 1 0 -1 0 0 4070.dat
1 72 10 -48 -30 0 0 -1 0 1 0 1 0 0 4070.dat
0 STEP
1 72 -10 -48 -20 0 0 1 0 1 0 -1 0 0 85984.dat
1 72 10 -48 -20 0 0 -1 0 1 0 1 0 0 85984.dat
0 STEP
1 72 0 -48 -50 1 0 0 0 1 0 0 0 1 3937.dat
1 71 0 -43 -58.6603 1 0 0 0 0.5 -0.866026 0 0.866026 0.5 3938.dat
1 0 0 -59 -86.3731 1 0 0 0 0.5 -0.866026 0 0.866026 0.5 2432.dat
0 STEP
1 0 -10 -67.3923 -76.909 0 0 -1 -0.5 -0.866025 0 -0.866025 0.5 0 2555.dat
1 0 10 -67.3923 -76.909 0 0 -1 -0.5 -0.866025 0 -0.866025 0.5 0 2555.dat
0 STEP
1 0 0 -65.4641 -89.5692 0 0 -1 -0.5 -0.866025 0 -0.866025 0.5 0 4871.dat
1 0 0 -77.3923 -94.2295 1 0 0 0 -0.866025 -0.5 0 0.5 -0.866025 3069b.dat
0 STEP
1 0 -30 -44.6795 -101.5693 1 0 0 0 -0.866025 -0.5 0 0.5 -0.866025 3044c.dat
1 0 30 -44.6795 -101.5693 1 0 0 0 -0.866025 -0.5 0 0.5 -0.866025 3044c.dat
0 STEP
1 0 -28 16 -20 0 1 0 -1 0 0 0 0 1 41769.dat
1 0 -28 -24 -20 0 1 0 1 0 0 0 0 -1 41769.dat
0 STEP
1 71 -36 -4 10 0 1 0 1 0 0 0 0 -1 48336.dat
1 71 -36 -4 10 0 1 0 1 0 0 0 0 -1 48336.dat
1 71 -36 6 -20 0 1 0 0 0 -1 -1 0 0 48336.dat
1 71 -36 -14 -20 0 1 0 0 0 1 1 0 0 48336.dat
0 STEP
1 71 -28 -4 -40 0 1 0 -1 0 0 0 0 1 15068.dat
1 71 -44 -4 0 0 1 0 -1 0 0 0 0 1 3068b.dat
1 71 -38.2426 6 34.2426 0.707107 -0.707107 0 0 0 -1 0.707107 0.707107 0 2555.dat
1 71 -38.2426 -14 34.2426 0.707107 -0.707107 0 0 0 -1 0.707107 0.707107 0 2555.dat
0 STEP
1 0 28 -24 -20 0 -1 0 -1 0 0 0 0 -1 41770.dat
1 0 28 16 -20 0 -1 0 1 0 0 0 0 1 41770.dat
1 71 36 -4 0 0 -1 0 0 0 1 -1 0 0 35787.dat
1 71 36 -4 0 0 -1 0 0 0 -1 1 0 0 35787.dat
1 71 36 -4 -40 0 -1 0 0 0 1 -1 0 0 35787.dat
1 71 36 -4 -40 0 -1 0 0 0 -1 1 0 0 35787.dat
0 STEP
1 7 0 24 -110 1 0 0 0 1 0 0 0 1 02-shin.ldr
0 NOFILE
0 FILE 03-02-thigh.ldr
0 Name: 03-02-thigh.ldr
0 Author: Nathanel Titane // nathanel.titane@gmail.com // All Rights Reserved
1 72 0 0 0 0 0 -1 0 1 0 1 0 0 48170.dat
1 0 0 10 40 -0.965926 0 -0.258819 0 1 0 0.258819 0 -0.965926 47455.dat
0 STEP
1 72 0 0 -30 1 0 0 0 1 0 0 0 1 32064.dat
1 72 0 0 -50 1 0 0 0 1 0 0 0 1 32064.dat
0 STEP
1 0 10 24 -10 1 0 0 0 1 0 0 0 1 4287.dat
1 0 -10 24 -10 1 0 0 0 1 0 0 0 1 4287.dat
0 STEP
1 71 0 24 10 1 0 0 0 1 0 0 0 1 3938.dat
1 72 0 34 0 -1 0 0 0 0 1 0 1 0 3937.dat
1 72 10 34 24 0 0 1 1 0 0 0 1 0 3665.dat
0 STEP
1 72 -10 -24 -20 0 0 1 0 1 0 -1 0 0 30414.dat
1 72 10 -24 -20 0 0 -1 0 1 0 1 0 0 30414.dat
0 STEP
1 0 0 10 -50 0 0 1 0 1 0 -1 0 0 4519.dat
1 0 0 14 -80 0 -1 0 0 0 -1 1 0 0 32174.dat
0 STEP
1 0 30 -5.3589 -80 0 -1 0 0 0 1 -1 0 0 87994.dat
0 STEP
1 72 10 -5.359 -80 0 1 0 0 0 1 1 0 0 15535.dat
1 0 18 -5.359 -80 0 1 0 0 0 1 1 0 0 4032.dat
1 0 26 -5.359 -80 0 1 0 0 0 1 1 0 0 2654.dat
0 STEP
1 72 -10 -5.359 -80 0 -1 0 0 0 -1 1 0 0 15535.dat
1 0 -18 -5.359 -80 0 -1 0 0 0 -1 1 0 0 4032.dat
1 0 -26 -5.359 -80 0 -1 0 0 0 -1 1 0 0 2654.dat
0 STEP
1 72 0 -48 -10 -1 0 0 0 1 0 0 0 -1 30363.dat
1 72 0 -24 40 -1 0 0 0 1 0 0 0 -1 11203.dat
0 STEP
1 72 -10 -48 -30 0 0 1 0 1 0 -1 0 0 4070.dat
1 72 10 -48 -30 0 0 -1 0 1 0 1 0 0 4070.dat
0 STEP
1 72 -10 -48 -20 0 0 1 0 1 0 -1 0 0 85984.dat
1 72 10 -48 -20 0 0 -1 0 1 0 1 0 0 85984.dat
0 STEP
1 72 0 -48 -50 1 0 0 0 1 0 0 0 1 3937.dat
1 71 0 -43 -58.6603 1 0 0 0 0.5 -0.866026 0 0.866026 0.5 3938.dat
1 0 0 -59 -86.3731 1 0 0 0 0.5 -0.866026 0 0.866026 0.5 2432.dat
0 STEP
1 0 -10 -67.3923 -76.909 0 0 -1 -0.5 -0.866025 0 -0.866025 0.5 0 2555.dat
1 0 10 -67.3923 -76.909 0 0 -1 -0.5 -0.866025 0 -0.866025 0.5 0 2555.dat
0 STEP
1 0 0 -65.4641 -89.5692 0 0 -1 -0.5 -0.866025 0 -0.866025 0.5 0 4871.dat
1 0 0 -77.3923 -94.2295 1 0 0 0 -0.866025 -0.5 0 0.5 -0.866025 3069b.dat
0 STEP
1 0 -30 -44.6795 -101.5693 1 0 0 0 -0.866025 -0.5 0 0.5 -0.866025 3044c.dat
1 0 30 -44.6795 -101.5693 1 0 0 0 -0.866025 -0.5 0 0.5 -0.866025 3044c.dat
0 STEP
1 0 28 -24 -20 0 -1 0 -1 0 0 0 0 -1 41770.dat
1 0 28 16 -20 0 -1 0 1 0 0 0 0 1 41770.dat
0 STEP
1 71 36 -4 10 0 -1 0 -1 0 0 0 0 -1 48336.dat
1 71 36 -4 10 0 -1 0 -1 0 0 0 0 -1 48336.dat
1 71 36 -14 -20 0 -1 0 0 0 1 -1 0 0 48336.dat
1 71 36 6 -20 0 -1 0 0 0 -1 1 0 0 48336.dat
0 STEP
1 71 28 -4 -40 0 -1 0 1 0 0 0 0 1 15068.dat
1 71 44 -4 0 0 -1 0 1 0 0 0 0 1 3068b.dat
1 71 38.2426 6 34.2426 -0.707107 0.707107 0 0 0 1 0.707107 0.707107 0 2555.dat
1 71 38.2426 -14 34.2426 -0.707107 0.707107 0 0 0 1 0.707107 0.707107 0 2555.dat
0 STEP
1 0 -28 16 -20 0 1 0 -1 0 0 0 0 1 41769.dat
1 0 -28 -24 -20 0 1 0 1 0 0 0 0 -1 41769.dat
0 STEP
1 71 -36 -4 -40 0 1 0 -1 0 0 0 0 1 35787.dat
1 71 -36 -4 -40 0 1 0 1 0 0 0 0 -1 35787.dat
1 71 -36 -4 0 0 1 0 -1 0 0 0 0 1 35787.dat
1 71 -36 -4 0 0 1 0 1 0 0 0 0 -1 35787.dat
0 STEP
1 7 0 24 -110 1 0 0 0 1 0 0 0 1 02-shin.ldr
0 NOFILE
0 FILE 04-waist.ldr
0 Name: 04-waist.ldr
0 Author: Nathanel Titane // nathanel.titane@gmail.com // All Rights Reserved
1 0 0 0 0 1 0 0 0 1 0 0 0 1 48172.dat
0 STEP
1 0 0 24 10 -1 0 0 0 1 0 0 0 -1 3039.dat
1 0 0 24 -10 1 0 0 0 1 0 0 0 1 3747b.dat
0 STEP
1 0 0 0 -30 1 0 0 0 1 0 0 0 1 3039.dat
0 STEP
1 71 -10 48 -10 -1 0 0 0 1 0 0 0 -1 3665.dat
1 71 10 48 -10 -1 0 0 0 1 0 0 0 -1 3665.dat
0 STEP
1 0 0 -24 0 0 0 -1 0 1 0 1 0 0 48171.dat
1 0 -20 -14 0 0 -1 0 0 0 -1 1 0 0 4073.dat
1 0 20 -14 0 0 1 0 0 0 -1 -1 0 0 4073.dat
1 0 0 -14 40 0 -1 0 -0.5 0 -0.866026 0.866026 0 -0.5 47455.dat
1 0 0 -24 -30 1 0 0 0 1 0 0 0 1 3937.dat
0 STEP
1 15 0 -32 0 -1 0 0 0 1 0 0 0 -1 3022.dat
1 71 0 -56 10 -1 0 0 0 1 0 0 0 -1 3660.dat
1 71 0 -56 -10 1 0 0 0 1 0 0 0 1 3660.dat
0 STEP
1 71 0 -80 -10 -1 0 0 0 1 0 0 0 -1 3298.dat
1 71 0 -80 -10 -1 0 0 0 1 0 0 0 -1 85984.dat
1 71 0 -88 -30 1 0 0 0 1 0 0 0 1 2432.dat
0 STEP
1 71 0 48 30 1 0 0 0 1 0 0 0 1 3938.dat
1 0 0 49.3397 25 -1 0 0 0 0.866026 0.5 0 0.5 -0.866026 3937.dat
1 0 -10 70.1244 37.0001 0.5 0 0.866026 0.433013 0.866026 -0.25 -0.75 0.5 0.433012 26047.dat
1 0 10 70.1244 37.0001 0.5 0 -0.866026 -0.433013 0.866026 -0.25 0.75 0.5 0.433012 26047.dat
0 STEP
1 71 -10 77.0526 41 -1 0 0 0 0.866026 0.5 0 0.5 -0.866026 4287.dat
1 71 10 77.0526 41 -1 0 0 0 0.866026 0.5 0 0.5 -0.866026 4287.dat
0 STEP
1 0 0 41.2679 54.9808 0 0 -1 -0.5 0.866026 0 0.866026 0.5 0 4871.dat
1 0 0 60.1243 54.3205 1 0 0 0 0.866026 -0.5 0 0.5 0.866026 85984.dat
1 0 0 50.1243 71.6411 -1 0 0 0 0.866026 0.5 0 0.5 -0.866026 85984.dat
0 STEP
1 0 -30 20.4832 42.9808 0 0 1 0.5 0.866026 0 -0.866026 0.5 0 3937.dat
1 71 -30 20.4832 42.9808 0 0 -1 -0.5 0.866026 0 0.866026 0.5 0 3938.dat
1 15 -30 -26.0861 27.6411 1 0 0 0 0.866026 -0.5 0 0.5 0.866026 60481.dat
1 15 -30 -26.0861 27.6411 0 0 1 0.5 0.866026 0 -0.866026 0.5 0 54200.dat
0 STEP
1 0 30 20.4832 42.9808 0 0 -1 -0.5 0.866026 0 0.866026 0.5 0 3937.dat
1 71 30 20.4832 42.9808 0 0 -1 -0.5 0.866026 0 0.866026 0.5 0 3938.dat
1 15 30 -26.0861 27.6411 1 0 0 0 0.866026 -0.5 0 0.5 0.866026 60481.dat
1 15 30 -26.0861 27.6411 0 0 -1 -0.5 0.866026 0 0.866026 0.5 0 54200.dat
0 STEP
1 72 -31.8205 75.5574 25.5897 -0.433013 -0.75 -0.5 0.875 -0.216507 -0.433012 0.216506 -0.625 0.75 2555.dat
1 72 -63.8014 126.3255 33.5801 0.5 -0.75 -0.433013 0.433013 -0.216507 0.875 -0.75 -0.625 0.216506 13547.dat
1 72 -40.4808 93.0574 29.9198 0.5 -0.75 -0.433013 0.433013 -0.216507 0.875 -0.75 -0.625 0.216506 3070b.dat
1 72 -59.4712 117.5755 31.415 0.433013 -0.75 0.5 -0.875 -0.216507 0.433012 -0.216506 -0.625 -0.75 99563.dat
0 STEP
1 72 31.8205 75.5574 25.5897 0.433013 0.75 -0.5 0.875 -0.216507 0.433012 0.216506 -0.625 -0.75 2555.dat
1 72 63.8013 126.3254 33.5802 0.5 0.75 0.433013 -0.433013 -0.216507 0.875 0.75 -0.625 0.216506 13547.dat
1 72 40.4808 93.0574 29.9198 0.5 0.75 0.433013 -0.433013 -0.216507 0.875 0.75 -0.625 0.216506 3070b.dat
1 72 59.4712 117.5755 31.415 -0.433013 0.75 0.5 -0.875 -0.216507 -0.433012 -0.216506 -0.625 0.75 99563.dat
0 STEP
1 71 0 -21.0711 -37.0711 -1 0 0 0 0.707107 0.707107 0 0.707107 -0.707107 3938.dat
1 71 0 -43.6984 -59.6985 1 0 0 0 0.707107 -0.707107 0 0.707107 0.707107 3660.dat
1 71 0 -26.7279 -42.728 -1 0 0 0 0.707107 0.707107 0 0.707107 -0.707107 3839b.dat
0 STEP
1 71 0 -49.3553 -65.3553 -1 0 0 0 0.707107 0.707107 0 0.707107 -0.707107 48336.dat
1 71 -10 -66.3259 -82.3259 0 0 1 0.707107 0.707107 0 -0.707107 0.707107 0 4070.dat
1 71 10 -66.3259 -82.3259 0 0 -1 -0.707107 0.707107 0 0.707107 0.707107 0 4070.dat
1 71 0 -71.9827 -87.9827 -1 0 0 0 0.707107 0.707107 0 0.707107 -0.707107 3839b.dat
0 STEP
1 71 -10 -46.5269 -90.8112 0 0 1 0.707107 0.707107 0 -0.707107 0.707107 0 6541.dat
1 71 10 -46.5269 -90.8112 0 0 1 0.707107 0.707107 0 -0.707107 0.707107 0 6541.dat
0 STEP
1 71 -10 -77.6396 -93.6396 1 0 0 0 0.707107 -0.707107 0 0.707107 0.707107 28192.dat
1 71 10 -77.6396 -93.6396 1 0 0 0 0.707107 -0.707107 0 0.707107 0.707107 28192.dat
0 STEP
1 72 -20 -39.4558 -83.7401 0 -1 0 0.707107 0 0.707107 -0.707107 0 0.707107 18674.dat
1 71 -28 -39.4558 -83.7401 0 -1 0 0.707107 0 0.707107 -0.707107 0 0.707107 3679.dat
1 72 20 -39.4558 -83.7401 0 1 0 0.707107 0 -0.707107 -0.707107 0 -0.707107 18674.dat
1 71 28 -39.4558 -83.7401 0 1 0 0.707107 0 -0.707107 -0.707107 0 -0.707107 3679.dat
0 STEP
1 0 12 -76.2254 -63.9411 0 -1 0 -0.707107 0 -0.707107 0.707107 0 -0.707107 4085d.dat
1 72 4 -83.2966 -71.0122 0 -1 0 0.707107 0 0.707107 -0.707107 0 0.707107 11477.dat
0 STEP
1 71 4 -90.3677 -78.0834 0 -1 0 0.707107 0 0.707107 -0.707107 0 0.707107 3024.dat
1 0 0 -90.3677 -49.799 -1 0 0 0 -0.707107 -0.707107 0 -0.707107 0.707107 4081b.dat
1 0 0 -90.3677 -49.799 1 0 0 0 -0.707107 0.707107 0 -0.707107 -0.707107 54200.dat
1 0 0 -96.0245 -55.4558 -1 0 0 0 -0.707107 -0.707107 0 -0.707107 0.707107 3005.dat
0 STEP
1 0 -12 -76.2254 -63.9411 0 1 0 0.707107 0 -0.707107 -0.707107 0 -0.707107 4085d.dat
1 72 -4 -83.2966 -71.0122 0 1 0 -0.707107 0 0.707107 0.707107 0 0.707107 11477.dat
0 STEP
1 7 -70.3528 10.3407 -39.9087 0.965926 0 0.258819 0.066987 0.965926 -0.25 -0.25 0.258819 0.933013 03-01-thigh.ldr
0 STEP
1 7 70.3528 10.3407 -39.9087 0.965926 0 -0.258819 -0.066987 0.965926 -0.25 0.25 0.258819 0.933013 03-02-thigh.ldr
0 STEP
0 NOFILE
0 FILE 05-cockpit.ldr
0 Name: 05-cockpit.ldr
0 Author: Nathanel Titane // nathanel.titane@gmail.com // All Rights Reserved
1 72 0 20 10 0 0 -1 0 -1 0 -1 0 0 48169.dat
1 15 -10 -4 0 1 0 0 0 -1 0 0 0 -1 3665.dat
1 15 10 -4 0 1 0 0 0 -1 0 0 0 -1 3665.dat
0 STEP
1 0 -10 28 10 0 0 -1 0 -1 0 -1 0 0 92280.dat
1 0 10 28 10 0 0 -1 0 -1 0 -1 0 0 92280.dat
1 0 0 36 20 1 0 0 0 -1 0 0 0 -1 60470.dat
1 71 -10 44 20 1 0 0 0 -1 0 0 0 -1 24246.dat
1 71 10 44 20 1 0 0 0 -1 0 0 0 -1 24246.dat
0 STEP
1 0 -20 10 10 0 -1 0 0.707107 0 0.707107 -0.707107 0 0.707107 4073.dat
1 0 -28 10 10 0 -1 0 0.707107 0 0.707107 -0.707107 0 0.707107 11253.dat
0 STEP
1 0 20 10 10 0 1 0 -0.707107 0 0.707107 0.707107 0 0.707107 4073.dat
1 0 28 10 10 0 1 0 -0.707107 0 0.707107 0.707107 0 0.707107 11253.dat
0 STEP
1 72 0 64 -6 1 0 0 0 0 1 0 -1 0 11203.dat
1 0 -10 64 2 0 0 1 -1 0 0 0 -1 0 18649.dat
1 0 10 64 2 0 0 1 -1 0 0 0 -1 0 18649.dat
0 STEP
1 0 0 92 40 -1 0 0 0 1 0 0 0 -1 30350b.dat
1 0 0 100 50 -1 0 0 0 1 0 0 0 -1 3022.dat
1 0 -10 108 50 0 0 1 0 1 0 -1 0 0 18649.dat
1 0 10 108 50 0 0 1 0 1 0 -1 0 0 18649.dat
0 STEP
1 72 0 100 50 0 0 1 0 1 0 -1 0 0 4871.dat
1 0 -30 92 50 0 0 1 0 1 0 -1 0 0 60478.dat
1 0 30 92 50 0 0 1 0 1 0 -1 0 0 60478.dat
1 0 30 68 50 0 0 1 0 1 0 -1 0 0 4865b.dat
1 0 -30 68 50 0 0 -1 0 1 0 1 0 0 4865b.dat
0 STEP
1 0 0 124 60 1 0 0 0 1 0 0 0 1 3839b.dat
1 71 0 132 60 -1 0 0 0 1 0 0 0 -1 3938.dat
1 0 0 134.9289 67.0711 1 0 0 0 0.707107 0.707107 0 -0.707107 0.707107 3937.dat
1 0 -10 151.8995 50.1005 1 0 0 0 0.707107 0.707107 0 -0.707107 0.707107 3005.dat
1 0 10 151.8995 50.1005 1 0 0 0 0.707107 0.707107 0 -0.707107 0.707107 3005.dat
0 STEP
1 71 0 124 40 -1 0 0 0 1 0 0 0 -1 3938.dat
1 0 0 126.9289 47.0711 1 0 0 0 0.707107 0.707107 0 -0.707107 0.707107 3937.dat
1 0 -10 143.8995 30.1005 1 0 0 0 0.707107 0.707107 0 -0.707107 0.707107 3005.dat
1 0 10 143.8995 30.1005 1 0 0 0 0.707107 0.707107 0 -0.707107 0.707107 3005.dat
0 STEP
1 0 -10 114.242 15.758 0 0 -1 0.707107 0.707107 0 0.707107 -0.707107 0 2555.dat
1 0 -10 112.828 3.03 1 0 0 0 0.707107 0.707107 0 -0.707107 0.707107 92946.dat
1 0 -10 125.556 4.443 1 0 0 0 0.707107 0.707107 0 -0.707107 0.707107 3665.dat
1 0 10 114.242 15.758 0 0 -1 0.707107 0.707107 0 0.707107 -0.707107 0 2555.dat
1 0 10 112.828 3.03 1 0 0 0 0.707107 0.707107 0 -0.707107 0.707107 92946.dat
1 0 10 125.556 4.443 1 0 0 0 0.707107 0.707107 0 -0.707107 0.707107 3665.dat
0 STEP
1 0 -10 114.2421 84.2431 0 0 1 0.707107 0.707107 0 -0.707107 0.707107 0 2555.dat
1 0 10 114.2421 84.2431 0 0 1 0.707107 0.707107 0 -0.707107 0.707107 0 2555.dat
1 0 0 119.899 89.9 1 0 0 0 0.707107 -0.707107 0 0.707107 0.707107 2540.dat
1 0 -20 135.4554 77.1721 0 1 0 0 0 1 1 0 0 2335.dat
1 25 0 118.4849 102.6271 1 0 0 0 0.707107 -0.707107 0 0.707107 0.707107 3022.dat
1 0 0 94.4432 92.7284 -1 0 0 0 0.707107 0.707107 0 0.707107 -0.707107 3937.dat
0 STEP
1 71 0 91.5142 99.7995 -1 0 0 0 1 0 0 0 -1 3938.dat
1 71 0 83.5142 99.7995 -1 0 0 0 1 0 0 0 -1 3023.dat
1 71 0 75.5142 99.7995 -1 0 0 0 1 0 0 0 -1 3023.dat
1 71 0 67.5142 99.7995 -1 0 0 0 1 0 0 0 -1 14704.dat
1 71 0 59.5142 99.7995 -1 0 0 0 1 0 0 0 -1 3023.dat
1 71 0 51.5142 99.7995 -1 0 0 0 1 0 0 0 -1 3023.dat
1 71 0 51.5142 99.7995 -1 0 0 0 1 0 0 0 -1 85984.dat
0 STEP
1 72 0 112.828 96.97 0 0 1 0.707107 0.707107 0 -0.707107 0.707107 0 4871.dat
1 4 30 107.171 91.314 0 0 -1 -0.707107 0.707107 0 0.707107 0.707107 0 60478.dat
1 72 30 90.2004 74.3434 -1 0 0 0 0.707107 0.707107 0 0.707107 -0.707107 3044c.dat
1 4 -30 107.171 91.314 0 0 -1 -0.707107 0.707107 0 0.707107 0.707107 0 60478.dat
1 72 -30 90.2004 74.3434 -1 0 0 0 0.707107 0.707107 0 0.707107 -0.707107 3044c.dat
0 STEP
1 0 0 136.8696 106.8706 1 0 0 0 0.707107 -0.707107 0 0.707107 0.707107 2540.dat
1 0 -20 152.426 94.1427 0 1 0 0 0 1 1 0 0 2335.dat
1 72 0 122.7275 121.0116 -1 0 0 0 0.707107 0.707107 0 0.707107 -0.707107 32803.dat
0 STEP
1 0 0 32 60 1 0 0 0 1 0 0 0 1 48336.dat
1 40 -10 40 60 1 0 0 0 1 0 0 0 1 3024.dat
1 40 10 40 60 1 0 0 0 1 0 0 0 1 3024.dat
1 0 0 24 60 -1 0 0 0 1 0 0 0 -1 48336.dat
1 0 0 0 60 -1 0 0 0 1 0 0 0 -1 3937.dat
1 71 0 0 60 -1 0 0 0 1 0 0 0 -1 6134.dat
0 STEP
1 0 -10 24.4471 85.7956 0 0 -1 -0.965926 -0.258819 0 -0.258819 0.965926 0 2555.dat
1 0 10 24.4471 85.7956 0 0 -1 -0.965926 -0.258819 0 -0.258819 0.965926 0 2555.dat
1 0 0 5.1286 80.6192 -1 0 0 0 -0.258819 0.965926 0 0.965926 0.258819 32803.dat
1 0 0 5.1286 80.6192 -1 0 0 0 -0.258819 0.965926 0 0.965926 0.258819 85984.dat
0 STEP
1 0 -10 -8 40 0 0 1 0 1 0 -1 0 0 28192.dat
1 0 -10 -8 60 0 0 1 0 1 0 -1 0 0 28192.dat
1 0 10 -8 40 0 0 -1 0 1 0 1 0 0 28192.dat
1 0 10 -8 60 0 0 -1 0 1 0 1 0 0 28192.dat
0 STEP
1 25 -30 16 50 0 0 1 0 1 0 -1 0 0 3023.dat
1 0 -30 24 50 0 0 -1 0 1 0 1 0 0 44302a.dat
1 25 30 16 50 0 0 -1 0 1 0 1 0 0 3023.dat
1 0 30 24 50 0 0 -1 0 1 0 1 0 0 44302a.dat
0 STEP
1 0 30 32 50 0 0 -1 0 1 0 1 0 0 44728.dat
1 0 -30 32 50 0 0 1 0 1 0 -1 0 0 44728.dat
0 STEP
1 0 -52 42 50 0 1 0 0 0 1 1 0 0 48336.dat
1 72 -60 52 50 0 1 0 0 0 1 1 0 0 87580.dat
1 0 -52 62 50 0 1 0 0 0 -1 -1 0 0 2540.dat
1 0 -50 82 30 -0.707107 0 -0.707107 -0.707107 0 0.707107 0 1 0 44676.dat
0 STEP
1 0 52 42 50 0 -1 0 0 0 1 -1 0 0 48336.dat
1 72 60 52 50 0 -1 0 0 0 -1 1 0 0 87580.dat
1 0 52 62 50 0 -1 0 0 0 -1 1 0 0 2540.dat
1 0 50.0001 82 30 -0.707107 0 0.707107 0.707107 0 0.707107 0 1 0 44676.dat
0 STEP
1 0 -30 88 20 0 0 -1 0 -1 0 -1 0 0 2555.dat
1 72 -30 80 10 -1 0 0 0 -1 0 0 0 1 92946.dat
1 71 -30 72 10 0 0 1 0 -1 0 1 0 0 3938.dat
1 15 -30 72 10 0 0 1 0 -1 0 1 0 0 3937.dat
1 15 -30 48 20 -1 0 0 0 -1 0 0 0 1 3665.dat
0 STEP
1 0 30 88 20 0 0 -1 0 -1 0 -1 0 0 2555.dat
1 72 30 80 10 -1 0 0 0 -1 0 0 0 1 92946.dat
1 71 30 72 10 0 0 1 0 -1 0 1 0 0 3938.dat
1 15 30 72 10 0 0 -1 0 -1 0 -1 0 0 3937.dat
1 15 30.0001 48 20 -1 0 0 0 -1 0 0 0 1 3665.dat
0 STEP
1 0 -30 56 78 0 0 -1 -1 0 0 0 1 0 44301a.dat
1 0 30 56 78 0 0 -1 -1 0 0 0 1 0 44301a.dat
0 STEP
1 0 -40 56 70 -1 0 0 0 0 1 0 1 0 3068b.dat
1 0 -50 56 78 0 0 1 1 0 0 0 1 0 60478.dat
1 0 40 56 70 -1 0 0 0 0 1 0 1 0 3068b.dat
1 0 50 56 78 0 0 1 1 0 0 0 1 0 60478.dat
0 STEP
1 0 -40 56 86 -1 0 0 0 0 1 0 1 0 48169.dat
1 0 -40 76 96 -1 0 0 0 1 0 0 0 -1 4073.dat
1 0 40 56 86 1 0 0 0 0 -1 0 1 0 48169.dat
1 0 40 76 96 1 0 0 0 1 0 0 0 1 4073.dat
0 STEP
1 4 -50 66 110 -1 0 0 0 0 1 0 1 0 3024.dat
1 4 -30 66 110 1 0 0 0 0 -1 0 1 0 61252.dat
1 4 50 66 110 -1 0 0 0 0 1 0 1 0 3024.dat
1 4 30 66 110 1 0 0 0 0 -1 0 1 0 61252.dat
0 STEP
1 72 -40 26 102 -1 0 0 0 0 1 0 1 0 32803.dat
1 72 -40 26 102 -1 0 0 0 0 1 0 1 0 85984.dat
1 72 40 26 102 -1 0 0 0 0 1 0 1 0 32803.dat
1 72 40 26 102 -1 0 0 0 0 1 0 1 0 85984.dat
0 STEP
1 71 -54.2426 17.7574 60 -0.707107 -0.707107 0 0.707107 -0.707107 0 0 0 1 2555.dat
1 71 54.2426 17.7574 60 -0.707107 0.707107 0 -0.707107 -0.707107 0 0 0 1 2555.dat
1 71 -40.1005 3.6152 70 0 -0.707107 -0.707107 0 -0.707107 0.707107 -1 0 0 32803.dat
1 71 40.1005 3.6152 70 0 0.707107 0.707107 0 -0.707107 0.707107 1 0 0 32803.dat
1 71 -59.8995 12.1005 80 0 -0.707107 0.707107 0 -0.707107 -0.707107 1 0 0 54200.dat
1 71 59.8995 12.1005 80 0 0.707107 -0.707107 0 -0.707107 -0.707107 -1 0 0 54200.dat
1 71 -34.4436 9.2721 70 0 -0.707107 -0.707107 0 -0.707107 0.707107 -1 0 0 99563.dat
1 71 34.4437 9.2721 70 0 0.707107 0.707107 0 -0.707107 0.707107 1 0 0 99563.dat
0 STEP
1 71 0 58.1932 137.7592 1 0 0 0 0.984808 -0.173648 0 0.173648 0.984808 08-head.ldr
0 STEP
1 0 -120 46 61.359 0.866025 0 0.5 0 1 0 -0.5 0 0.866025 09-01-arm.ldr
1 0 120 46 61.359 0.866025 0 -0.5 0 1 0 0.5 0 0.866025 09-02-arm.ldr
0 STEP
0 NOFILE
0 FILE 08-head.ldr
0 Name: 08-head.ldr
0 Author: Nathanel Titane // nathanel.titane@gmail.com // All Rights Reserved
1 72 0 0 0 1 0 0 0 1 0 0 0 1 4070.dat
1 72 0 0 20 0 0 1 0 1 0 -1 0 0 47905.dat
0 STEP
1 72 0 24 0 -1 0 0 0 1 0 0 0 -1 3665.dat
0 STEP
1 72 0 10 -10 1 0 0 0 1 0 0 0 1 22484.dat
0 STEP
1 72 0 -24 20 1 0 0 0 1 0 0 0 1 87087.dat
1 0 0 -32 30 0 0 1 0 1 0 -1 0 0 3794b.dat
1 72 0 -24 40 0 0 1 0 1 0 -1 0 0 47905.dat
0 STEP
1 72 0 0 40 0 0 1 0 1 0 -1 0 0 3005.dat
1 0 0 26 40 0 0 -1 1 0 0 0 -1 0 2780.dat
0 STEP
1 72 0 52 40 0 0 -1 0 -1 0 -1 0 0 3005.dat
1 40 0 52 40 -1 0 0 0 -1 0 0 0 1 54200.dat
0 STEP
1 15 0 -40 30 0 0 1 0 1 0 -1 0 0 35480.dat
1 71 0 -48 40 -1 0 0 0 1 0 0 0 -1 24246.dat
1 71 0 -48 20 1 0 0 0 1 0 0 0 1 24246.dat
0 STEP
1 43 0 -14 2 0 0 1 1 0 0 0 1 0 3024.dat
1 0 0 -14 -6 0 0 1 1 0 0 0 1 0 3024.dat
1 71 0 -14 -6 -1 0 0 0 0 1 0 1 0 54200.dat
0 STEP
1 0 -18 -5.3397 45 0 1 0 -0.866025 0 -0.5 -0.5 0 0.866025 35480.dat
1 71 -26 -14 40 0 1 0 -0.5 0 0.866025 0.866025 0 0.5 24246.dat
1 71 -10 11.9808 55 0 1 0 0.5 0 -0.866026 -0.866026 0 -0.5 29120.dat
0 STEP
1 0 18 -5.3397 45 0 -1 0 -0.866025 0 0.5 -0.5 0 -0.866025 35480.dat
1 71 26 -14 40 0 -1 0 0.5 0 0.866025 -0.866025 0 0.5 24246.dat
1 71 10 11.9808 55 0 -1 0 -0.5 0 -0.866025 0.866025 0 -0.5 29119.dat
0 STEP
1 0 -18 18.6603 25 0 1 0 0.866025 0 0.5 0.5 0 -0.866025 60478.dat
1 0 -18 11.3397 -2.3205 0 1 0 -0.866025 0 -0.5 -0.5 0 0.866025 3023.dat
0 STEP
1 71 -10 -5.9808 -12.3205 0 1 0 -0.5 0 0.866025 0.866025 0 0.5 29119.dat
1 72 -10 1.3397 15 0 1 0 -0.5 0 0.866025 0.866025 0 0.5 29120.dat
1 15 -26 37.3205 12.6795 0 1 0 -0.866025 0 -0.5 -0.5 0 0.866025 27263.dat
0 STEP
1 0 18 18.6603 25 0 -1 0 0.866025 0 -0.5 0.5 0 0.866025 60478.dat
1 0 18 11.3397 -2.3205 0 -1 0 -0.866025 0 0.5 -0.5 0 -0.866025 3023.dat
0 STEP
1 71 10 -5.9808 -12.3205 0 -1 0 0.5 0 0.866025 -0.866025 0 0.5 29120.dat
1 72 10 1.3397 15 0 -1 0 0.5 0 0.866025 -0.866025 0 0.5 29119.dat
1 15 26 37.3205 12.6795 0 -1 0 -0.5 0 -0.866025 0.866025 0 -0.5 27263.dat
0 STEP
1 0 -22 44.641 40 0 -1 0 0.866025 0 -0.5 0.5 0 0.866025 2555.dat
1 0 -30 44.641 40 0 -1 0 0.866025 0 -0.5 0.5 0 0.866025 4081b.dat
1 0 -32 47.7129 18.6795 0 0 1 0.5 0.866025 0 -0.866025 0.5 0 30374.dat
1 72 -38 44.641 40 0 -1 0 -0.5 0 -0.866025 0.866025 0 -0.5 99774.dat
0 NOFILE
0 FILE 09-01-arm.ldr
0 Name: 09-01-arm.ldr
0 Author: Nathanel Titane // nathanel.titane@gmail.com // All Rights Reserved
1 72 0 0 0 0 0 -1 0 1 0 1 0 0 48170.dat
1 72 -20 10 0 0 -1 0 0 0 -1 1 0 0 4073.dat
1 72 20 10 0 0 1 0 0 0 1 1 0 0 4073.dat
1 0 0 10 40 0.866025 0 -0.5 0 1 0 0.5 0 0.866025 47455.dat
0 STEP
1 71 -10 24 10 1 0 0 0 1 0 0 0 1 4287.dat
1 71 10 24 10 1 0 0 0 1 0 0 0 1 4287.dat
0 STEP
1 72 0 0 -30 1 0 0 0 1 0 0 0 1 85943.dat
1 0 0 10 -60 0 -1 0 0 0 1 -1 0 0 53585.dat
1 0 0 10 -60 1 0 0 0 0 1 0 -1 0 3705.dat
0 STEP
1 0 -20 10 -60 0 -1 0 0 0 1 -1 0 0 15535.dat
1 0 -28 10 -60 0 -1 0 0 0 1 -1 0 0 4032.dat
1 0 -36 10 -60 0 -1 0 0 0 1 -1 0 0 2654.dat
0 STEP
1 0 20 10 -60 0 1 0 0 0 1 1 0 0 15535.dat
1 0 28 10 -60 0 1 0 0 0 1 1 0 0 4032.dat
1 0 36 10 -60 0 1 0 0 0 1 1 0 0 2654.dat
0 STEP
1 15 0 -8 10 1 0 0 0 1 0 0 0 1 3023.dat
1 72 0 -32 10 -1 0 0 0 1 0 0 0 -1 3937.dat
1 71 0 -22 20 -1 0 0 0 0 -1 0 -1 0 3938.dat
0 STEP
1 72 0 -24 -10 1 0 0 0 1 0 0 0 1 3039.dat
1 72 -10 -24 -10 0 0 1 0 1 0 -1 0 0 54200.dat
1 72 10 -24 -10 0 0 -1 0 1 0 1 0 0 54200.dat
0 STEP
1 71 -10 -22 44 0 0 1 -1 0 0 0 -1 0 3665.dat
1 71 10 -22 44 0 0 -1 1 0 0 0 -1 0 4070.dat
1 71 -30 -22 52 0 0 -1 1 0 0 0 -1 0 3024.dat
1 71 0 -22 52 0 0 -1 1 0 0 0 -1 0 15672.dat
0 STEP
1 0 -20 -22 76 1 0 0 0 0 1 0 -1 0 3298.dat
1 0 -20 -52 52 1 0 0 0 0 1 0 -1 0 11203.dat
0 STEP
1 0 -30 -2 100 1 0 0 0 0 1 0 -1 0 28192.dat
1 0 -10 -2 100 1 0 0 0 0 1 0 -1 0 28192.dat
1 71 -30 8 92 0 0 1 -1 0 0 0 -1 0 6134.dat
0 STEP
1 0 -30 18 100 -1 0 0 0 0 -1 0 -1 0 28192.dat
1 0 -10 18 100 -1 0 0 0 0 -1 0 -1 0 28192.dat
0 STEP
1 0 -10 38 76 0 0 1 -1 0 0 0 -1 0 3665.dat
0 STEP
1 71 0 38 52 0 0 -1 1 0 0 0 -1 0 15672.dat
1 71 -10 38 44 0 0 1 -1 0 0 0 -1 0 4070.dat
1 71 10 38 44 0 0 -1 1 0 0 0 -1 0 4070.dat
0 STEP
1 0 -22.929 8 89.0711 0 -0.707107 0.707107 -1 0 0 0 -0.707107 -0.707107 3937.dat
1 72 -39.8995 8 72.1005 0 -0.707107 0.707107 -1 0 0 0 -0.707107 -0.707107 48336.dat
1 0 -45.5564 18 66.4437 0 -0.707107 0.707107 -1 0 0 0 -0.707107 -0.707107 3005.dat
1 0 -45.5564 -2 66.4437 0 -0.707107 0.707107 -1 0 0 0 -0.707107 -0.707107 3005.dat
0 STEP
1 72 0 23.8564 -68 1 0 0 0 0.866025 0.5 0 -0.5 0.866026 11-01-forearm.ldr
0 NOFILE
0 FILE 09-02-arm.ldr
0 Name: 09-02-arm.ldr
0 Author: Nathanel Titane // nathanel.titane@gmail.com // All Rights Reserved
1 72 0 0 0 0 0 -1 0 1 0 1 0 0 48170.dat
1 72 -20 10 0 0 -1 0 0 0 -1 1 0 0 4073.dat
1 72 20 10 0 0 1 0 0 0 1 1 0 0 4073.dat
1 0 0 10 40 -0.866025 0 -0.5 0 1 0 0.5 0 -0.866025 47455.dat
0 STEP
1 71 -10 24 10 1 0 0 0 1 0 0 0 1 4287.dat
1 71 10 24 10 1 0 0 0 1 0 0 0 1 4287.dat
0 STEP
1 72 0 0 -30 1 0 0 0 1 0 0 0 1 85943.dat
1 0 0 10 -60 0 -1 0 0 0 1 -1 0 0 53585.dat
1 0 0 10 -60 1 0 0 0 0 1 0 -1 0 3705.dat
0 STEP
1 0 -20 10 -60 0 -1 0 0 0 1 -1 0 0 15535.dat
1 0 -28 10 -60 0 -1 0 0 0 1 -1 0 0 4032.dat
1 0 -36 10 -60 0 -1 0 0 0 1 -1 0 0 2654.dat
0 STEP
1 0 20 10 -60 0 1 0 0 0 1 1 0 0 15535.dat
1 0 28 10 -60 0 1 0 0 0 1 1 0 0 4032.dat
1 0 36 10 -60 0 1 0 0 0 1 1 0 0 2654.dat
0 STEP
1 15 0 -8 10 1 0 0 0 1 0 0 0 1 3023.dat
1 72 0 -32 10 -1 0 0 0 1 0 0 0 -1 3937.dat
1 71 0 -22 20 1 0 0 0 0 1 0 -1 0 3938.dat
0 STEP
1 72 0 -24 -10 1 0 0 0 1 0 0 0 1 3039.dat
1 72 -10 -24 -10 0 0 1 0 1 0 -1 0 0 54200.dat
1 72 10 -24 -10 0 0 -1 0 1 0 1 0 0 54200.dat
0 STEP
1 71 10 -22 44 0 0 -1 1 0 0 0 -1 0 3665.dat
1 71 -10 -22 44 0 0 1 -1 0 0 0 -1 0 4070.dat
1 71 30 -22 52 0 0 1 -1 0 0 0 -1 0 3024.dat
1 71 0 -22 52 0 0 1 -1 0 0 0 -1 0 15672.dat
0 STEP
1 0 20 -22 76 1 0 0 0 0 1 0 -1 0 3298.dat
1 0 20 -52 52 1 0 0 0 0 1 0 -1 0 11203.dat
0 STEP
1 0 30 -2 100 1 0 0 0 0 1 0 -1 0 28192.dat
1 0 10 -2 100 1 0 0 0 0 1 0 -1 0 28192.dat
1 71 30 8 92 0 0 -1 1 0 0 0 -1 0 6134.dat
0 STEP
1 0 30 18 100 -1 0 0 0 0 -1 0 -1 0 28192.dat
1 0 10 18 100 -1 0 0 0 0 -1 0 -1 0 28192.dat
0 STEP
1 0 10 38 76 0 0 -1 1 0 0 0 -1 0 3665.dat
0 STEP
1 71 0 38 52 0 0 1 -1 0 0 0 -1 0 15672.dat
1 71 -10 38 44 0 0 1 -1 0 0 0 -1 0 4070.dat
1 71 10 38 44 0 0 -1 1 0 0 0 -1 0 4070.dat
0 STEP
1 0 22.929 8 89.0711 0 0.707107 -0.707107 1 0 0 0 -0.707107 -0.707107 3937.dat
1 72 39.8995 8 72.1005 0 0.707107 -0.707107 1 0 0 0 -0.707107 -0.707107 48336.dat
1 0 45.5564 18 66.4437 0 0.707107 -0.707107 1 0 0 0 -0.707107 -0.707107 3005.dat
